150
1	308	1	Active_channel_mask
0.0	122.76	36	0
6.74	112.74	36	0
8.1	112.78	36	0
10.79	112.61	36	0
19.67	110.88	36	0
36.07	107.31	36	0
49.14	104.57	36	0
70.36	103.79	36	0
75.63	100.8	36	0
87.73	99.45	36	0
101.81	98.12	36	0
102.59	98.31	36	0
104.37	96.62	36	0
106.93	96.72	36	0
108.35	97.82	36	0
111.61	97.66	36	0
114.48	96.87	36	0
156.78	96.94	36	0
191.69	96.87	36	0
224.32	97.03	36	0
253.57	97.29	36	0
275.31	97.24	36	0
291.15	97.5	36	0
302.62	97.67	36	0
311.99	96.27	36	0
323.92	96.7	36	0
361.17	96.94	36	1
363.3	96.19	36	1
371.55	96.08	36	1
375.19	96.75	36	1
402.92	96.95	36	1
436.49	96.59	36	1
469.65	96.69	36	1
472.61	96.43	36	1
497.2	96.48	36	1
512.07	96.79	36	1
513.28	96.35	36	1
514.28	96.15	36	1
515.28	96.05	36	1
516.28	96.08	36	1
517.28	96.08	36	1
518.28	96.05	36	1
519.28	96.08	36	1
520.28	96.05	36	1
521.28	96.04	36	1
522.28	96.07	36	1
523.28	96.11	36	1
524.28	96.16	36	1
525.28	96.11	36	1
526.28	96.17	36	1
527.28	96.17	36	1
528.28	96.11	36	1
529.28	96.15	36	1
530.28	96.19	36	1
531.28	96.12	36	1
532.28	96.16	36	1
533.28	96.1	36	1
534.28	96.14	36	1
535.28	96.18	36	1
536.28	96.12	36	1
537.28	96.07	36	1
538.28	96.1	36	1
539.28	96.04	36	1
540.28	96.07	36	1
541.28	96.02	36	1
542.28	96.06	36	1
543.28	96.09	36	1
544.28	96.03	36	1
545.28	96.06	36	1
546.28	96.0	36	1
547.28	96.04	36	1
548.28	96.08	36	1
549.28	96.02	36	1
550.28	96.06	36	1
551.28	96.09	36	1
552.28	96.03	36	1
553.28	96.12	36	1
554.28	96.32	36	1
555.28	96.51	36	1
556.28	96.81	36	1
556.63	96.89	36	1
566.25	96.85	36	1
574.88	97.11	36	1
582.23	96.88	36	1
586.63	96.37	36	1
591.82	97.12	36	1
601.73	97.56	36	1
616.63	96.87	36	1
632.87	97.22	36	1
640.66	96.85	36	1
641.66	96.78	36	1
642.66	96.75	36	1
643.66	96.63	36	1
644.66	96.6	36	1
645.66	96.57	36	1
646.66	96.45	36	1
647.66	96.41	36	1
648.66	96.39	36	1
649.66	96.27	36	1
650.66	96.23	36	1
651.66	96.11	36	1
652.66	96.1	36	1
653.66	96.18	36	1
654.66	96.16	36	1
655.66	96.14	36	1
656.66	96.12	36	1
657.66	96.13	36	1
658.66	96.03	36	1
659.66	95.92	36	1
660.66	95.86	36	1
661.66	95.72	36	1
662.66	95.67	36	1
663.66	95.57	36	1
664.66	95.43	36	1
665.66	95.33	36	1
666.66	95.26	36	1
667.66	95.19	36	1
668.66	95.06	36	1
669.66	94.97	36	1
670.66	94.83	36	1
671.66	94.86	36	1
672.66	94.96	36	1
673.66	94.87	36	1
674.66	94.94	36	1
675.66	95.01	36	1
676.66	95.12	36	1
677.66	95.24	36	1
678.66	95.37	36	1
679.66	95.46	36	1
680.66	95.57	36	1
681.66	95.61	36	1
682.66	95.76	36	1
683.66	95.86	36	1
684.66	95.77	36	1
685.66	95.67	36	1
686.66	95.89	36	1
687.66	95.78	36	1
688.66	95.83	36	1
689.66	95.69	36	1
690.66	95.72	36	1
691.66	95.52	36	1
692.66	95.67	36	1
693.66	95.77	36	1
694.66	95.66	36	1
695.66	95.6	36	1
696.66	95.76	36	1
697.66	95.67	36	1
698.66	95.8	36	1
699.66	95.64	36	1
700.66	95.56	36	1
701.66	95.69	36	1
702.66	95.75	36	1
703.66	95.62	36	1
704.66	95.7	36	1
705.66	95.52	36	1
706.66	95.71	36	1
707.66	95.64	36	1
708.66	95.72	36	1
709.66	95.64	36	1
710.66	95.54	36	1
711.66	95.64	36	1
712.66	95.72	36	1
713.66	95.83	36	1
714.66	95.97	36	1
715.66	96.01	36	1
716.66	96.06	36	1
717.66	96.13	36	1
718.66	96.2	36	1
719.66	96.27	36	1
720.66	96.34	36	1
721.66	96.42	36	1
722.66	96.49	36	1
723.66	96.56	36	1
724.66	96.63	36	1
725.66	96.7	36	1
726.66	96.78	36	1
727.66	96.85	36	1
727.75	96.85	36	1
741.05	97.18	36	1
755.65	97.26	36	1
772.1	96.93	36	1
775.72	96.84	36	1
786.47	97.25	36	1
797.18	96.71	36	1
801.64	96.77	36	1
811.7	96.97	36	1
824.2	97.54	36	1
853.83	97.73	36	1
855.3	97.38	36	1
858.31	97.2	36	1
866.14	97.5	36	1
879.21	97.87	36	1
887.74	97.78	36	1
920.46	97.78	36	1
942.58	97.07	36	1
968.14	97.05	36	1
975.79	98.29	36	1
985.87	98.22	36	1
1006.0	98.33	36	1
1038.42	98.32	36	1
1040.88	96.28	36	1
1041.88	96.01	36	1
1042.88	95.71	36	1
1043.88	95.69	36	1
1044.88	95.66	36	1
1045.88	95.72	36	1
1046.88	95.78	36	1
1047.88	95.78	36	1
1048.88	95.82	36	1
1049.88	95.88	36	1
1050.88	95.91	36	1
1051.88	95.91	36	1
1052.88	96.0	36	1
1053.88	96.1	36	1
1054.88	96.18	36	1
1055.88	96.18	36	1
1056.3	96.21	36	1
1064.8	96.66	36	1
1076.31	96.72	36	1
1079.53	96.17	36	1
1081.26	97.47	36	1
1146.04	97.13	36	1
1205.24	97.41	36	1
1216.35	96.74	36	1
1238.03	96.99	36	1
1240.93	97.53	36	1
1253.67	97.34	36	1
1256.8	96.8	36	1
1265.72	97.84	36	1
1277.5	97.81	36	1
1292.54	97.4	36	1
1323.65	97.2	36	1
1371.83	97.16	36	0
1389.8	97.0	36	0
1408.44	96.88	36	0
1421.54	96.73	36	0
1422.6	96.39	36	0
1426.67	96.45	36	0
1437.81	94.89	36	0
1439.87	96.03	36	0
1445.36	96.16	36	0
1448.59	97.21	36	0
1471.04	97.31	36	0
1480.87	97.41	36	0
1507.72	97.25	36	0
1527.08	97.11	36	0
1533.2	96.5	36	0
1553.3	96.38	36	0
1556.76	95.55	36	0
1559.13	95.5	36	0
1560.95	96.15	36	0
1574.85	96.03	36	0
1575.34	95.35	36	0
1578.56	95.28	36	0
1579.55	96.03	36	0
1601.74	96.93	36	0
1602.25	96.91	36	0
1627.14	96.85	36	0
1652.77	97.17	36	0
1664.99	97.32	36	0
1679.55	97.25	36	0
1699.97	97.35	36	0
1723.1	96.76	36	0
1746.66	97.11	36	0
1776.83	97.31	36	0
1804.52	97.21	36	0
1830.78	97.11	36	0
1849.74	96.71	36	0
1854.07	97.2	36	0
1882.3	97.14	36	0
1910.38	96.23	36	0
1912.86	97.23	36	0
1916.08	96.94	36	0
1930.27	97.04	36	0
1953.04	97.14	36	0
1976.08	97.18	36	0
2006.21	97.56	36	0
2013.78	97.73	36	0
2024.6	97.68	36	0
2074.13	97.51	36	0
2100.01	97.74	36	0
2147.73	98.06	36	0
2196.71	98.38	36	0
2240.03	98.33	36	0
2287.79	98.84	36	0
2322.29	98.55	36	0
2364.16	98.36	36	0
2392.04	98.5	36	0
2431.52	98.25	36	0
2435.92	98.29	36	0
2463.39	98.28	36	0
2479.07	98.03	36	0
2513.14	98.23	36	0
2516.37	99.19	36	0
2565.45	98.56	36	0
2599.73	98.87	36	0
2633.96	99.02	36	0
2666.83	99.01	36	0
2696.18	98.74	36	0
2699.03	98.65	36	0
2724.4	98.74	36	0
2738.82	102.97	36	0
2741.29	104.47	36	0
2749.34	108.48	36	0
2760.38	115.83	36	0
2761.68	115.94	36	0
2762.36	115.94	36	0
2768.58	126.1	36	0
