"yyyy/mm/dd","1","2","3","4","5","6","7","8","9","10","11","12","13","14","15","16","17","18","19","20","21","22","23","24","25","26","27","28","29","30","31","32","33","34","35","36","37","38","39","40","41","42","43","44","45","46","47","48","49","50","51","52","53","54","55","56","57","58","59","60","61","62","63","64","65","66","67","68","69","70","71","72"
2004-01-01,230.69765194591,230.69765194591,230.69765194591,234.326846917994,235.185234816318,238.137452801596,248.417117768022,249.648761235595,250.414873587721,290.897673338821,290.897673338821,310.258070711717,310.258070711717,322.253194389382,322.253194389382,328.421338286361,328.421338286361,328.421338286361,329.107906882869,347.052777944046,347.052777944046,362.798844213478,362.798844213478,363.533262661971,364.554409154821,366.009105078614,366.009105078614,368.964454029015,369.812463272894,383.79509757803,505.106449908992,505.106449908992,509.236072439368,512.902645270785,516.445844443591,518.667557725649,518.667557725649,1038.19718503875,1038.19718503875,1060.43545878499,1064.86562188875,1065.91172450877,1068.02221878176,1103.27001745659,1119.68478484023,1377.29751321788,1454.92470389043,1461.19058801398,1463.77132634309,1465.02483201324,1482.64555500539,1483.33826213112,1485.0260842407,1485.76029516644,1485.76029516644,1491.68431904754,1491.68431904754,1582.46436441352,1582.46436441352,1583.06608204928,1597.29598749116,1632.3406477568,1658.07906090852,1692.40562378996,1888.42654314686,1943.49061571707,1943.49061571707,32.6857608587352,118.963786190589,39.3863774603872,90.0796943264752,194.633885858748
2004-01-02,227.684382442269,227.684382442269,227.684382442269,231.285992167028,232.120859908304,235.338722794041,245.550664921443,246.826002461411,247.708489485683,287.214629688694,287.214629688694,306.121517602651,306.121517602651,317.940673337876,317.940673337876,324.392032040615,324.392032040615,324.392032040615,325.032152613436,342.688468327813,342.688468327813,358.978982352431,358.978982352431,359.872300400156,360.863109852767,362.77376006859,362.77376006859,365.929513043247,366.795301818688,380.677666544845,498.431765762891,498.431765762891,502.697321105968,506.382764967178,510.182334797848,512.610554256683,512.610554256683,1025.20444078975,1025.20444078975,1047.53929606443,1052.09360221347,1053.18066298342,1055.27131751325,1090.52441570547,1106.93037116711,1361.96382533902,1438.61078691592,1444.78952201623,1447.36220028921,1448.62355814109,1465.83068322618,1466.49970216728,1468.14469213465,1468.85337135545,1468.85337135545,1474.62756537218,1474.62756537218,1561.93587012268,1561.93587012268,1562.53308549307,1576.32506797716,1610.11169645722,1635.31203905032,1668.87392986952,1863.47860941615,1916.37738416289,1916.37738416289,31.7560286145354,115.11764417997,38.9588683588781,86.5955494911379,193.175146255854
2004-01-03,224.176524293254,224.176524293254,224.176524293254,227.7436461387,228.553513488685,231.94739057314,242.07238710831,243.37224706233,244.347181208559,282.862528074912,282.862528074912,301.225376064313,301.225376064313,312.786542249596,312.786542249596,319.417522274506,319.417522274506,319.417522274506,320.018679089321,337.340295235345,337.340295235345,353.887415746859,353.887415746859,354.91922704165,355.873038769659,358.005906718439,358.005906718439,361.240566463923,362.112276135423,375.727675285446,489.712443403182,489.712443403182,494.115900447745,497.704099822799,501.620601297823,504.116348419697,504.116348419697,1004.80678613831,1004.80678613831,1026.92232101965,1031.43614931087,1032.58681630191,1034.75708794013,1068.91686545049,1085.33172852119,1336.11694467048,1411.07016658329,1417.39509528191,1420.05369542394,1421.39962457321,1438.15159656191,1439.04081688148,1440.86390920264,1441.75196375651,1441.75196375651,1447.39548315589,1447.39548315589,1531.31383974505,1531.31383974505,1532.02615900547,1545.73588792829,1578.28820252533,1603.28190315716,1636.38176101722,1829.83716669862,1880.77349363095,1880.77349363095,30.886375916755,111.095464580839,38.0792325504532,82.8980710606328,191.647865880552
2004-01-04,220.340796654986,220.340796654986,220.340796654986,223.854806759128,224.63605340457,228.137271291184,238.162760263091,239.473989144267,240.515707544932,278.048458024942,278.048458024942,295.876445442513,295.876445442513,307.123266926339,307.123266926339,313.832131808999,313.832131808999,313.832131808999,314.396292289265,331.404651335018,331.404651335018,347.992793520592,347.992793520592,349.114939005374,350.032976672782,352.335801766107,352.335801766107,355.619354402175,356.485276042025,369.771965452008,480.053362420683,480.053362420683,484.509417559825,488.02220017853,492.019054668232,494.578640956463,494.578640956463,982.507851112866,982.507851112866,1004.19513414081,1008.65765990583,1009.79741420432,1011.96586359288,1045.0894172887,1061.18786621678,1307.04862154699,1380.10355687405,1386.38185128634,1389.04025364881,1390.39457253642,1406.6435617564,1407.60747040471,1409.4872642611,1410.43868409415,1410.43868409415,1415.95489372095,1415.95489372095,1496.39178815223,1496.39178815223,1497.14774146943,1510.59442020799,1541.92965806647,1566.53716128508,1599.02096684174,1790.97533944683,1839.99110622426,1839.99110622426,30.0691658995385,107.260251212051,37.1534171588752,79.2823770155452,189.919378585899
2004-01-05,216.30978714491,216.30978714491,216.30978714491,219.756117509908,220.506442666351,224.056648306141,233.971865422819,235.282353478253,236.369091192047,272.930239268266,272.930239268266,290.239415633759,290.239415633759,301.151622874963,301.151622874963,307.866337677684,307.866337677684,307.866337677684,308.396515666099,325.096724019735,325.096724019735,341.58013874652,341.58013874652,342.758576592568,343.638237303574,346.049628179698,346.049628179698,349.345745568914,350.199327528372,363.123083803937,469.832129002037,469.832129002037,474.282504089905,477.708365813831,481.811043578353,484.45416239265,484.45416239265,959.451219515518,959.451219515518,980.649919746997,985.24321271539,986.365050684512,988.501309984226,1020.48964824742,1036.13642390939,1276.56849545478,1347.6661691311,1353.83300320694,1356.45409317079,1357.78428433031,1373.51320448092,1374.50156885544,1376.38901698499,1377.35928205534,1377.35928205534,1382.75318938397,1382.75318938397,1459.82812605565,1459.82812605565,1460.59333915605,1473.6798117004,1503.82805135077,1527.94479500792,1559.71116213759,1749.79751610056,1796.94008650533,1796.94008650533,29.2912143317891,103.623032865817,36.2632555528196,75.8656053461194,187.950784804419
2004-01-06,212.213912201345,212.213912201345,212.213912201345,215.578456306688,216.296522126368,219.841209745471,229.634152481097,230.931353333137,232.043781185335,267.649892189191,267.649892189191,284.455332368381,284.455332368381,295.025919906265,295.025919906265,301.694988314725,301.694988314725,301.694988314725,302.194826754023,318.589744173252,318.589744173252,334.86928081779,334.86928081779,336.078005731308,336.91929436303,339.389189152309,339.389189152309,342.668474612517,343.50472344044,356.054652558183,459.338921313152,459.338921313152,463.739743949949,467.071993794503,471.132321372001,473.768308682302,473.768308682302,934.705246235202,934.705246235202,955.469409158365,959.859349930979,960.983378761987,963.110641858735,994.132710962338,1009.38678465583,1244.29608867137,1313.5659600591,1319.63968116751,1322.23258938267,1323.54646619934,1338.7650921061,1339.78418285782,1341.68031404984,1342.67536185673,1342.67536185673,1347.95443300959,1347.95443300959,1421.92007360769,1421.92007360769,1422.69448988213,1435.43157136588,1464.44904189459,1488.08049434622,1519.13295341563,1707.11547534998,1752.49187098433,1752.49187098433,28.5518997315184,100.18402432114,35.4302450750569,72.7067454596581,185.773156158767
2004-01-07,208.200753777488,208.200753777488,208.200753777488,211.468304580953,212.153746073883,215.638716436201,225.29586842808,226.573639316221,227.690039569667,262.400405058518,262.400405058518,278.695587192918,278.695587192918,288.910160420465,288.910160420465,295.479662330765,295.479662330765,295.479662330765,295.951809637973,312.056641452787,312.056641452787,328.050034918759,328.050034918759,329.264902838805,330.06769981717,332.551703238783,332.551703238783,335.789364632131,336.604458188257,348.786497455511,448.80751227552,448.80751227552,453.124183802959,456.355817086573,460.362440446631,462.99170577253,462.99170577253,909.53172081877,909.53172081877,929.816813489105,934.120808136276,935.219432652178,937.313372915962,967.380357883188,982.186670581281,1211.3643343807,1278.86548071732,1284.81944785786,1287.37136897549,1288.65938389081,1303.38188563843,1304.41448819995,1306.30176000905,1307.30531618711,1307.30531618711,1312.47662685672,1312.47662685672,1383.5791415569,1383.5791415569,1384.35285457075,1396.72787514388,1424.67763177955,1447.81739382662,1478.15622968496,1663.84453918128,1707.55959292795,1707.55959292795,27.8994802650649,96.9482849034478,34.6513442759028,69.8196831908545,183.439840703758
2004-01-08,206.336565663181,206.336565663181,206.336565663181,209.476874509581,210.138593782342,213.055074789908,222.667554434488,223.872665309713,224.831889432982,259.38413586027,259.38413586027,275.230713672611,275.230713672611,285.094317999408,285.094317999408,291.342115487365,291.342115487365,291.342115487365,291.786736238877,307.638509109047,307.638509109047,323.243457105399,323.243457105399,324.265508574612,325.087699211551,327.604461849561,327.604461849561,330.784859660076,331.571913054484,343.783848369045,442.130684533275,442.130684533275,446.184105183159,449.549799037094,453.379549056637,455.783484202876,455.783484202876,897.611351970947,897.611351970947,917.926318271361,922.185817476184,923.067915328647,924.896920512238,953.847991631289,967.49314178385,1191.40244070019,1256.64357602992,1262.0590785484,1264.39570639185,1265.52221072067,1279.81521655981,1280.61542602846,1282.27395739455,1283.07872553031,1283.07872553031,1288.18524310435,1288.18524310435,1356.60565518445,1356.60565518445,1357.25274005224,1368.97243380986,1396.08634718596,1418.70247323988,1448.30227782357,1631.46276533993,1673.52819515095,1673.52819515095,28.1970252621935,95.6515796007972,34.0720438104339,67.4301098767261,181.391516608266
2004-01-09,210.461739466629,210.461739466629,210.461739466629,213.347998607626,214.04967078764,215.814479644436,225.599208557394,226.744844641679,227.166367980155,263.338861677952,263.338861677952,278.764622254003,278.764622254003,287.804370991668,287.804370991668,293.117691604635,293.117691604635,293.117691604635,293.610614556385,309.055363580804,309.055363580804,323.301805256152,323.301805256152,323.864166459878,324.771253677239,326.132932042646,326.132932042646,328.681243486183,329.380784482534,341.193659898054,438.044727087807,438.044727087807,441.549957469887,444.608038340931,447.792686760224,449.902007736501,449.902007736501,884.799935383273,884.799935383273,904.15828833822,908.235460817532,909.221663347231,911.097104561826,940.19235832066,953.708005433338,1174.61504815963,1239.12200702857,1244.33275088371,1246.61240982713,1247.70585971985,1261.74921010961,1262.47829851866,1264.03430913871,1264.79231123581,1264.79231123581,1269.86640578666,1269.86640578666,1336.05076568952,1336.05076568952,1336.61708128732,1347.87345495005,1374.20922628626,1396.28268269191,1425.42088580775,1606.41017522029,1647.30582124231,1647.30582124231,30.5522768904087,94.9638855548671,33.8224837878376,65.3972228740426,179.388458774627
2004-01-10,213.908238198246,213.908238198246,213.908238198246,216.897871375127,217.625451248277,218.656100319972,228.59745583826,229.853910984939,230.217295975522,270.314949336635,270.314949336635,285.709487934955,285.709487934955,294.293641548552,294.293641548552,297.990034516248,297.990034516248,297.990034516248,298.626446708113,314.032905752728,314.032905752728,325.704343895928,325.704343895928,325.926955318532,326.74807736791,327.516850671917,327.516850671917,329.674651736174,330.303364925422,341.869623275699,438.809529901437,438.809529901437,441.659826361749,444.577505458593,447.051303768037,448.714100374611,448.714100374611,880.209923756557,880.209923756557,898.872548354783,902.688432879909,903.489377454606,905.18780358988,933.717023481152,946.576169232045,1165.04319414688,1228.59035632534,1233.449592267,1235.57468189688,1236.57833307087,1250.40652403471,1250.97288986622,1252.35491749922,1252.97532124743,1252.97532124743,1257.98641439124,1257.98641439124,1322.3217679146,1322.3217679146,1322.76974987943,1333.50015160744,1359.00035209393,1380.49830307979,1408.89281833964,1587.2164996251,1626.68315071481,1626.68315071481,33.8819203408904,95.9480242996371,33.6179165538697,63.7806581028105,177.169594679334
2004-01-11,241.590154983866,241.590154983866,241.590154983866,245.049573086767,245.876532139981,242.364461920437,263.65321634769,264.197414490716,262.208268198151,316.163509351325,316.163509351325,327.944403860892,327.944403860892,334.534081326154,334.534081326154,329.866995881367,329.866995881367,329.866995881367,330.590284022952,343.590895922814,343.590895922814,344.900840205716,344.900840205716,343.324909227764,344.128313103229,341.921842051721,341.921842051721,342.493429904383,342.887487610007,353.897617380544,459.843559490931,459.843559490931,460.089431875739,462.476939940617,462.286332044225,462.277600519427,462.277600519427,895.935436626439,895.935436626439,912.816703790135,915.913912443147,916.366957174524,917.706942940306,944.759392366383,956.281177657906,1173.75825536045,1235.44717195534,1239.46245683725,1241.15031917591,1241.83631875971,1255.30544581708,1255.44827903757,1256.44119255424,1256.6888075529,1256.6888075529,1261.59584643863,1261.59584643863,1324.00961953497,1324.00961953497,1324.23733374949,1334.06592440898,1358.75502298171,1379.12151786005,1406.51493082672,1582.00715902376,1620.10090530934,1620.10090530934,50.5751427496641,108.926433543745,33.3390735033206,62.4007815066668,175.016062370529
2004-01-12,352.773214550341,352.773214550341,352.773214550341,362.393098198316,363.847819107083,344.884366071892,418.374839937512,426.16687476941,418.717684647,530.179076724522,530.179076724522,544.159904765417,544.159904765417,548.611381595971,548.611381595971,507.817424739255,507.817424739255,507.817424739255,511.49841445391,520.345633120922,520.345633120922,469.171878457283,469.171878457283,457.53406520919,458.410752724625,439.077719652265,439.077719652265,430.415306239151,429.479091196353,437.940439811333,593.615056066794,593.615056066794,580.574702111108,580.812009108946,567.576502169577,559.618241185779,559.618241185779,1050.05045395172,1050.05045395172,1059.5365348821,1058.87654668748,1057.07274741207,1056.10667653577,1077.14352982805,1081.30968274937,1315.55764129162,1370.10233040523,1369.39740860352,1368.80474570476,1367.70713530135,1380.47179845204,1377.86248824803,1376.38798700219,1374.33056794344,1374.33056794344,1379.05794056109,1379.05794056109,1436.84340195655,1436.84340195655,1435.57583491568,1440.81218535044,1464.66052231172,1480.40622893217,1503.34753587284,1672.4919675674,1707.8674662372,1707.8674662372,117.746342118299,178.881152467682,34.1984665846978,61.3445531942175,173.229597767309
2004-01-13,564.159605698285,564.159605698285,564.159605698285,578.031433165252,580.004835401296,537.079606524736,621.537639279872,626.250228852411,612.082425990528,799.051511882425,799.051511882425,822.992527774328,822.992527774328,832.839688496782,832.839688496782,775.078597246307,775.078597246307,775.078597246307,778.575778305378,798.184390192252,798.184390192252,701.835184175093,701.835184175093,679.580047199649,679.139257264652,639.197943645031,639.197943645031,619.60328514807,617.08868571642,621.015467567841,883.799403745712,883.799403745712,853.002576469784,847.814093441881,814.786586708863,794.769027190087,794.769027190087,1334.2823447102,1334.2823447102,1330.56186931432,1326.03141786248,1322.20680880898,1319.26850925871,1333.9561604047,1331.03637190292,1635.97208637442,1681.57593589157,1674.85341445261,1671.32840435314,1667.91802102801,1679.88509184215,1673.61634017551,1668.81577654021,1663.60730230094,1663.60730230094,1668.12499730638,1668.12499730638,1720.07009961154,1720.07009961154,1716.68656101238,1715.41629412119,1738.4219005079,1747.50068580429,1763.88561454976,1924.79160994604,1956.50798952371,1956.50798952371,191.856931789141,310.060751676077,35.1795700536925,60.5175298671459,172.238264216186
2004-01-14,696.380419548568,696.380419548568,696.380419548568,707.018424104785,709.08229331462,681.524992716229,736.66939544843,735.610641261017,725.866250013552,933.911365629271,933.911365629271,983.619269583136,983.619269583136,1009.25736965452,1009.25736965452,975.440742923675,975.440742923675,975.440742923675,976.437379890016,1013.0666110019,1013.0666110019,936.723193881487,936.723193881487,915.58056856982,915.219466128543,874.060137060145,874.060137060145,852.921744674092,850.131488961681,853.192985655985,1235.75436330829,1235.75436330829,1201.13470407478,1194.74490983238,1154.63646297584,1129.4418712684,1129.4418712684,1779.46052383176,1779.46052383176,1765.57911334226,1757.29494489668,1751.32801362114,1746.27620681959,1754.25377345068,1743.74345978058,2174.35740281532,2211.12131159301,2198.28459248192,2191.753475048,2185.96755074854,2197.14122850691,2187.06710691743,2178.78796198293,2170.26457125186,2170.26457125186,2174.56945130158,2174.56945130158,2220.46576844634,2220.46576844634,2214.81076095037,2206.52539924931,2228.71098567135,2230.47856087445,2239.58587812839,2392.39973142967,2420.06515411977,2420.06515411977,197.738675669462,432.068380400938,36.0397238767901,59.8281982211406,172.53857057575
2004-01-15,730.991749789388,730.991749789388,730.991749789388,743.116623327764,745.517534555798,739.305888688704,781.25522608714,781.882955523993,778.026563116788,968.302166482555,968.302166482555,1029.76788748867,1029.76788748867,1064.89505582726,1064.89505582726,1058.87248266915,1058.87248266915,1058.87248266915,1059.92819038005,1104.397276775,1104.397276775,1076.37337044885,1076.37337044885,1064.37975917766,1064.99527084869,1038.99983221242,1038.99983221242,1025.67788570881,1024.01948196972,1030.28410090644,1482.17622526456,1482.17622526456,1460.17488034543,1456.93774784241,1428.42615172908,1409.86273956712,1409.86273956712,2241.85687563756,2241.85687563756,2228.92469030799,2220.82209825598,2214.96657460897,2210.03385156927,2218.08829605368,2207.00417023467,2762.8608669043,2799.86415991582,2786.64004502111,2779.87405802117,2773.89147450344,2784.8650402982,2774.40349428343,2765.70636313287,2756.73830605572,2756.73830605572,2760.94827633265,2760.94827633265,2805.30021445472,2805.30021445472,2799.24657929083,2789.41893724065,2810.9298899276,2810.84937533129,2817.79309526346,2969.73321531733,2995.53360419602,2995.53360419602,170.240988966775,482.630200649764,36.5786463820865,59.1553315073331,174.344679094807
2004-01-16,726.801522062832,726.801522062832,726.801522062832,740.413254864135,743.549148389733,750.135290239564,785.798108181397,788.573028357119,788.835846581974,968.53659841852,968.53659841852,1036.78927686353,1036.78927686353,1074.95810806959,1074.95810806959,1083.66835286071,1083.66835286071,1083.66835286071,1086.64415987325,1133.72846246352,1133.72846246352,1139.66702642895,1139.66702642895,1135.19989083621,1136.9958380959,1125.42295030957,1125.42295030957,1120.22835922359,1119.77883726831,1130.52707629198,1599.23272099633,1599.23272099633,1591.07588451767,1591.7107501975,1578.79072837078,1570.01112149856,1570.01112149856,2688.14646524742,2688.14646524742,2682.33786415396,2676.40075716376,2671.32146321916,2667.05795489961,2678.96043546751,2669.80912992978,3295.76942269505,3337.94507215742,3327.32905531093,3321.87501145439,3316.92746566272,3328.19198478041,3319.32926083986,3312.04457811337,3304.43442628118,3304.43442628118,3308.67974252342,3308.67974252342,3354.44607014563,3354.44607014563,3349.21471916458,3341.61813411969,3362.59093307209,3364.88112183367,3373.82102198858,3531.42946843166,3557.32022940524,3557.32022940524,151.927107462178,481.239825946916,37.6457493092844,58.5640368583312,177.79672239764
2004-01-17,704.19162211766,704.19162211766,704.19162211766,719.610930060372,722.797609718398,737.197758423459,772.066803739454,777.301141275333,779.861041154604,944.267410881965,944.267410881965,1014.1992149772,1014.1992149772,1056.78415880675,1056.78415880675,1073.63687733226,1073.63687733226,1073.63687733226,1076.60046958416,1123.30963718489,1123.30963718489,1151.79302444606,1151.79302444606,1152.55828084525,1155.63322281582,1154.50628953554,1154.50628953554,1154.77277875017,1155.17638470438,1169.54234376855,1632.44184677545,1632.44184677545,1633.58655164805,1637.34991985586,1634.94906023843,1632.76114666278,1632.76114666278,3234.91791621033,3234.91791621033,3227.19797983401,3220.21355089227,3214.59057375522,3209.76827225718,3220.97114254034,3210.03601473659,3843.95745144937,3888.99090130237,3878.97484895864,3873.88299613376,3869.25243964974,3880.80199060164,3872.41937932452,3865.55752815748,3858.37386253227,3858.37386253227,3862.62237259341,3862.62237259341,3908.71978122858,3908.71978122858,3903.81187630438,3897.16532088126,3917.73794737563,3921.47187729487,3931.7456294791,4095.05253771158,4120.908538265,4120.908538265,133.990005537318,464.248102367041,39.9593732297933,58.1615581928723,182.240634428421
2004-01-18,658.113831654359,658.113831654359,658.113831654359,673.713819180075,676.734242343504,695.578089142796,726.682833257914,732.122546127947,737.344454013929,882.973551491208,882.973551491208,950.412305876049,950.412305876049,993.892706209867,993.892706209867,1018.62527977857,1018.62527977857,1018.62527977857,1021.00920633827,1067.05017301095,1067.05017301095,1110.70184090958,1110.70184090958,1114.71423440746,1117.78618409139,1124.37085804656,1124.37085804656,1129.58324382873,1130.76065297506,1147.85587974439,1583.57886979827,1583.57886979827,1592.30891229262,1597.76897479686,1603.67592266461,1606.95195303453,1606.95195303453,3548.3044342776,3548.3044342776,3554.25450486986,3552.56495891754,3549.69357840489,3547.59239139004,3568.19581615177,3565.69865283891,4177.36650679762,4233.20803685618,4228.67062480327,4226.31944285606,4223.90417366593,4236.44443977876,4231.35114480858,4227.40840140248,4222.98528182087,4222.98528182087,4227.28568358902,4227.28568358902,4277.21288986388,4277.21288986388,4274.14126266334,4272.87784761938,4293.02411870741,4302.27620416355,4317.90536053726,4491.60827483485,4519.18827499862,4519.18827499862,112.362468424185,427.580317682479,41.8912111283688,57.6082241179482,186.435683691111
2004-01-19,613.90975202469,613.90975202469,613.90975202469,628.356270916837,631.23304578324,649.903434194427,677.987726587939,683.249377466908,689.020503100657,816.996166474802,816.996166474802,880.420209281372,880.420209281372,921.670326043231,921.670326043231,949.020256405404,949.020256405404,949.020256405404,951.263795324259,995.038680585844,995.038680585844,1046.31085752298,1046.31085752298,1052.37329789066,1055.42049598107,1067.16595215065,1067.16595215065,1075.06189833625,1076.66780370497,1095.47690761556,1494.05260843871,1494.05260843871,1507.40611250728,1514.39271759348,1526.07351480385,1533.23560709401,1533.23560709401,3674.54949873806,3674.54949873806,3693.23898164822,3696.20241854531,3695.64996754913,3695.78812389467,3724.08253158625,3729.16515412363,4297.95794040377,4362.25928400965,4362.72396487218,4362.73298809418,4362.22897362148,4375.44229736922,4373.60425972034,4372.63112280745,4371.0362158537,4371.0362158537,4375.38964045315,4375.38964045315,4429.38246869753,4429.38246869753,4428.24414751252,4432.69654298039,4452.45384528674,4467.78470872061,4489.41049737175,4673.69594687181,4703.41490285758,4703.41490285758,96.2196875449243,384.812173265709,42.2221253925915,57.0542699637993,189.888049481003
2004-01-20,578.356879356991,578.356879356991,578.356879356991,591.577162455637,594.475872884843,611.558972123467,636.928897178493,641.634099354305,646.865171777712,760.582949740594,760.582949740594,817.513121806281,817.513121806281,854.74605774859,854.74605774859,881.181324069248,881.181324069248,881.181324069248,883.156892518313,923.813952905639,923.813952905639,976.941791578285,976.941791578285,983.656497417725,986.555990258986,1000.85907835278,1000.85907835278,1010.21203889854,1012.07526556935,1032.97981710534,1391.83113562729,1391.83113562729,1407.47105172694,1415.47521342088,1430.03822800744,1439.31120913509,1439.31120913509,3675.38530367672,3675.38530367672,3707.82496637309,3714.44146093669,3715.38067947051,3717.04910327917,3752.20085797428,3762.2588881351,4283.32953357727,4352.22584769805,4355.90928672767,4357.51652933508,4358.27191839721,4371.82505485504,4372.08466002128,4373.02610458317,4373.27136301957,4373.27136301957,4377.63873296423,4377.63873296423,4434.02067588469,4434.02067588469,4434.15829506641,4442.3987927752,4461.74860783022,4481.12087128978,4506.84715476702,4698.32879644696,4729.4234921604,4729.4234921604,84.9809460567841,342.646991988705,41.7215404112463,56.426621346996,192.096527230613
2004-01-21,540.354931310949,540.354931310949,540.354931310949,552.766700396118,555.47404028094,572.040414038988,595.962673672849,600.621360516613,605.849537744103,709.009770190608,709.009770190608,761.020291950968,761.020291950968,794.97976505696,794.97976505696,819.763482311382,819.763482311382,819.763482311382,821.462369499185,858.627036015971,858.627036015971,910.284788280406,910.284788280406,916.947033407917,919.731202907645,935.270170055594,935.270170055594,944.622065380646,946.509422374738,967.574020044464,1288.16362825923,1288.16362825923,1305.28201277985,1314.16486745485,1328.66562980243,1337.40800140863,1337.40800140863,3532.54630795471,3532.54630795471,3570.4299831348,3579.78820790051,3582.29109466738,3585.71247196315,3626.14191354118,3641.72009169645,4119.32061341581,4192.38550899215,4199.48048721223,4202.77229062774,4204.84682072746,4218.63615173413,4221.07316277926,4223.98783810042,4226.11766921596,4226.11766921596,4230.50138019828,4230.50138019828,4289.20184983949,4289.20184983949,4290.62395073631,4302.6190598681,4321.5790679787,4344.84941581067,4374.45754164084,4571.45057069652,4603.85407154081,4603.85407154081,76.6815516340181,303.527537400117,40.6934641347009,55.6924754183136,192.83880146748
2004-01-22,502.30552703509,502.30552703509,502.30552703509,513.937208701784,516.418950171697,532.571060685138,555.01413512975,559.4938564409,564.730149704783,658.408764265512,658.408764265512,706.252700934276,706.252700934276,737.658415242562,737.658415242562,761.372122983281,761.372122983281,761.372122983281,762.830314561058,797.415497717788,797.415497717788,847.146698131943,847.146698131943,853.574953689707,856.118015720612,869.598840731237,869.598840731237,879.07830139569,880.997920904405,902.170041047713,1185.85687585764,1185.85687585764,1202.91694960581,1211.38604531263,1226.35882765758,1235.50871794089,1235.50871794089,3336.65714359946,3336.65714359946,3379.30896631897,3390.24446896071,3393.56137158132,3397.87058888542,3441.88711141153,3460.20265245331,3898.96918941796,3973.66426500214,3982.27229129809,3986.34868140093,3989.05017655277,4002.9066994444,4006.34759250495,4010.17541784102,4013.21290117274,4013.21290117274,4017.60507589346,4017.60507589346,4077.21568967286,4077.21568967286,4079.25520850938,4093.07313818696,4111.72117948288,4136.96380806477,4168.55379090578,4367.57122822119,4400.56649029874,4400.56649029874,68.9922577724646,267.139495330506,39.8152404067665,55.1253598684416,192.322624960392
2004-01-23,466.532225234072,466.532225234072,466.532225234072,477.328528458294,479.582798061035,495.090399798216,516.207242714568,520.47755747917,525.584620326855,611.084091195625,611.084091195625,655.327828603327,655.327828603327,684.412157131057,684.412157131057,706.975595527839,706.975595527839,706.975595527839,708.261281078742,740.766334127246,740.766334127246,788.424640430314,788.424640430314,794.570457700622,796.951352271404,809.660750433401,809.660750433401,818.670706045828,820.525255305194,841.184937171899,1093.37681164843,1093.37681164843,1109.48829961787,1117.53446964471,1131.86623868978,1140.57288283565,1140.57288283565,3099.98406989772,3099.98406989772,3144.59691155981,3156.06313900103,3159.78584645177,3164.63760046211,3209.95831912443,3230.10488930848,3635.13837652578,3710.17055562097,3719.85433184879,3724.44697381136,3727.56995688689,3741.33140135748,3745.51849160019,3750.01307689624,3753.69064841293,3753.69064841293,3758.05348895232,3758.05348895232,3817.91010320713,3817.91010320713,3820.40087856052,3835.47909449555,3853.73637773,3880.23094252485,3913.06523025357,4112.18723169173,4145.43188842144,4145.43188842144,62.6782733664529,236.968423711648,38.7001479935722,54.2993267605465,190.618146912783
2004-01-24,434.33744065386,434.33744065386,434.33744065386,444.283336635484,446.329894457,460.877444912816,480.784237366187,484.799521690242,489.643641113374,568.226454582465,568.226454582465,609.224386838745,609.224386838745,636.155468062291,636.155468062291,657.370376871888,657.370376871888,657.370376871888,658.53842143446,689.438106914478,689.438106914478,734.894344111205,734.894344111205,740.685221859188,742.924686037697,755.402259235008,755.402259235008,764.113644609607,765.911024989855,786.33992740229,1013.84350834879,1013.84350834879,1028.97330192379,1036.99938653141,1050.40737825984,1058.51251744616,1058.51251744616,2875.26853698566,2875.26853698566,2920.49578061425,2931.97271911125,2935.65501825565,2940.56264191511,2986.05853867924,3006.20615595491,3382.84274284056,3456.5095066438,3466.07154934701,3470.6193185093,3473.71089135296,3487.19953491068,3491.3831176545,3495.87266635429,3499.56392476295,3499.56392476295,3503.87252126885,3503.87252126885,3563.0000604023,3563.0000604023,3565.50988317022,3580.54380302065,3598.39191430793,3624.80965945094,3657.54911591813,3854.4039420419,3887.31410094935,3887.31410094935,57.5813332946752,213.561195868726,37.7011670527133,53.5216945267268,188.085402559757
2004-01-25,406.668515211865,406.668515211865,406.668515211865,415.84257609492,417.747310115688,431.187074368592,449.96796848442,453.700935902059,458.14616897923,531.312892360335,531.312892360335,569.596936040464,569.596936040464,594.500993669942,594.500993669942,614.128415396435,614.128415396435,614.128415396435,615.253283400199,644.806095470646,644.806095470646,687.574776434997,687.574776434997,692.906796396993,695.019472569881,706.455353848186,706.455353848186,714.697877858084,716.425084261726,736.42895575895,943.1678226599,943.1678226599,957.455473091734,965.280380968584,977.77203805621,985.483624593765,985.483624593765,2668.28761056839,2668.28761056839,2712.83636802613,2724.15209105635,2727.7175218022,2732.52318198015,2777.6248831351,2797.42996578427,3150.70222600648,3222.90189788879,3232.07290503893,3236.43076103051,3239.37546516917,3252.55345635477,3256.53168925135,3260.83080055637,3264.37732798411,3264.37732798411,3268.62592269598,3268.62592269598,3326.95993438269,3326.95993438269,3329.356736131,3343.92064278912,3361.41861636384,3387.2510343682,3419.34724812352,3612.88923563612,3645.42874791937,3645.42874791937,53.8930124501333,193.940069391507,36.8077193308993,53.0016749939581,185.024418490909
2004-01-26,385.657950911273,385.657950911273,385.657950911273,394.207212796942,396.109143150795,407.871873889605,425.6554712633,429.072132726035,432.931714935817,503.216477011714,503.216477011714,539.001641586676,539.001641586676,561.885611953442,561.885611953442,579.500312985808,579.500312985808,579.500312985808,580.556421377134,608.470918708953,608.470918708953,647.776437869858,647.776437869858,652.62999587228,654.786241228712,665.489690897087,665.489690897087,672.941842816441,674.538952545395,693.771009158396,887.011551890445,887.011551890445,900.22609426181,908.285030603429,919.184512675747,925.712427924418,925.712427924418,2531.50518963961,2531.50518963961,2570.6907892078,2580.11597016434,2583.01071481867,2587.13348989636,2629.7659087427,2647.48064214527,2980.44371374326,3050.03680891129,3057.89166175716,3061.68757425715,3064.18844015286,3077.17447401495,3080.41801121063,3084.04099191703,3086.9861564258,3086.9861564258,3091.26375589508,3091.26375589508,3148.93413108307,3148.93413108307,3150.98315463892,3164.34024125729,3182.26983902761,3206.96489603335,3238.63662116998,3428.65291171271,3461.55692825542,3461.55692825542,52.2950469419848,182.231271200989,36.2387239414598,53.4019944747419,182.642241016405
2004-01-27,367.359733426026,367.359733426026,367.359733426026,375.252889472396,377.080154654633,387.521364519618,404.309609980714,407.412135659264,410.879330874932,477.443850853828,477.443850853828,512.525071545024,512.525071545024,534.243973284081,534.243973284081,550.49624635273,550.49624635273,550.49624635273,551.622892394468,578.853911820658,578.853911820658,615.422149473298,615.422149473298,619.595040413144,621.592606332877,631.098995969338,631.098995969338,638.10306859681,639.61406259619,658.63492786613,840.698987989274,840.698987989274,852.945155399883,860.839140642719,870.395247009497,876.13288935935,876.13288935935,2401.23154469862,2401.23154469862,2439.95699485819,2448.94032014435,2451.58817652117,2455.51822158329,2497.13048702226,2514.05846325038,2831.11860672772,2899.03313812591,2906.19358041388,2909.5875863431,2911.79816802478,2924.52825936814,2927.34250989348,2930.55724582619,2933.08815341039,2933.08815341039,2937.29983115214,2937.29983115214,2993.94717767401,2993.94717767401,2995.67817518746,3008.16941655642,3025.81108639113,3049.34580145541,3079.36105959278,3264.72039695374,3297.05240417298,3297.05240417298,49.8098932278055,172.386300582492,35.5613201323624,52.9651419234202,179.277256717214
2004-01-28,350.401932550534,350.401932550534,350.401932550534,357.687346311644,359.390326864989,369.079179251469,385.131309289109,388.029660542307,391.236300569432,454.086033458044,454.086033458044,487.395436667758,487.395436667758,507.877616739181,507.877616739181,523.24939674606,523.24939674606,523.24939674606,524.265920997946,550.424478081292,550.424478081292,585.328543108317,585.328543108317,589.165057485836,591.016243929535,599.444395932507,599.444395932507,606.017260069121,607.467699665862,626.03271114881,797.472868466728,797.472868466728,809.187389651699,816.759237956261,825.854164158667,831.29204167187,831.29204167187,2278.53525816512,2278.53525816512,2315.68263978512,2324.51467901759,2327.07088101648,2330.91116698851,2371.84045114525,2388.43106588899,2692.82444396776,2759.61019966724,2766.4655420836,2769.7083369693,2771.79982138318,2784.29545266626,2786.93266756308,2789.98313572708,2792.35241464823,2792.35241464823,2796.50458502158,2796.50458502158,2852.85716142541,2852.85716142541,2854.47123886038,2866.42786120732,2883.77704370206,2906.64366013732,2935.84524695669,3117.43406230238,3149.56854628077,3149.56854628077,47.2019270221043,162.428367661783,34.9389583808005,52.9343163379506,176.01290583744
2004-01-29,334.828002467177,334.828002467177,334.828002467177,341.63010027043,343.203931082034,352.266327255425,367.693515330325,370.437091592869,373.446039854237,432.902733162053,432.902733162053,464.380472615181,464.380472615181,483.654188231136,483.654188231136,498.17204387584,498.17204387584,498.17204387584,499.084234283798,524.151367661676,524.151367661676,557.282860290727,557.282860290727,560.878711576583,562.602640449802,570.327023418087,570.327023418087,576.568341592084,577.956394066581,595.922152879118,756.816782715434,756.816782715434,767.995616826272,775.208142073674,783.858029205452,789.080183268036,789.080183268036,2148.18563738553,2148.18563738553,2184.7248334337,2193.44878735422,2196.0650282875,2199.98233308059,2240.41242006254,2257.20364805228,2551.13129203513,2617.26640762247,2624.20944478034,2627.49241165302,2629.61818365485,2641.89330569396,2644.59992900865,2647.71062126579,2650.13236884531,2650.13236884531,2654.23374501942,2654.23374501942,2710.55483158058,2710.55483158058,2712.20218807402,2724.08427383767,2741.16377894536,2763.81390163559,2792.66141757174,2971.14728775242,3003.2392735216,3003.2392735216,44.8140860689249,152.406962800371,34.3008650963443,52.8098570785096,172.857350824962
2004-01-30,320.439788857044,320.439788857044,320.439788857044,326.831416219236,328.2895673974,336.820716394538,351.706307794101,354.312091086988,357.159798181109,413.620676422178,413.620676422178,443.400696644554,443.400696644554,461.557797289592,461.557797289592,475.255044178889,475.255044178889,475.255044178889,476.083773943696,500.187841499853,500.187841499853,531.56266788222,531.56266788222,534.908570515702,536.508340085987,543.667393090602,543.667393090602,549.597660108232,550.922768269192,568.242615643594,719.111074967747,719.111074967747,729.698828020668,736.585322766883,744.827924440867,749.820872874856,749.820872874856,2016.30582365885,2016.30582365885,2052.02314991215,2060.61032390002,2063.23578793483,2067.17514942014,2106.84633233045,2123.68044130335,2408.19593511527,2473.51875570938,2480.53030308816,2483.85083187198,2486.01200111844,2498.06640389952,2500.84446307297,2504.01653389116,2506.50037826361,2506.50037826361,2510.55310614234,2510.55310614234,2566.72290088959,2566.72290088959,2568.41874026447,2580.27400204462,2597.12767841579,2619.5956717403,2648.15318039365,2823.83520123894,2855.90157918539,2855.90157918539,42.7334406139129,142.89856044843,33.6597895518107,52.549976747308,169.909806174008
2004-01-31,311.802222302619,311.802222302619,311.802222302619,317.898940312373,319.329252013839,326.242306005969,340.78964988143,343.235665831791,345.649174238832,401.030363208958,401.030363208958,429.538345532707,429.538345532707,446.651759332207,446.651759332207,459.194022301623,459.194022301623,459.194022301623,460.10079320316,483.804872833587,483.804872833587,512.885601453293,512.885601453293,515.680944010786,517.315678884943,523.807656500478,523.807656500478,529.253532967601,530.485560899461,547.633255077889,691.899068263209,691.899068263209,701.460792728429,708.31238365049,715.497174994435,719.685188108067,719.685188108067,1910.07752767307,1910.07752767307,1944.4287661114,1952.36682283728,1954.66720652593,1958.27673757725,1996.91182611494,2012.68773066484,2289.087963869,2353.16312339794,2359.60183619303,2362.66348491331,2364.63279175754,2376.6467444745,2379.08939172418,2381.95761630801,2384.23030257158,2384.23030257158,2388.22283534983,2388.22283534983,2446.18404627859,2446.18404627859,2447.71899255213,2458.8901868675,2475.90664490163,2497.47913236485,2525.34353603886,2697.82147065391,2729.87753805633,2729.87753805633,42.3415139848056,137.622450021386,33.1815156101225,54.8310421046222,167.318158248973
2004-02-01,304.075813900584,304.075813900584,304.075813900584,309.755987692166,311.179596168864,318.769686333538,333.01220650277,335.273915851719,337.309318952377,394.30359153311,394.30359153311,422.695694211371,422.695694211371,438.52300875516,438.52300875516,448.907356027341,448.907356027341,448.907356027341,449.752038703038,472.576555365516,472.576555365516,499.532386882206,499.532386882206,501.833306079586,503.42614667077,508.341672602277,508.341672602277,513.054645672779,514.183206851805,530.712996341624,671.197008754395,671.197008754395,679.603617506985,685.892891482283,691.977076385546,695.613114386405,695.613114386405,1816.22605867925,1816.22605867925,1848.22223662923,1855.71130100313,1857.82005575274,1861.24974873898,1898.63817935432,1913.73435106034,2183.78454520047,2247.12388940586,2253.10953009096,2255.94106134244,2257.75219529855,2269.68355071051,2271.87705942364,2274.5230825534,2276.52684355957,2276.52684355957,2280.46413658588,2280.46413658588,2340.44635110967,2340.44635110967,2341.79694802741,2352.33552111157,2369.25562097816,2390.04192137323,2416.83942543242,2586.00488798819,2617.96978287699,2617.96978287699,44.2719383539967,135.306748552979,32.7409277829014,57.2073058429991,164.580783038749
2004-02-02,296.97802721197,296.97802721197,296.97802721197,302.459936592637,303.828299350651,310.417772605316,324.54391222932,326.813099949512,328.843924123481,386.722959328266,386.722959328266,413.64013573921,413.64013573921,429.488982592103,429.488982592103,440.26875646119,440.26875646119,440.26875646119,441.004962789325,462.935745350134,462.935745350134,488.018653077333,488.018653077333,490.084254713627,491.640417374611,495.768211344043,495.768211344043,500.02565090451,501.070410977476,516.94181543153,656.288998815392,656.288998815392,663.674880283412,669.531184788101,674.6546393658,677.717392395289,677.717392395289,1741.28148009621,1741.28148009621,1770.87036804391,1777.68441984092,1779.49559286764,1782.63808918903,1818.43089638291,1832.52015341568,2096.86577911094,2159.10684292033,2164.54968845904,2167.11343230912,2168.73412884537,2180.51248282779,2182.39195677382,2184.75851618256,2186.49335607839,2186.49335607839,2190.37292187356,2190.37292187356,2252.26174194188,2252.26174194188,2253.43364310818,2263.26696131434,2280.08998192368,2300.00904774473,2325.91423946871,2491.86440384276,2523.77924006978,2523.77924006978,44.7751894402099,135.293383116065,32.280634015571,59.5327884302045,162.007969856693
2004-02-03,291.115014197697,291.115014197697,291.115014197697,296.360941866159,297.649412399702,303.523883922594,317.309700211681,319.443610663435,321.333440512965,379.392114266616,379.392114266616,405.377890315109,405.377890315109,420.554624900846,420.554624900846,430.812701442827,430.812701442827,430.812701442827,431.48623804523,453.146417166566,453.146417166566,477.229322228977,477.229322228977,479.169799371645,480.698128958428,484.433106362141,484.433106362141,488.432451810522,489.420366488441,504.664400458784,644.04667827644,644.04667827644,650.765867660599,656.285046851436,660.819655745538,663.522110319498,663.522110319498,1681.59947802642,1681.59947802642,1709.03481941599,1715.23687643197,1716.78337045905,1719.6650865806,1753.87461507406,1767.00340903539,2026.62283635371,2087.58107036156,2092.49900421299,2094.80106912421,2096.23031293011,2107.79353268261,2109.36816102733,2111.46209300674,2112.93165804264,2112.93165804264,2116.75370171718,2116.75370171718,2179.8091931452,2179.8091931452,2180.81400923799,2189.98489549715,2206.72385245786,2225.80532385764,2250.8940288342,2413.89618361976,2445.7893247303,2445.7893247303,45.1838319197741,135.895038362658,31.7959933835301,61.0888732427589,159.670077734385
2004-02-04,287.438975179375,287.438975179375,287.438975179375,292.398212216645,293.597702452728,298.63601049378,312.253056626838,314.22667643396,315.875941361577,374.016710776486,374.016710776486,398.761714560962,398.761714560962,413.299085429638,413.299085429638,422.836713030908,422.836713030908,422.836713030908,423.440672585184,444.697197190712,444.697197190712,467.812079463023,467.812079463023,469.642207768924,471.198950792672,474.521161317088,474.521161317088,478.257015714726,479.187222647479,493.790250507082,633.340366809198,633.340366809198,639.562528453095,644.78906948149,648.946832694181,651.429458157738,651.429458157738,1632.52766350389,1632.52766350389,1658.16559696922,1663.87405469243,1665.21805195532,1667.89608912038,1700.6478299335,1712.98600337152,1969.44262684772,2029.06675532429,2033.54666103143,2035.62992209127,2036.89702249104,2048.20650325091,2049.52944505561,2051.39489277523,2052.64258382484,2052.64258382484,2056.40901989547,2056.40901989547,2119.83099853734,2119.83099853734,2120.69894980407,2129.30446763899,2145.96358900434,2164.30086167812,2188.68421774772,2349.11517289031,2380.96767914243,2380.96767914243,45.8160832699884,136.428843043602,31.2967010831959,61.7710571605906,157.608083451707
2004-02-05,286.328346954917,286.328346954917,286.328346954917,291.014513851543,292.120475457772,296.21206432534,309.807615467718,311.641753124175,312.997120093624,371.263639010926,371.263639010926,394.654545535011,394.654545535011,408.539653471222,408.539653471222,417.127683253182,417.127683253182,417.127683253182,417.662116183173,438.427268678618,438.427268678618,460.249463036473,460.249463036473,461.926134232543,463.512956936217,466.359990702665,466.359990702665,469.793560076244,470.659929962009,484.611269709966,624.389048078848,624.389048078848,630.113460561813,635.045871829715,638.84985975268,641.138027232437,641.138027232437,1590.35769066688,1590.35769066688,1614.5136009811,1619.83791462007,1621.03928914419,1623.56285882745,1654.98980023175,1666.70807016803,1921.97117555302,1980.30219860543,1984.43650973205,1986.34877068845,1987.48937261167,1998.52318628304,1999.6517144572,2001.33817603042,2002.41676076622,2002.41676076622,2006.12977146828,2006.12977146828,2069.29938601756,2069.29938601756,2070.06034092409,2078.19613048153,2094.76809037121,2112.45618746696,2136.22608578441,2294.51050519917,2326.24603888181,2326.24603888181,46.7451850036674,137.060153474575,30.8222188804409,61.7613045542755,155.862397137443
2004-02-06,289.079685558164,289.079685558164,289.079685558164,293.55222486541,294.557764484695,297.45314236964,311.383321482438,313.170913456826,314.13330026283,373.284601376663,373.284601376663,394.993693947728,394.993693947728,408.270579565478,408.270579565478,415.456400616892,415.456400616892,415.456400616892,415.913558523997,435.920283693779,435.920283693779,455.700343896202,455.700343896202,457.204220950921,458.942793118651,461.073346245413,461.073346245413,464.075279728598,464.859033413349,478.115292614356,620.736267588038,620.736267588038,625.550181533268,630.086147383913,633.146815611382,635.016673281949,635.016673281949,1554.38663696885,1554.38663696885,1577.16353227639,1582.14183001289,1583.21841009036,1585.59976538043,1615.73608142126,1626.88248483163,1883.1053159096,1940.14811214197,1943.97075298805,1945.73173365679,1946.76058524103,1957.50961219214,1958.46603887599,1959.99189031009,1960.92209082239,1960.92209082239,1964.58280722224,1964.58280722224,2027.04964002283,2027.04964002283,2027.71456594986,2035.41561035768,2051.88449321745,2068.96856880622,2092.14727905954,2248.67656637398,2280.17314583339,2280.17314583339,48.9141149794464,140.946621287153,30.3928646994429,61.2756285021048,154.459941529495
2004-02-07,296.633346368682,296.633346368682,296.633346368682,300.726379531987,301.650233492931,303.154957828232,316.985111609782,318.561558345822,319.012623486208,379.690074838605,379.690074838605,400.484149872249,400.484149872249,413.214783841854,413.214783841854,418.89278381064,418.89278381064,418.89278381064,419.381920547393,439.055797049361,439.055797049361,456.089057770331,456.089057770331,456.888291434465,458.481414434454,459.728790369041,459.728790369041,462.23821970126,462.929260532959,475.607318152708,622.861966410362,622.861966410362,626.682824187276,630.80786105033,633.008140648106,634.371037704265,634.371037704265,1525.05486980841,1525.05486980841,1546.93562145735,1551.74687532369,1552.69316480449,1554.92074859693,1583.83276038184,1594.35135186514,1853.56724590192,1909.28427815582,1912.77133074477,1914.37026007009,1915.27762382463,1925.73463589642,1926.50598431781,1927.85840326077,1928.62960560418,1928.62960560418,1932.23820314041,1932.23820314041,1993.65644602895,1993.65644602895,1994.2161628895,2001.46263859679,2017.80543595183,2034.26437863654,2056.79286736229,2211.90347353166,2243.01514975923,2243.01514975923,51.5972237632999,146.638076189124,30.0150452724044,60.4652093966473,153.415099784469
2004-02-08,303.589109466299,303.589109466299,303.589109466299,307.826153246451,308.69784185752,309.706677674002,323.460093178119,324.982914024511,325.24183949481,385.692133028279,385.692133028279,406.397044986321,406.397044986321,418.922623875523,418.922623875523,424.035509776439,424.035509776439,424.035509776439,424.453169846512,443.655035064807,443.655035064807,458.561364799635,458.561364799635,458.955145258272,460.402101083726,461.011804259742,461.011804259742,463.074521379163,463.685270023137,475.766040321751,627.734811910914,627.734811910914,630.936799214375,634.757254231476,636.341984198941,637.324313947857,637.324313947857,1500.82866325055,1500.82866325055,1521.46201244775,1525.9279903746,1526.77883330331,1528.89028960661,1556.67365212526,1566.67412670333,1830.33564386282,1884.86677290576,1888.09632139833,1889.56873611837,1890.37960810348,1900.54736809993,1901.17857518927,1902.39892700456,1903.04892275921,1903.04892275921,1906.6070085793,1906.6070085793,1966.78126053964,1966.78126053964,1967.25914111922,1974.12233066594,1990.30479832356,2006.20836337184,2028.11485688824,2182.23012006202,2212.85667643887,2212.85667643887,51.891375441795,151.897058845138,29.666659035673,59.3994786270969,152.720619390081
2004-02-09,308.208758982354,308.208758982354,308.208758982354,312.584692277592,313.419264766637,314.782100158713,328.140057861888,329.585713423551,329.92392749142,389.078080245231,389.078080245231,410.071063028606,410.071063028606,422.839118733931,422.839118733931,428.349193076133,428.349193076133,428.349193076133,428.739975288462,447.707516854491,447.707516854491,461.706995571305,461.706995571305,461.918328512575,463.247560612671,463.522706138257,463.522706138257,465.332956843185,465.888352180961,477.452498765113,632.419550532218,632.419550532218,635.403115159407,639.025257581574,640.41260688585,641.272397829362,641.272397829362,1479.47175069285,1479.47175069285,1499.14385312905,1503.3877594531,1504.15963198044,1506.17367385204,1532.89590447015,1542.4354488338,1810.68638459325,1864.14610838535,1867.20113591289,1868.58530040825,1869.32767075814,1879.20767008598,1879.74973808569,1880.88424712604,1881.45599668626,1881.45599668626,1884.96460385037,1884.96460385037,1943.74801185507,1943.74801185507,1944.17272922405,1950.73899015201,1966.72386119568,1982.1614346543,2003.49706072176,2157.03515538105,2187.11202752271,2187.11202752271,50.7270386520403,154.911991424171,29.3182203481691,58.1154849831316,152.339898949639
2004-02-10,310.50666882631,310.50666882631,310.50666882631,314.941282967679,315.741697723846,317.697715288873,330.742026516894,332.184718238558,332.717879824987,390.008912919986,390.008912919986,411.134520938987,411.134520938987,424.055827634955,424.055827634955,430.223035222204,430.223035222204,430.223035222204,430.606623753222,449.512171318995,449.512171318995,463.674090750457,463.674090750457,463.932953979308,465.169369751508,465.507208405758,465.507208405758,467.27898803257,467.812135616565,478.960221209233,634.365708955996,634.365708955996,637.490052420652,641.013423071889,642.593966245779,643.579572209518,643.579572209518,1458.00389092813,1458.00389092813,1476.9905715229,1481.10331706272,1481.84556047007,1483.81135946681,1509.63769135976,1518.8619497325,1790.62918578786,1843.2037641492,1846.21108543578,1847.57172075589,1848.29596707827,1857.8976414602,1858.43010391669,1859.54733488738,1860.10731860719,1860.10731860719,1863.570167141,1863.570167141,1920.92626493932,1920.92626493932,1921.34069166831,1927.73917244883,1943.50022170572,1958.60367308709,1979.46639447009,2132.81647349414,2162.32017081191,2162.32017081191,48.9125496331781,154.911418448381,28.9522144129008,56.6931861939703,152.198999056286
2004-02-11,310.973934927181,310.973934927181,310.973934927181,315.413780392344,316.186177624503,318.715218468467,331.795561247995,333.285100701873,334.012177089233,389.303749797832,389.303749797832,410.296053398853,410.296053398853,423.249448067857,423.249448067857,429.912803214379,429.912803214379,429.912803214379,430.291414006083,449.091939818731,449.091939818731,463.755073692497,463.755073692497,464.169291403808,465.328814590947,465.960450910868,465.960450910868,467.829558031298,468.361568485814,479.174295558557,632.406831522117,632.406831522117,635.859572916333,639.34184691995,641.347732975542,642.613258495729,642.613258495729,1434.39483191559,1434.39483191559,1452.92046109264,1456.97568696628,1457.72554493821,1459.67705017071,1484.75851246535,1493.78792269716,1767.11434441847,1818.94612303006,1822.01077822315,1823.4004462914,1824.14790071455,1833.48736181246,1834.07682642253,1835.23554343565,1835.84161888302,1835.84161888302,1839.26139220334,1839.26139220334,1895.22368930919,1895.22368930919,1895.66596734276,1902.01546039517,1917.53290288592,1932.42019434685,1952.90887028529,2106.33344406413,2135.26648227708,2135.26648227708,46.9439070064498,152.092333540399,28.5544531003533,55.2161082531611,152.178721684929
2004-02-12,309.991863475046,309.991863475046,309.991863475046,314.401267991268,315.137425355886,318.109994972406,331.061967759542,332.6071569059,333.537334498861,386.799051457927,386.799051457927,407.568173818462,407.568173818462,420.489634717502,420.489634717502,427.573571660479,427.573571660479,427.573571660479,427.947696899195,446.610867699964,446.610867699964,461.829834206482,461.829834206482,462.429915772258,463.518988697545,464.524970699655,464.524970699655,466.545799576339,467.086779916047,477.611356828184,626.526483598782,626.526483598782,630.341067488687,633.796339192318,636.288007559802,637.880686513452,637.880686513452,1407.38402600454,1407.38402600454,1425.59449570334,1429.64289301528,1430.4251257754,1432.3850338929,1456.83545765083,1465.75622750155,1738.37484903161,1789.53147145933,1792.71702515949,1794.16714849903,1794.96256761649,1804.05179445544,1804.73953210113,1805.97728868702,1806.66598751558,1806.66598751558,1810.04330789229,1810.04330789229,1864.66065865723,1864.66065865723,1865.15550920668,1871.52836872364,1886.78568763778,1901.53950913968,1921.72457098896,2075.29094373642,2103.65970770142,2103.65970770142,44.9991913205026,147.124454081024,28.1163963536411,53.7300347410461,152.125129049978
2004-02-13,307.872792009723,307.872792009723,307.872792009723,312.244473943966,312.947415304724,316.255725491136,329.063116122571,330.633176042589,331.727499079736,383.064667607479,383.064667607479,403.482412296608,403.482412296608,416.259970814765,416.259970814765,423.626227276048,423.626227276048,423.626227276048,423.994484941192,442.471892668803,442.471892668803,458.135593518558,458.135593518558,458.909604119678,459.935986374379,461.29823934547,461.29823934547,463.467350025574,464.016904031013,474.27230971446,617.376065521855,617.376065521855,621.491343193761,624.910227194431,627.834463112535,629.726104438158,629.726104438158,1376.48509484017,1376.48509484017,1394.46582689496,1398.5352316558,1399.3618025267,1401.3436222281,1425.23468821851,1434.09469090853,1703.93384051219,1754.42584239376,1757.75668819415,1759.27983256744,1760.13326779252,1768.98390797812,1769.78602685259,1771.11707952081,1771.90282552955,1771.90282552955,1775.24174764406,1775.24174764406,1828.57007392559,1828.57007392559,1829.12767462863,1835.56196077348,1850.54852487573,1865.2043141306,1885.1207727212,2038.69110702475,2066.50077894084,2066.50077894084,43.1739250494545,140.770402748574,27.6405235924345,52.2777949110784,151.885753267904
2004-02-14,304.891583243059,304.891583243059,304.891583243059,309.188347891205,309.852349643486,313.404537365209,326.028776445883,327.621730521541,328.830595689792,378.294683444169,378.294683444169,398.311400871979,398.311400871979,410.869179845691,410.869179845691,418.42403074224,418.42403074224,418.42403074224,418.786265318869,437.050965569897,437.050965569897,453.029639699267,453.029639699267,453.948403359606,454.918179873358,456.582601863656,456.582601863656,458.872462449167,459.427679701079,469.423562224408,605.86559245537,605.86559245537,610.198013095501,613.560251560852,616.808223642357,618.931354906447,618.931354906447,1341.81273215979,1341.81273215979,1359.60972650708,1363.71172992295,1364.58741519788,1366.59397670144,1389.9736850274,1398.79270163214,1664.28756471636,1714.09059344572,1717.55993229991,1719.15460344098,1720.06509787035,1728.68599542346,1729.59959243571,1731.02020214683,1731.900832553,1731.900832553,1735.20235771587,1735.20235771587,1787.30567828878,1787.30567828878,1787.92472615981,1794.41655747776,1809.12758847054,1823.68759017258,1843.34107124585,1996.61592407547,2023.86907632579,2023.86907632579,41.4914846690511,133.71297065811,27.1368816056528,50.8954498241493,151.342956415778
2004-02-15,301.262262441118,301.262262441118,301.262262441118,305.466497178066,306.096345870465,309.805102199857,322.187912509099,323.787624530361,325.096815727135,372.852047268171,372.852047268171,392.420048266977,392.420048266977,404.717184777233,404.717184777233,412.352945965594,412.352945965594,412.352945965594,412.708344605997,430.726682203845,430.726682203845,446.863381530277,446.863381530277,447.891230009424,448.807982081363,450.707525950697,450.707525950697,453.083731871634,453.639426821022,463.383826956499,592.846981998823,592.846981998823,597.26901869449,600.559051662323,604.020517462852,606.304109042827,606.304109042827,1303.81143918107,1303.81143918107,1321.43420556352,1325.5670151738,1326.48842107866,1328.51844817283,1351.4146236454,1360.19287253007,1620.32901533771,1669.40337594376,1672.98690687737,1674.64033335026,1675.59827757407,1684.00008825262,1685.01052690095,1686.50818813349,1687.47143997254,1687.47143997254,1690.73604612562,1690.73604612562,1741.67285957266,1741.67285957266,1742.34518542306,1748.87587238905,1763.30713113184,1777.75167625582,1797.13274010531,1949.71931336628,1976.41619133133,1976.41619133133,39.9524343379439,126.45926463827,26.6143063438643,49.5907864725676,150.430539146276
2004-02-16,296.218502355987,296.218502355987,296.218502355987,300.411521572993,301.021057066843,305.062380061608,317.282396838352,318.910685487278,320.360021664863,366.684886118223,366.684886118223,385.867510291265,385.867510291265,397.978870862478,397.978870862478,405.638061827481,405.638061827481,405.638061827481,405.986758698263,423.743974222465,423.743974222465,439.912524690123,439.912524690123,441.018177879821,441.884787180296,443.957907622125,443.957907622125,446.388354075321,446.942058336097,456.432850622097,578.92357645798,578.92357645798,583.372752014038,586.574468286606,590.169594216476,592.549972684997,592.549972684997,1263.16095231876,1263.16095231876,1280.58364725801,1284.73601315786,1285.69422145441,1287.73924190656,1310.15577067673,1318.87211586286,1573.09687648569,1621.40295827539,1625.07203033755,1626.77017885008,1627.7645838875,1635.95454664741,1637.04345161079,1638.60141720257,1639.63135688807,1639.63135688807,1642.85916086704,1642.85916086704,1692.68927063231,1692.68927063231,1693.40397609234,1699.94603170133,1714.09571763634,1728.39632761064,1747.48641545037,1898.96785429538,1925.10968881066,1925.10968881066,38.5402841793728,119.357613103969,26.0829188696023,48.3719544259352,149.138442695914
2004-02-17,290.589886597858,290.589886597858,290.589886597858,294.717273594791,295.298957079621,299.552209412639,311.699435114439,313.336598442525,314.902644373142,359.954400889205,359.954400889205,378.789106510922,378.789106510922,390.836549990939,390.836549990939,398.473116808304,398.473116808304,398.473116808304,398.814273639485,416.298845019199,416.298845019199,432.400499837018,432.400499837018,433.559926124734,434.377186165269,436.571493147749,436.571493147749,439.029368515546,439.576509842678,448.814263889024,564.649108652787,564.649108652787,569.057551038059,572.15421927404,575.770290323328,578.198784148426,578.198784148426,1220.71879302281,1220.71879302281,1237.89462716771,1242.04809787383,1243.03163838671,1245.08103708529,1267.01304604464,1275.64042319069,1523.73192723486,1571.23180993905,1574.95259699745,1576.6785781534,1577.69637368346,1585.67939266789,1586.82549396605,1588.42455341145,1589.5030084338,1589.5030084338,1592.69423402728,1592.69423402728,1641.4526720374,1641.4526720374,1642.19833543883,1648.72308863507,1662.59278619824,1676.71771900781,1695.49772634485,1845.48891965889,1871.07962537652,1871.07962537652,37.2289174083148,112.649042638839,25.5508582341779,47.2169467999155,147.504470485386
2004-02-18,284.661483644864,284.661483644864,284.661483644864,288.691502169426,289.246904274023,293.610631008527,305.582384556355,307.225111199509,308.829380149332,352.455458304551,352.455458304551,370.990508188719,370.990508188719,383.003478734903,383.003478734903,390.696461795617,390.696461795617,390.696461795617,391.033721894883,408.290118719917,408.290118719917,424.37580215451,424.37580215451,425.587426367051,426.361740286201,428.661851270613,428.661851270613,431.138220134949,431.678168998262,440.673268019966,550.289600000186,550.289600000186,554.623537432424,557.611456081442,561.214167319016,563.654144247912,563.654144247912,1177.46538607088,1177.46538607088,1194.34234799922,1198.47500050244,1199.47085598544,1201.51133298695,1222.94608090572,1231.44896485165,1473.59780165205,1520.24993554969,1523.97991105328,1525.71301085418,1526.73793998993,1534.51803267755,1535.69468706288,1537.3106215551,1538.41471362259,1538.41471362259,1541.56936497001,1541.56936497001,1589.26838962358,1589.26838962358,1590.03015647824,1596.49165469188,1610.08456992187,1623.9937266303,1642.43593567771,1790.60620077109,1815.65041422324,1815.65041422324,36.0247746858207,106.419116411154,25.0243833823308,46.1105915689893,145.594612902473
2004-02-19,278.587451936818,278.587451936818,278.587451936818,282.510136600687,283.03414311337,287.433373644032,299.199905331532,300.834604859462,302.475475488515,344.819289270732,344.819289270732,362.950886007256,362.950886007256,374.775592724988,374.775592724988,382.481411269077,382.481411269077,382.481411269077,382.815288800334,399.845053198209,399.845053198209,415.906772497453,415.906772497453,417.167175753331,417.904199938959,420.299835969158,420.299835969158,422.790635590789,423.324220874183,432.089829384617,535.958486965448,535.958486965448,540.207319667276,543.09018054114,546.661137059027,549.096983697612,549.096983697612,1134.1885169219,1134.1885169219,1150.73853565506,1154.82545194139,1155.82073069606,1157.83723853087,1178.8279106771,1187.18405131898,1423.51958741446,1469.32434498532,1473.049437662,1474.79045143459,1475.82045955195,1483.42112278788,1484.61071264536,1486.22605869251,1487.34762176634,1487.34762176634,1490.46758473101,1490.46758473101,1537.16719882703,1537.16719882703,1537.94098004128,1544.32439660486,1557.68095150723,1571.34304208692,1589.45042335398,1735.66235779736,1760.1789755841,1760.1789755841,34.9461520590197,100.675228822366,24.5155787012056,45.0938188815246,143.600027561529
2004-02-20,272.44033534651,272.44033534651,272.44033534651,276.257160260833,276.762894463209,281.164775078751,292.760102627856,294.371259908682,296.024292378068,337.214953358018,337.214953358018,354.949548116316,354.949548116316,366.533874988229,366.533874988229,374.153072661758,374.153072661758,374.153072661758,374.479968444261,391.273052074631,391.273052074631,407.235376627205,407.235376627205,408.518805526957,409.21916965292,411.694635732454,411.694635732454,414.23888908539,414.770078475268,423.430123096737,521.998563445809,521.998563445809,526.125228316731,528.899615265153,532.451306650294,534.892045316061,534.892045316061,1092.14335729642,1092.14335729642,1108.68241963015,1113.00263087615,1114.10059285539,1116.14092557656,1137.60005278269,1146.04806507688,1379.2316165826,1425.57820661334,1429.36633111438,1431.32304376989,1432.45291860818,1440.22739181359,1441.39911957683,1442.98396899307,1444.11285492166,1444.11285492166,1447.30404949905,1447.30404949905,1494.01910593879,1494.01910593879,1494.80576267234,1501.10861168798,1514.81357220315,1528.65310456071,1547.76871084751,1693.23807784663,1718.16357763087,1718.16357763087,33.9610252367059,95.4130080868555,24.9279538815132,45.212642492044,142.852587036238
2004-02-21,266.616126158539,266.616126158539,266.616126158539,270.385994563255,270.860425706455,275.137909609704,287.019782908058,288.586115083301,290.177689312965,330.397654338472,330.397654338472,347.799677586987,347.799677586987,359.280264182607,359.280264182607,366.557539653671,366.557539653671,366.557539653671,366.869766764827,383.388982285348,383.388982285348,398.999735043787,398.999735043787,400.243649126792,400.9292677593,403.405822186954,403.405822186954,405.940079972939,406.463444130144,415.088814477272,509.064222144273,509.064222144273,513.033074264388,515.723782381547,519.172426904798,521.536427943802,521.536427943802,1055.12567522882,1055.12567522882,1071.33278218485,1075.38531079839,1076.46271771067,1078.45012402079,1100.5495676164,1108.91223052009,1338.89991196053,1386.53111167813,1390.29483041233,1392.31473968232,1393.53279487476,1401.77387996626,1403.03503373143,1404.69109168051,1405.83589249008,1405.83589249008,1409.25665909978,1409.25665909978,1467.73718597295,1467.73718597295,1468.25656338845,1474.02320092194,1487.85267973407,1501.48706342097,1520.01411689411,1663.78138804713,1688.69474719533,1688.69474719533,33.1310224746376,90.9390687413338,25.7052404488152,57.4429179696975,142.170919755187
2004-02-22,267.450307855716,267.450307855716,267.450307855716,272.750006092586,273.233522436195,276.31571406887,300.975432161789,302.101512531176,301.991460905827,344.018976627323,344.018976627323,360.721589439792,360.721589439792,374.903734790386,374.903734790386,377.825637950199,377.825637950199,377.825637950199,378.267513886092,396.814321518553,396.814321518553,408.00371070904,408.00371070904,407.669669693536,408.825794863873,412.77765235845,412.77765235845,414.979571397845,415.420936003471,427.36401381527,528.454917609681,528.454917609681,530.681341957588,535.495416021628,539.342893427942,542.219074941571,542.219074941571,1128.66667316314,1128.66667316314,1154.93481282852,1162.50332253878,1165.55624700842,1166.29036100771,1202.38824198324,1209.77115727971,1476.55642621608,1548.64572111175,1551.70434846288,1555.27709590923,1560.55753781623,1577.83857927564,1577.17940089019,1576.70974799856,1577.27319319086,1577.27319319086,1581.70510009538,1581.70510009538,1688.16919419963,1688.16919419963,1685.9424828465,1684.83194101495,1701.16519266334,1712.72782212681,1728.90419064715,1865.75758472541,1890.34328729413,1890.34328729413,36.6524328155031,100.876084679093,42.9617114000101,112.285063748492,145.562834867681
2004-02-23,265.769986470662,265.769986470662,265.769986470662,270.764346087067,271.256202402809,274.624667160156,298.409875018801,300.047234190956,301.061944173291,345.163174347046,345.163174347046,364.10312995639,364.10312995639,381.311585987237,381.311585987237,384.798646407308,384.798646407308,384.798646407308,385.189701685904,405.919129644112,405.919129644112,416.364880062582,416.364880062582,415.825954328075,416.456706913843,416.61346190066,416.61346190066,418.17511556443,418.67041109143,431.515627771181,537.048868494862,537.048868494862,539.556777965097,542.197495893363,543.583220757377,544.884876243563,544.884876243563,1104.54757958796,1104.54757958796,1131.79326906974,1138.81517725588,1140.3872221942,1142.70279593699,1179.00208185409,1190.01557221493,1461.72824518088,1536.95462684003,1540.39653925406,1542.15154022906,1545.10158756129,1564.89589143005,1566.07795957983,1568.19835115811,1568.84245830044,1568.84245830044,1573.43478492913,1573.43478492913,1721.77074125959,1721.77074125959,1721.60149331444,1727.48684466308,1744.71224518048,1760.73274152204,1789.44030301446,1938.84706236357,1971.42556731802,1971.42556731802,37.3340371416216,106.080731039559,43.0201669851629,149.268537561704,152.549508904711
2004-02-24,263.610930645913,263.610930645913,263.610930645913,268.159891547012,268.65723244761,272.186896568007,293.000074559475,294.786784996621,296.306534724295,341.335962365583,341.335962365583,361.409762187244,361.409762187244,379.48470915384,379.48470915384,385.145200020063,385.145200020063,385.145200020063,385.522777508795,407.654059556159,407.654059556159,420.67132534976,420.67132534976,420.519485550861,421.196762321466,421.118291241002,421.118291241002,422.440250315335,422.90749853465,435.524501204323,547.304666381988,547.304666381988,549.428447733136,551.959866277791,552.477669840541,553.095549826408,553.095549826408,1096.2285746055,1096.2285746055,1120.7757178691,1126.63768375716,1127.8740162033,1129.97590889045,1164.59313669656,1176.16085853725,1452.82631360331,1530.60242068098,1533.7620213572,1535.33537203381,1537.69403361868,1557.47442636045,1558.4082605961,1560.39901594326,1561.00616444253,1561.00616444253,1565.57815298353,1565.57815298353,1726.36703066943,1726.36703066943,1726.58017844963,1734.32823177325,1752.50490263787,1770.7606289428,1808.95605256429,1972.32743188723,2013.86498212164,2013.86498212164,37.1794834096052,112.687555018503,42.8687548347669,160.86218196263,164.732630363858
2004-02-25,261.226321612616,261.226321612616,261.226321612616,265.528216517836,266.02022028101,269.518967543071,287.810195097156,289.532304863103,291.101139957816,335.731408133688,335.731408133688,355.915884541306,355.915884541306,373.2696292808,373.2696292808,380.489339099067,380.489339099067,380.489339099067,380.886215386505,403.200785374642,403.200785374642,419.292655217925,419.292655217925,419.772284521399,420.523688388182,421.368846265573,421.368846265573,423.146144475218,423.685748890502,436.170485149576,554.029409310677,554.029409310677,556.365827407235,558.980333352294,559.701565818608,560.366254274624,560.366254274624,1091.6074788794,1091.6074788794,1114.68636997389,1119.97056998501,1121.02068686822,1123.00291573976,1156.34312595837,1168.30368148929,1445.35271120144,1524.24348535329,1527.35195298048,1528.89142558158,1530.89456172998,1549.83573731062,1550.66581070681,1552.5560314663,1553.13788028887,1553.13788028887,1557.64413955911,1557.64413955911,1712.30647802935,1712.30647802935,1712.7509716716,1721.60372631134,1741.0124973774,1760.59487415948,1804.04648424416,1983.6047913502,2033.51827754112,2033.51827754112,36.5963690322721,118.063761549015,42.4030003762049,154.189951438405,179.923193180391
2004-02-26,258.609971480981,258.609971480981,258.609971480981,262.78328729454,263.269799280662,266.714660156501,283.194190266749,284.825498926688,286.324988079614,330.05958361928,330.05958361928,349.82644041052,349.82644041052,365.869696475498,365.869696475498,373.683250725813,373.683250725813,373.683250725813,374.08593343442,395.696413832679,395.696413832679,413.729031209248,413.729031209248,414.710002871198,415.511409022665,417.31314443737,417.31314443737,419.606937085002,420.22057298851,432.541089383642,554.319837210543,554.319837210543,557.322790131669,560.11564387296,561.630303215215,562.737468088152,562.737468088152,1083.18247076918,1083.18247076918,1105.65235874805,1110.72406425706,1111.73484739606,1113.73288314878,1145.98080433656,1158.56997944935,1433.25128743254,1511.76935804643,1515.04145107386,1516.65075326833,1518.45764308204,1536.33556446628,1537.19792702258,1539.10497160077,1539.77725010452,1539.77725010452,1544.19594222115,1544.19594222115,1685.29763190027,1685.29763190027,1685.90264077946,1695.45348776821,1716.15060418063,1736.53937864293,1781.29743090006,1976.16097565697,2031.65282365329,2031.65282365329,35.9157498748048,120.814904074439,41.238866546507,140.247290166305,194.42076742953
2004-02-27,255.575050324398,255.575050324398,255.575050324398,259.643254210952,260.123114370651,263.590708882544,278.794379780672,280.364057259439,281.816976824417,324.450476440068,324.450476440068,343.581380556154,343.581380556154,358.282497030653,358.282497030653,366.188660755312,366.188660755312,366.188660755312,366.58674151573,387.118100869904,387.118100869904,405.774623043054,405.774623043054,407.049906405051,407.867802090293,410.291151813902,410.291151813902,412.9090665461,413.571808171913,425.631639755235,548.471437347623,548.471437347623,552.174001324379,555.134360100557,557.53904849994,559.182576309999,559.182576309999,1068.48459595745,1068.48459595745,1090.51035704195,1095.51412060561,1096.55202704777,1098.6258207593,1129.83977512376,1142.95309173671,1413.08751459586,1490.0355308483,1493.58455886605,1495.32008905681,1497.03779608324,1513.86321780517,1514.84560647874,1516.8419455472,1517.66287705229,1517.66287705229,1521.98764129425,1521.98764129425,1648.54029928738,1648.54029928738,1649.26351819862,1659.22010000212,1681.00830412229,1701.80913639443,1745.45384421757,1951.72809839291,2009.53069830248,2009.53069830248,35.0713279754054,120.785676988699,39.5894541716812,125.405509048569,205.08307462766
2004-02-28,252.241801953164,252.241801953164,252.241801953164,256.215075708247,256.684280137321,260.163356840238,274.42833955827,275.953394458177,277.386499960533,318.888883142712,318.888883142712,337.37654723017,337.37654723017,350.923086110171,350.923086110171,358.691542318872,358.691542318872,358.691542318872,359.075981193337,378.545617998813,378.545617998813,397.01127956005,397.01127956005,398.390307495045,399.194050568461,401.894320696051,401.894320696051,404.66224887569,405.34491598776,417.079894866643,538.393241400628,538.393241400628,542.581261876404,545.636332138668,548.729946231326,550.807421391283,550.807421391283,1048.2856588211,1048.2856588211,1069.94018814916,1074.88534550159,1075.95047119228,1078.09026201567,1108.28650405042,1121.68474004573,1385.42918309743,1459.98587374711,1463.78156108122,1465.62800126177,1467.2861405149,1483.11987701547,1484.21596316141,1486.29842943707,1487.25463565574,1487.25463565574,1491.48435705399,1491.48435705399,1604.92804128143,1604.92804128143,1605.73129129637,1615.85909627003,1638.38056582215,1659.25542549787,1700.65903355824,1913.02956179426,1970.54352348068,1970.54352348068,34.1886514869111,118.513158948255,37.7161674042905,112.083979848228,210.544495124988
2004-02-29,217.385120963375,217.385120963375,217.385120963375,224.602741222196,225.322744480765,236.908856225382,252.482690651771,255.359642225985,258.816016725484,302.454684676981,302.454684676981,322.823251902065,322.823251902065,337.186587446105,337.186587446105,346.521745186002,346.521745186002,346.521745186002,346.938493062832,366.24825042347,366.24825042347,385.910164756455,385.910164756455,387.548931568233,388.355792888919,391.500013501072,391.500013501072,394.480666866207,395.188091230694,406.643790691074,524.80189897868,524.80189897868,529.383576575499,532.500130274326,536.151234411918,538.582057066575,538.582057066575,1023.76340399203,1023.76340399203,1045.05137451681,1049.94226949727,1051.02904031771,1053.21510369505,1082.41407219898,1095.86282287314,1351.61056318728,1423.28988293598,1427.27754611541,1429.20813689153,1430.81874164269,1445.73472892779,1446.92469981894,1449.07100390118,1450.1352858263,1450.1352858263,1454.27053725167,1454.27053725167,1556.09983214789,1556.09983214789,1556.9629010299,1567.11833201136,1589.97571921464,1610.68405979176,1649.52004453633,1863.01098870637,1918.6379127562,1918.6379127562,33.321808233662,114.720461038219,35.8478652355199,100.300279967769,211.148439643168
2004-03-01,236.493815782259,236.493815782259,236.493815782259,238.172617857303,238.451031818596,239.25736641323,251.786897916679,253.042830248895,254.464710098599,294.404934480035,294.404934480035,312.724320400415,312.724320400415,325.736995604364,325.736995604364,334.756440244361,334.756440244361,334.756440244361,335.15709593714,353.801444961942,353.801444961942,373.617952950418,373.617952950418,375.41488027071,376.210604697104,379.677513269915,379.677513269915,382.816219504523,383.539667078975,394.712475753201,508.636487158066,508.636487158066,513.499424549326,516.63719008583,520.711962894761,523.414903661054,523.414903661054,995.827243764356,995.827243764356,1016.65696201106,1021.48600062335,1022.58716948392,1024.80481245348,1053.02423771065,1066.38297447729,1312.94730059783,1381.64567632426,1385.76845027344,1387.75676670621,1389.32319216923,1403.41044079564,1404.67111047553,1406.85661269166,1408.000205044,1408.000205044,1412.04420586169,1412.04420586169,1503.82602272746,1503.82602272746,1504.72797627163,1514.79819656347,1537.6374332715,1557.99636787186,1594.30192053903,1805.12734428648,1858.06729720591,1858.06729720591,32.4906028666969,110.016023127081,34.0881498747359,90.1315808971451,208.106875748452
2004-03-02,238.932747229601,238.932747229601,238.932747229601,241.700284298749,242.054492208914,242.512864190198,254.171423281521,255.045963894681,255.650632863731,292.797272014832,292.797272014832,308.833548683551,308.833548683551,319.802558612428,319.802558612428,327.177215458506,327.177215458506,327.177215458506,327.523223008211,344.909556261226,344.909556261226,362.968175377278,362.968175377278,364.596915534243,365.339794200451,368.633033700842,368.633033700842,371.666006480387,372.366027711905,383.164831010139,492.078981979228,492.078981979228,496.980022921357,500.090836530633,504.300207058086,507.103149484332,507.103149484332,966.428536145278,966.428536145278,986.81134457405,991.528857942228,992.614524291058,994.827922037245,1022.04777346435,1035.12755739046,1271.96762864097,1337.69757851451,1341.86419636904,1343.86601942585,1345.37321107721,1358.69896694858,1359.98157209009,1362.16268174959,1363.34017232028,1363.34017232028,1367.29489705003,1367.29489705003,1450.76044413204,1450.76044413204,1451.66791136262,1461.52723191298,1484.0697709052,1503.90944870161,1537.82804040203,1743.50381833334,1793.455164691,1793.455164691,31.6977744502526,104.924069680775,32.4834482022719,81.7723912286048,202.757562642595
2004-03-03,236.408428733666,236.408428733666,236.408428733666,239.702043131598,240.090584744641,242.043213337576,253.599351267668,254.653770672941,255.450381047451,291.673598402277,291.673598402277,306.799339205298,306.799339205298,316.581770566184,316.581770566184,322.732536563653,322.732536563653,322.732536563653,323.03462183661,339.302711258507,339.302711258507,355.182580206491,355.182580206491,356.467366527447,357.133856833683,359.893951879131,359.893951879131,362.689715854488,363.333464942321,373.714950901315,477.035743679639,477.035743679639,481.652782198734,484.622077465516,488.699464351908,491.425062802036,491.425062802036,937.036558839468,937.036558839468,956.965749821947,961.568922804754,962.614963579206,964.796939026715,991.073158745448,1003.73545691415,1231.16128498242,1294.00723938992,1298.12241170557,1300.09123854766,1301.51587687019,1314.14078663788,1315.39281519471,1317.52265775979,1318.68612108307,1318.68612108307,1322.5525260236,1322.5525260236,1399.3208148969,1399.3208148969,1400.20178568006,1409.73774499667,1431.78873419944,1450.97871358871,1482.68862483342,1681.84628607663,1728.78479328746,1728.78479328746,30.9858478244281,99.6653690408429,31.0372067586013,75.1073750697432,196.205231113439
2004-03-04,232.973771459475,232.973771459475,232.973771459475,236.398564185962,236.788004384666,239.653883737433,251.219358638001,252.517025028196,253.629652892477,289.790283125298,289.790283125298,304.704221780902,304.704221780902,314.117118212027,314.117118212027,319.862995349756,319.862995349756,319.862995349756,320.148903682493,335.735398347522,335.735398347522,350.028900105892,350.028900105892,350.989895706506,351.647386635522,353.795755130402,353.795755130402,356.175177780808,356.754471762417,366.741308000988,464.89574824358,464.89574824358,469.098792230213,471.960506681541,475.666257634637,478.139952456186,478.139952456186,912.535731629223,912.535731629223,931.397940857068,936.0677377121,937.018768519026,939.091920479333,964.295766195913,976.289520074684,1195.16116449138,1255.14356991609,1259.04533420587,1260.90644222802,1262.2021483347,1274.17822684679,1275.30921190998,1277.30116886275,1278.37080489926,1278.37080489926,1282.14880890737,1282.14880890737,1353.45587761479,1353.45587761479,1354.25768082077,1363.30982524226,1384.7495056688,1403.12622380675,1432.74143957878,1624.74164853136,1668.76075254231,1668.76075254231,30.5831140883152,94.9955759835063,29.7768898133259,69.80671957995,189.22890355615
2004-03-05,233.721765707148,233.721765707148,233.721765707148,237.30001491261,237.70064372326,240.171226450653,252.072839993128,253.407772861163,254.346019250209,292.850641835507,292.850641835507,307.954042204634,307.954042204634,317.029337665274,317.029337665274,321.658923260545,321.658923260545,321.658923260545,322.087068512916,338.000035155003,338.000035155003,350.264954584076,350.264954584076,350.681260449743,351.389839616235,352.722455587941,352.722455587941,354.699531598901,355.202843406532,365.223506151171,459.496823891948,459.496823891948,462.976209887514,465.815515180689,469.094373239566,471.259504134913,471.259504134913,901.822045906086,901.822045906086,920.751644122192,924.769425229515,925.455268471662,927.243795319912,951.452579942559,962.207640437726,1173.74410615726,1230.61436242744,1233.95281781192,1235.54138101511,1236.58938549608,1247.95430160092,1248.7632436577,1250.42902035638,1251.22967765909,1251.22967765909,1254.91780194624,1254.91780194624,1321.4730087968,1321.4730087968,1322.08223082692,1330.32015396526,1351.09132064526,1368.33030428858,1395.77097994752,1580.28861101308,1621.48417779279,1621.48417779279,32.8906165993796,92.1181212401939,28.7149354082705,65.4916998810049,182.321972690892
2004-03-06,235.41319980402,235.41319980402,235.41319980402,238.893498818897,239.33824182882,241.530518614568,253.019482651306,254.209197319604,255.006533254683,296.67295339068,296.67295339068,312.793989912603,312.793989912603,321.682051731231,321.682051731231,325.518455493588,325.518455493588,325.518455493588,325.956989655453,342.058749552828,342.058749552828,353.099857645189,353.099857645189,353.190813386794,353.847616816966,354.429989210311,354.429989210311,356.035781842441,356.490561146666,366.692386117884,457.448527879984,457.448527879984,460.298097288968,462.872153499074,465.44668828982,467.27949887753,467.27949887753,889.565904882362,889.565904882362,909.054135662235,913.337711547511,914.030240299615,915.801089000136,940.121043762227,950.453641545144,1158.71400614344,1214.04575706147,1217.31606349209,1219.0457003008,1220.14250782148,1231.37505575691,1232.10984572401,1233.63209827113,1234.33909241853,1234.33909241853,1238.06312611885,1238.06312611885,1301.53043279381,1301.53043279381,1302.12132717499,1310.0897058757,1330.93413184392,1348.06065595931,1375.22472303105,1553.75251365949,1593.30155425047,1593.30155425047,35.3681680924247,89.3574393394738,28.319665172203,62.6057541553035,176.837750697565
2004-03-07,235.019246939122,235.019246939122,235.019246939122,238.342582147896,238.825732732318,241.160375819983,252.356441723378,253.550159865069,254.442163123387,297.100589378574,297.100589378574,314.230813659372,314.230813659372,323.547546144484,323.547546144484,327.66369860328,327.66369860328,327.66369860328,328.041888421179,344.064021850378,344.064021850378,355.189593827788,355.189593827788,355.289330974408,355.905317589877,356.266303562244,356.266303562244,357.638843206468,358.068431441017,368.178112936648,455.85567331409,455.85567331409,458.472093586654,460.88529493058,462.944101909181,464.446592681339,464.446592681339,876.249714715542,876.249714715542,894.763555968717,899.090376435459,899.821658732785,901.62965956673,925.608240790614,935.738855643033,1140.84275644989,1194.56409419674,1197.70080318424,1199.20458433655,1200.17372849769,1211.07349860292,1211.78054482247,1213.24589615412,1213.93182942822,1213.93182942822,1217.5888549895,1217.5888549895,1277.59712967735,1277.59712967735,1278.11767488966,1285.89979999213,1306.09675480927,1322.40192022661,1347.89439350643,1520.2403842043,1558.03198500301,1558.03198500301,35.603266612493,86.5187273375289,27.7107423826499,59.1886601902016,170.63855773569
2004-03-08,233.940345701581,233.940345701581,233.940345701581,237.216569294273,237.720192801757,240.216135303624,251.152453855684,252.349996380775,253.314436963339,295.749974038258,295.749974038258,313.238764537104,313.238764537104,323.04552270231,323.04552270231,327.796591861696,327.796591861696,327.796591861696,328.163672118682,344.167813701402,344.167813701402,355.982752450938,355.982752450938,356.211978706049,356.839885018828,357.329311613727,357.329311613727,358.742326118472,359.172602748297,369.169318259661,454.093691739858,454.093691739858,456.659415685844,459.009774054205,460.929919264132,462.323588123019,462.323588123019,864.301346436095,864.301346436095,882.202600632182,886.32568013792,887.015782495742,888.783333973115,912.308987660364,922.040775208333,1124.39803556311,1176.60406921568,1179.62911892637,1181.07125774256,1181.96205197391,1192.49428161242,1193.14079638318,1194.53366708259,1195.17179973999,1195.17179973999,1198.75981691306,1198.75981691306,1255.82804824337,1255.82804824337,1256.31032501955,1263.75326950816,1283.31247319808,1299.02410657526,1323.29095091798,1489.85024442703,1525.95512594059,1525.95512594059,35.0761225969785,83.7714666649335,27.0934455617315,56.3176266132379,164.995366185955
2004-03-09,231.967254175011,231.967254175011,231.967254175011,235.230842685387,235.747843394708,238.48898000962,249.21747868799,250.434825290542,251.489646763171,293.131059233134,293.131059233134,310.554476482872,310.554476482872,320.63537033194,320.63537033194,325.966158383177,325.966158383177,325.966158383177,326.331997134548,342.289108624126,342.289108624126,354.969300896381,354.969300896381,355.399888108104,356.04066516097,356.844989429003,356.844989429003,358.413133985455,358.861342491926,368.72282946223,451.094920943984,451.094920943984,453.764557294777,456.09155853139,458.087971150085,459.49869000526,459.49869000526,851.819174071533,851.819174071533,869.287374793528,873.313703525236,873.985019184621,875.737903659936,898.851858855407,908.260195966538,1107.92931692686,1158.76224305619,1161.72802311587,1163.13069232254,1163.97146512208,1174.13631134734,1174.75435113924,1176.10613713165,1176.72337694075,1176.72337694075,1180.24535231559,1180.24535231559,1234.68464824004,1234.68464824004,1235.14885923949,1242.3265259566,1261.27133550522,1276.49400912813,1299.74876942713,1461.22606056541,1495.76064059676,1495.76064059676,34.1970877589551,81.0154945910023,26.4790110202107,53.7079686671409,159.994435314895
2004-03-10,229.327070102579,229.327070102579,229.327070102579,232.569582296774,233.092885782323,236.055653283169,246.606511395235,247.845733929609,248.989839562287,289.607009465817,289.607009465817,306.752769378322,306.752769378322,316.915085613387,316.915085613387,322.652243030167,322.652243030167,322.652243030167,323.018060194703,338.859435530492,338.859435530492,352.253639625806,352.253639625806,352.88252057958,353.531228382101,354.698411043418,354.698411043418,356.450541473683,356.920747495464,366.635170934542,446.487935867999,446.487935867999,449.328484249989,451.655772502931,453.842641449151,455.365183896368,455.365183896368,838.187967915814,838.187967915814,855.333159285191,859.28922873165,859.958163859848,861.709319228233,884.434849332292,893.590376226113,1090.4914779064,1140.07765919994,1143.02505563005,1144.41956959128,1145.23331688082,1155.04402129332,1155.6620983416,1156.99144047218,1157.60618885434,1157.60618885434,1161.06500837859,1161.06500837859,1213.10146581077,1213.10146581077,1213.56357917055,1220.53741823603,1238.88849306911,1253.69310556115,1276.0937778571,1433.12189343448,1466.16812577499,1466.16812577499,33.218133641564,78.2074464677698,25.876512484865,51.2883408996688,155.564949571812
2004-03-11,226.122697560292,226.122697560292,226.122697560292,229.330189964029,229.854884956542,233.008418623265,243.39506910096,244.653193392296,245.879131751756,285.410275484916,285.410275484916,302.180925590057,302.180925590057,312.29750661523,312.29750661523,318.288665851336,318.288665851336,318.288665851336,318.651049170976,334.312763133404,334.312763133404,348.169625098268,348.169625098268,348.95951856886,349.606761340207,351.08998183305,351.08998183305,353.00363824116,353.491877844592,363.036597741809,440.287080596599,440.287080596599,443.30480260461,445.632818954529,448.03817701481,449.698757630763,449.698757630763,822.97441928365,822.97441928365,839.823685753238,843.728490578411,844.407745175832,846.166581934618,868.512655520106,877.469085169263,1071.43778149342,1119.88727428805,1122.83926683421,1124.23778215346,1125.04137267196,1134.51859661754,1135.15403556912,1136.4901835883,1137.13039679587,1137.13039679587,1140.52984399148,1140.52984399148,1190.35746586446,1190.35746586446,1190.82929992608,1197.64735037579,1215.4229525268,1229.86512076393,1251.5159307877,1404.61285148135,1436.26607376175,1436.26607376175,32.2485283400146,75.3174970045733,25.292180918523,49.0367894617822,151.605913141483
2004-03-12,222.755813633237,222.755813633237,222.755813633237,225.929101230519,226.448778014603,229.672043009599,240.090017311106,241.335990798513,242.584497000574,281.061054100928,281.061054100928,297.376520527945,297.376520527945,307.382495415158,307.382495415158,313.443277082661,313.443277082661,313.443277082661,313.798083505441,329.278853506024,329.278853506024,343.284554827818,343.284554827818,344.174787401858,344.850530873179,346.753109524205,346.753109524205,348.754276478625,349.245926162348,358.585306645425,434.113438606755,434.113438606755,437.334984538976,439.880412259163,442.537568062011,444.225122150172,444.225122150172,819.342540227707,819.342540227707,834.794735530955,838.214717501574,838.685686641137,840.233534797752,861.569276239737,869.703493896391,1060.00511311748,1107.13150179851,1109.80017417799,1111.06130948455,1111.73870243073,1121.02032763653,1121.49620414493,1122.6697359065,1123.25540272449,1123.25540272449,1126.59235227979,1126.59235227979,1176.24060145857,1176.24060145857,1176.58590842055,1182.86139318265,1200.25347245983,1213.95083927862,1234.54304307715,1383.67360147194,1414.27354892523,1414.27354892523,31.4053190044894,73.3762553272117,24.7325737460353,49.1479889142021,148.014927992493
2004-03-13,246.350076339266,246.350076339266,246.350076339266,249.543777685329,250.724607551037,249.966982669817,266.545560674738,267.721521689803,267.218030321008,316.582401075894,316.582401075894,330.559880423758,330.559880423758,337.68815804701,337.68815804701,336.799968824237,336.799968824237,336.799968824237,337.451837001731,352.596925262426,352.596925262426,361.712929378049,361.712929378049,360.4646127638,362.205184317091,367.908731332717,367.908731332717,369.193256191941,369.523411205726,383.521878178023,477.125032268182,477.125032268182,478.277065917596,484.306406233131,488.38258739971,491.907462137373,491.907462137373,988.038405455932,988.038405455932,1018.9990535871,1028.62464798292,1028.05527136918,1026.7659716921,1052.91096708538,1052.3393220799,1239.28636800098,1280.93336051012,1277.44771960121,1275.98344987415,1274.488347538,1283.78465226996,1280.38079320819,1278.01911418632,1275.46766244337,1275.46766244337,1278.77027224534,1278.77027224534,1326.35972043618,1326.35972043618,1324.43859483286,1324.03648839972,1341.47282073553,1348.54292601128,1362.44162458629,1501.48707291177,1529.98564937471,1529.98564937471,43.4611889600778,95.6223848563286,26.4965007114196,52.4629301379552,144.775483227252
2004-03-14,251.994143798923,251.994143798923,251.994143798923,255.772777663579,256.997076098826,257.516145410781,271.223994196831,272.301966431636,272.482926659485,327.041500291732,327.041500291732,344.070304696602,344.070304696602,354.754084904989,354.754084904989,354.527108287377,354.527108287377,354.527108287377,354.998970241756,370.436991078116,370.436991078116,377.905801391226,377.905801391226,376.49255946122,377.199013420581,376.483206370104,376.483206370104,377.482759755529,377.974872801305,393.052722996677,496.136568894026,496.136568894026,498.696960830495,501.706966773914,501.795397948586,502.480363162994,502.480363162994,975.522830010149,975.522830010149,1011.0921002257,1019.09704451051,1020.17100507227,1022.29155400069,1055.67100897969,1065.10590014986,1258.83819122856,1308.86704050243,1310.06782438814,1310.58151383045,1310.7295509037,1320.73435232269,1320.0564113099,1320.03913876599,1319.47559757799,1319.47559757799,1322.83742189876,1322.83742189876,1376.67888340762,1376.67888340762,1376.11097907996,1379.34917103575,1397.10162651174,1407.1122886531,1423.25026575896,1562.02319778235,1593.28490567825,1593.28490567825,44.5819343506758,105.361444822255,26.2581723844371,55.4440596983056,141.665727432996
2004-03-15,254.203077268825,254.203077268825,254.203077268825,258.052768959625,259.203058513854,261.044867252579,273.779218715153,274.844545163194,275.303113134548,329.312752678154,329.312752678154,348.12639220597,348.12639220597,361.20758647853,361.20758647853,363.857439329441,363.857439329441,363.857439329441,364.318581084344,380.924193029021,380.924193029021,390.557921442351,390.557921442351,389.474262072902,390.223702997792,388.547295957903,388.547295957903,389.043146125003,389.465430033717,403.890314266477,514.734160105746,514.734160105746,517.096304411024,520.16454190461,519.50234977074,519.422523402731,519.422523402731,989.956208342847,989.956208342847,1020.82699810767,1027.17139708373,1027.87810988612,1029.76286144431,1062.65009556588,1072.62369069158,1266.53547144905,1317.89164514233,1319.8566918652,1320.75711868855,1321.20631105508,1331.32118140171,1331.28207694859,1331.88120769816,1331.92928503376,1331.92928503376,1335.26730469248,1335.26730469248,1392.8863974243,1392.8863974243,1392.79364020839,1397.4088460357,1415.56121432706,1426.88338689041,1444.0854664228,1581.94929913363,1616.66310618319,1616.66310618319,43.1714293442542,113.097190861992,25.8142371113376,58.1182001586078,138.769813841412
2004-03-16,253.249274215126,253.249274215126,253.249274215126,257.267494227427,258.34927053345,261.223963382586,273.647814592596,274.827934215838,275.617079602347,327.670710484416,327.670710484416,346.849947073268,346.849947073268,361.604620245786,361.604620245786,366.354339525293,366.354339525293,366.354339525293,366.827377402204,384.339195135078,384.339195135078,397.063799681546,397.063799681546,396.645478943617,397.458822859478,396.60114228953,396.60114228953,397.468784416755,397.933213377166,411.726513114788,528.107755200386,528.107755200386,530.721745127312,533.951473235368,533.775686249918,533.865234240067,533.865234240067,1008.96589284404,1008.96589284404,1036.55071798539,1041.91654148693,1042.40580484915,1044.13139117969,1076.08724545117,1085.7622726496,1278.26334092402,1329.20256293711,1331.04608785795,1331.89429436414,1332.27130698885,1342.24085316719,1342.18081870187,1342.78437979782,1342.8317993159,1342.8317993159,1346.12446506506,1346.12446506506,1405.14388045054,1405.14388045054,1405.10430797564,1409.80104978361,1428.37396490214,1439.67222314169,1456.65785687834,1592.28719084532,1629.78210693273,1629.78210693273,41.2566145532122,117.71090053092,25.3219585322226,59.3926469513704,136.074272584535
2004-03-17,250.27534109481,250.27534109481,250.27534109481,254.314094997862,255.320915877054,258.899628222722,271.19215411667,272.493729711346,273.591507477806,323.450565532061,323.450565532061,342.424123132691,342.424123132691,357.500789753916,357.500789753916,363.725125334099,363.725125334099,363.725125334099,364.197446201319,382.353978471598,382.353978471598,397.569568778152,397.569568778152,397.817263815685,398.671692792489,398.997286929275,398.997286929275,400.487263174443,401.030348050776,414.308176886956,534.131227921695,534.131227921695,537.348146912872,540.744368068833,541.515516889276,542.144494934987,542.144494934987,1020.62502933274,1020.62502933274,1046.24171009614,1051.18923708568,1051.68250840969,1053.45466644784,1084.6299934585,1094.48226595419,1285.75801139928,1336.24833821575,1338.17333717141,1339.05576504339,1339.43348100353,1349.17340310891,1349.17254975554,1349.83900690297,1349.93415135125,1349.93415135125,1353.18326136303,1353.18326136303,1412.18996953599,1412.18996953599,1412.21389094812,1416.97639321613,1435.91289559405,1447.14168188074,1463.8335683485,1597.23121153814,1636.48074248626,1636.48074248626,39.4316704700521,119.873573512543,24.7847667739519,59.214615826089,133.586301395234
2004-03-18,246.875216397392,246.875216397392,246.875216397392,251.271337157894,252.189208865433,255.805719628665,269.227946814346,270.456273328377,271.541456493171,319.046048236029,319.046048236029,337.283630634141,337.283630634141,352.550001880694,352.550001880694,359.167487718573,359.167487718573,359.167487718573,359.617291539166,378.135527956851,378.135527956851,394.370704726305,394.370704726305,395.05304087198,395.911484199417,397.13923890404,397.13923890404,399.115324333913,399.716688688959,412.498483052444,533.863945351152,533.863945351152,537.63992443158,541.149221364391,542.848136629706,544.052053635607,544.052053635607,1022.37838184459,1022.37838184459,1046.72344835672,1051.49324246498,1052.06566713958,1053.9468027169,1084.28686728234,1094.48098901835,1285.23587004778,1335.21714629573,1337.37578946938,1338.3695324949,1338.82052708333,1348.30001847585,1348.4560734747,1349.2650906526,1349.49162298735,1349.49162298735,1352.70087509257,1352.70087509257,1410.73665436783,1410.73665436783,1410.86800021127,1415.82414798036,1434.99645725087,1446.2893020419,1462.82984976707,1594.33606395109,1634.16531427599,1634.16531427599,37.9999921767111,120.332574183803,24.2346405823365,57.9743202799721,131.321406456838
2004-03-19,245.10501098489,245.10501098489,245.10501098489,249.491002290263,250.328798123481,253.524316430129,275.472401640097,276.170375616569,276.363464347737,321.028640791094,321.028640791094,337.565173227511,337.565173227511,351.718789874144,351.718789874144,357.564888926395,357.564888926395,357.564888926395,357.970150190216,376.490063948076,376.490063948076,392.244800532446,392.244800532446,392.927873735879,393.870310171574,395.298701998472,395.298701998472,397.414578934753,398.01890178135,410.499981561598,534.542459428701,534.542459428701,538.178602384069,541.72378362811,543.627705462507,544.90886322586,544.90886322586,1020.6770428022,1020.6770428022,1044.18869352401,1048.76943821344,1049.34370694293,1051.23330183598,1080.6413135615,1090.83187795218,1281.70995178795,1330.78472407382,1333.02544743683,1334.05956781338,1334.53525938798,1343.72310981546,1343.95130607823,1344.82366641283,1345.11520370693,1345.11520370693,1348.28338852387,1348.28338852387,1404.59486568353,1404.59486568353,1404.78436269531,1409.79251353061,1429.03344849907,1440.26277283724,1456.55549170224,1586.27894902028,1625.62288028762,1625.62288028762,37.4070115093976,123.05532325642,23.7086770968955,56.1016202247369,129.292517045482
2004-03-20,244.282535564763,244.282535564763,244.282535564763,248.363162001117,249.123259241163,251.890822071293,275.693960132173,276.739035588236,277.385388707618,321.391123240391,321.391123240391,337.414386244949,337.414386244949,350.509427424733,350.509427424733,355.981900819432,355.981900819432,355.981900819432,356.361722700757,374.923627918407,374.923627918407,389.758341109566,389.758341109566,390.450414087208,391.319870371425,392.745379674419,392.745379674419,394.817592174613,395.411182959811,407.426018619468,535.738293526819,535.738293526819,539.03365216118,542.363178986132,544.139003025918,545.423891480537,545.423891480537,1013.91198807656,1013.91198807656,1036.24019855249,1040.7329760955,1041.36001182253,1043.29558909815,1071.71064076408,1081.93832271964,1273.63802697229,1321.82551668906,1324.18809326626,1325.2813618609,1325.79916559563,1334.69910887624,1335.01915257222,1335.96684748148,1336.33600732571,1336.33600732571,1339.4639462151,1339.4639462151,1393.744161645,1393.744161645,1393.99231010144,1399.05047756107,1418.20048472336,1429.36255839726,1445.41615925879,1573.57168707169,1611.77036017835,1611.77036017835,37.0172913225791,127.626515247361,23.2114178819881,53.9203321963075,127.501455879239
2004-03-21,247.38576845856,247.38576845856,247.38576845856,251.247450717396,251.956941287137,253.685111108973,275.803347151036,276.982827774264,277.791788538346,323.851086781295,323.851086781295,339.838891725847,339.838891725847,352.137542496522,352.137542496522,356.846871713964,356.846871713964,356.846871713964,357.330765640357,376.67505709535,376.67505709535,389.841914101188,389.841914101188,390.317464489491,391.231862489187,392.293653099644,392.293653099644,394.152250767203,394.698985480452,406.313851967299,541.138448207705,541.138448207705,543.816938470367,546.999370918369,548.3558732576,549.357710995258,549.357710995258,1011.22701127135,1011.22701127135,1032.47126752502,1036.67355353292,1037.19576296699,1039.02059304328,1066.14372847651,1075.8730346883,1268.66137214565,1315.52064673463,1317.75497085523,1318.79038102509,1319.26124152508,1327.86018590764,1328.12543919962,1329.01624154956,1329.34255760462,1329.34255760462,1332.42618168596,1332.42618168596,1384.37326002874,1384.37326002874,1384.59834774617,1389.47367470699,1408.39053421768,1419.25428158947,1434.86748534652,1561.43356363076,1598.07247269421,1598.07247269421,39.0199102655477,134.834647491234,22.7473337614993,51.6342942007751,125.939027082568
2004-03-22,250.221580235077,250.221580235077,250.221580235077,253.924438353105,254.603394118232,255.870838266995,275.72624253295,276.972991626403,277.84245742249,324.670075411491,324.670075411491,341.23083238409,341.23083238409,353.258223304403,353.258223304403,358.021305434306,358.021305434306,358.021305434306,358.452658100274,378.214079733735,378.214079733735,391.160108144235,391.160108144235,391.518410108637,392.439971733703,393.291240878987,393.291240878987,395.028647339933,395.546760489992,407.005419956616,548.954323494739,548.954323494739,551.228663521467,554.299297546661,555.351382689563,556.155896240705,556.155896240705,1013.12742127648,1013.12742127648,1033.86148121115,1037.91029817979,1038.3593815877,1040.07288757381,1066.60943994053,1075.77517958132,1270.39759873402,1315.78167690479,1317.74083676691,1318.64188146932,1319.00607944482,1327.29819209427,1327.41234297761,1328.15816242713,1328.35762700743,1328.35762700743,1331.39440949209,1331.39440949209,1380.89082775117,1380.89082775117,1381.03301991052,1385.54785483419,1404.12318800557,1414.50421351518,1429.50675582522,1554.47065746341,1589.36953138152,1589.36953138152,39.6218453518941,142.331207367536,22.3254088042993,49.3728395043744,124.587203014013
2004-03-23,253.67053888472,253.67053888472,253.67053888472,257.297499776336,257.950370037801,258.956091342233,276.540383788766,277.629876454494,278.352767794948,325.017224904661,325.017224904661,342.138925477336,342.138925477336,353.995837678436,353.995837678436,358.74345238237,358.74345238237,358.74345238237,359.265609108868,379.551787942559,379.551787942559,392.287772341427,392.287772341427,392.639615598887,393.567935187158,394.490565737173,394.490565737173,396.199006895464,396.708389721937,408.136441900816,555.755607533658,555.755607533658,558.119300951078,561.223060156843,562.579754257434,563.62929783013,563.62929783013,1020.11491312287,1020.11491312287,1040.99542792762,1045.26254236586,1045.631548626,1047.22418434381,1073.13821071659,1081.72567223418,1279.25820746261,1323.34831598522,1325.01298224992,1325.77554879926,1326.02599658392,1334.04016006978,1333.97962175694,1334.55617135892,1334.60432960385,1334.60432960385,1337.59493998447,1337.59493998447,1384.70192850714,1384.70192850714,1384.74190975413,1388.83696611972,1406.99693362049,1416.83124164543,1431.17032847052,1554.62285872174,1587.77499697396,1587.77499697396,39.7035831133769,147.720863624633,22.1116200163216,47.2182316407005,123.421122761258
2004-03-24,255.952477040036,255.952477040036,255.952477040036,259.567555470157,260.215196424906,261.378823922623,277.448060750616,278.502576558836,279.178585678895,325.154993457965,325.154993457965,342.30997160589,342.30997160589,353.81500152767,353.81500152767,358.69259647377,358.69259647377,358.69259647377,359.161438868069,379.141855712661,379.141855712661,392.253112592068,392.253112592068,392.689750166472,393.586080113812,394.586111903696,394.586111903696,396.326315989227,396.840095434768,408.124601314492,557.345770530891,557.345770530891,560.229885177815,563.342896603516,564.963249990434,566.163734414928,566.163734414928,1016.49541294594,1016.49541294594,1037.32232092454,1041.74772349426,1042.28204520608,1044.0393619993,1069.5708398955,1078.3197537016,1279.6095500827,1323.27494486838,1325.16156713219,1326.02059593728,1326.35140986945,1334.15160868299,1334.23114602241,1334.91858006891,1335.07600219236,1335.07600219236,1338.03199416264,1338.03199416264,1383.28566223185,1383.28566223185,1383.39055229442,1387.55542737589,1405.2648179754,1415.04050900604,1429.17135792025,1551.75580848995,1583.44757212778,1583.44757212778,39.2736179316295,148.499541942202,21.9558409868335,45.1977720107223,122.407618932344
2004-03-25,256.610101557693,256.610101557693,256.610101557693,260.282629916547,260.923704903081,262.502032062624,277.554392437562,278.675551485663,279.44002869509,324.587374127362,324.587374127362,341.64711896196,341.64711896196,352.85979349947,352.85979349947,357.89144739392,357.89144739392,357.89144739392,358.336761322593,377.786813990392,377.786813990392,391.142928280345,391.142928280345,391.677526581221,392.559497476576,393.700945923501,393.700945923501,395.505735202902,396.023720526732,407.089819180893,553.755849091296,553.755849091296,557.25899427565,560.458205966759,562.707539051866,564.278355509633,564.278355509633,1008.08481593707,1008.08481593707,1028.61761855933,1032.99953767399,1033.61268563093,1035.45314432671,1060.64769478138,1069.39181298666,1273.74046797169,1316.97711650395,1319.05630002453,1320.00843530706,1320.41435733837,1328.00629160509,1328.22413040473,1329.02717882175,1329.30361543379,1329.30361543379,1332.22636609611,1332.22636609611,1375.81012144638,1375.81012144638,1375.99339268586,1380.28181636776,1397.52089487482,1407.32037109922,1421.34717702943,1543.29588866094,1573.69131536011,1573.69131536011,38.517828515866,145.046044782443,21.7958624826175,43.3337157054848,121.500939460024
2004-03-26,255.815628843188,255.815628843188,255.815628843188,259.546448528825,260.176940370654,262.232926814478,276.482275313475,277.660287411477,278.559896035327,322.777229110363,322.777229110363,339.736290874586,339.736290874586,350.762979801263,350.762979801263,356.046646883945,356.046646883945,356.046646883945,356.47837171566,375.416444111257,375.416444111257,389.005723170481,389.005723170481,389.640748418778,390.504625006452,391.811010780189,391.811010780189,393.704822635633,394.227571635033,405.047628707729,545.768198709983,545.768198709983,549.804559868695,553.073792410664,555.944316406919,557.90682100994,557.90682100994,995.621098176851,995.621098176851,1015.84558556968,1020.21686487447,1020.88455871322,1022.78219506937,1047.58509773039,1056.26683184833,1262.08564875334,1304.84768377568,1307.10648750823,1308.14611183834,1308.62327649298,1316.01627512223,1316.36478470216,1317.27613217039,1317.66581694704,1317.66581694704,1320.55623878018,1320.55623878018,1362.62110443225,1362.62110443225,1362.87950345199,1367.28729769736,1384.0506594155,1393.8750478317,1407.81118604124,1529.17471945733,1558.39626077912,1558.39626077912,37.560249546381,138.334764619668,21.5547840962353,41.6304640487035,120.639704056908
2004-03-27,253.826638066614,253.826638066614,253.826638066614,257.576436838309,258.191650911567,260.675060629291,274.319053037124,275.552852725904,276.595317013785,319.767908112113,319.767908112113,336.555810527013,336.555810527013,347.417752051069,347.417752051069,352.991069055919,352.991069055919,352.991069055919,353.40768560382,371.892885253511,371.892885253511,385.734926892335,385.734926892335,386.475879917936,387.312155120851,388.798962805786,388.798962805786,390.789970342161,391.320427112288,401.874915480566,534.412655952768,534.412655952768,538.83521827782,542.12963702576,545.50388725281,547.796721301095,547.796721301095,979.434547184699,979.434547184699,999.275939371889,1003.61975618739,1004.3343529018,1006.27891111533,1030.66219362545,1039.27316844139,1244.89286994125,1287.1213759309,1289.5546581009,1290.67962479697,1291.22698450523,1298.42797469819,1298.90371823982,1299.91957587638,1300.41896528334,1300.41896528334,1303.27806380951,1303.27806380951,1343.9755782425,1343.9755782425,1344.30669582402,1348.8330963235,1365.12468701521,1374.97343795867,1388.82687799663,1509.57273783381,1537.73196521978,1537.73196521978,36.4844560272573,129.579118818942,21.2269416746557,40.0847189802768,119.751765339186
2004-03-28,250.856536131028,250.856536131028,250.856536131028,254.594373708266,255.190042727053,258.011574605646,271.176833847217,272.449682158306,273.622532317405,315.711380083851,315.711380083851,332.238714151991,332.238714151991,342.925302363461,342.925302363461,348.765108369923,348.765108369923,348.765108369923,349.16372122413,367.254298805897,367.254298805897,381.322905068548,381.322905068548,382.171783622216,382.97420104306,384.647382337149,384.647382337149,386.732301698356,387.268233133148,397.536292884684,520.759522147449,520.759522147449,525.414813529908,528.691754170904,532.415063120305,534.94643374573,534.94643374573,960.163516338014,960.163516338014,979.531467323011,983.822571192508,984.570144853295,986.556116717431,1010.48263200282,1018.99573895951,1223.00184262106,1264.61705244477,1267.19630378828,1268.39209841838,1268.99908245841,1276.01278374937,1276.59993478619,1277.7065482227,1278.30215691483,1278.30215691483,1281.13046765549,1281.13046765549,1320.58677933106,1320.58677933106,1320.98242715631,1325.6087048236,1341.4380252694,1351.2919245069,1365.05248483611,1485.05754761214,1512.24760204699,1512.24760204699,35.4153618790309,119.883212120579,20.8430283082188,38.6853482010809,118.764495699792
2004-03-29,247.225856381156,247.225856381156,247.225856381156,250.903408645584,251.471157393177,254.518701831528,267.259826094944,268.554750346046,269.832231511527,310.820347127971,310.820347127971,327.00184199223,327.00184199223,337.473771558192,337.473771558192,343.521540228626,343.521540228626,343.521540228626,343.899708106326,361.673575942021,361.673575942021,375.884705233181,375.884705233181,376.832246742809,377.59583379696,379.443055498856,379.443055498856,381.608023841198,382.145952109494,392.104509937578,505.722508170531,505.722508170531,510.478932468615,513.69926344477,517.629144036312,520.311456779848,520.311456779848,938.362333727694,938.362333727694,957.206737470014,961.438854335097,962.20771110759,964.218441136164,987.639229767735,996.031010843368,1197.40134306718,1238.35262568428,1241.04154704947,1242.29010427951,1242.94279359172,1249.76933074971,1250.44718527132,1251.62562991502,1252.29900376826,1252.29900376826,1255.09665119297,1255.09665119297,1293.41592764019,1293.41592764019,1293.86897065649,1298.57158367276,1313.97079149815,1323.79897466065,1337.56941271909,1456.8249648436,1483.2523708008,1483.2523708008,34.3840543259103,110.0576950043,20.4485702622129,37.4184749894125,117.748356151689
2004-03-30,243.269969055977,243.269969055977,243.269969055977,246.838683279712,247.376245428893,250.53245722606,262.89227467911,264.19258608255,265.534881400367,305.442502317816,305.442502317816,321.231337980027,321.231337980027,331.421102739842,331.421102739842,337.583669663994,337.583669663994,337.583669663994,337.945460002683,355.512998989295,355.512998989295,369.742333258686,369.742333258686,370.764017839976,371.489500663127,373.481060126729,373.481060126729,375.701247447895,376.237761975377,385.885390716251,490.210945457911,490.210945457911,494.950190538572,498.08835005596,502.102115823824,504.855700707659,504.855700707659,914.894271091054,914.894271091054,933.239733879298,937.388039927313,938.170898255503,940.186800839378,963.11514643159,971.361903568396,1169.47556089679,1209.74371899899,1212.49887442689,1213.78200349507,1214.4657573918,1221.11888789442,1221.85769982698,1223.08005703824,1223.80681621067,1223.80681621067,1226.5759203038,1226.5759203038,1265.09977319216,1265.09977319216,1265.59468040142,1270.31661382904,1285.51677012986,1295.268636947,1308.91651611764,1426.86924075103,1453.04800246597,1453.04800246597,33.4387707094353,100.689176962534,20.0704882146605,37.5589537302077,116.380568346329
2004-03-31,239.217505418031,239.217505418031,239.217505418031,242.659195370611,243.16625077598,246.337780839201,258.370733788061,259.658840488434,261.026467795311,299.896956079103,299.896956079103,315.251420555174,315.251420555174,325.104665245277,325.104665245277,331.279242141551,331.279242141551,331.279242141551,331.627682275773,349.048082854956,349.048082854956,363.163509719217,363.163509719217,364.232956375419,364.92203790061,367.006771117789,367.006771117789,369.253956179384,369.783298929404,379.119594788403,474.849659464614,474.849659464614,479.48853548891,482.526934059516,486.518766588042,489.275240853256,489.275240853256,890.199769106703,890.199769106703,908.046071828771,912.110887152725,912.903347528455,914.915502009667,937.380340262736,945.484464796914,1140.07004356163,1179.77149161714,1182.5592287074,1183.8603210436,1184.56097594202,1191.04828291802,1191.82682040944,1193.07309100312,1193.83312855715,1193.83312855715,1196.57355094763,1196.57355094763,1238.32957432747,1238.32957432747,1238.77998753262,1243.34196314847,1258.45712637182,1267.93732860481,1281.18877404308,1397.54853127747,1425.50513188925,1425.50513188925,32.5949853003778,92.1300408401494,19.7186346646199,40.8534128641516,114.850968478776
2004-04-01,235.180750472061,235.180750472061,235.180750472061,238.488192679175,238.964155351394,242.090434072763,253.846428952459,255.109405691891,256.477927476696,294.345726024834,294.345726024834,309.242410414076,309.242410414076,318.734150244481,318.734150244481,324.842839589261,324.842839589261,324.842839589261,325.177607498726,342.428835496157,342.428835496157,356.333041266718,356.333041266718,357.426389651356,358.077618424632,360.204869533024,360.204869533024,362.450697342169,362.970387017598,371.99231790196,460.018563688652,460.018563688652,464.496338026287,467.413272257343,471.303927255651,474.014883259542,474.014883259542,864.391193052648,864.391193052648,881.732825325197,885.709625820559,886.506153309488,888.508402890035,910.496155339586,918.469086833293,1109.41925923604,1148.64340002742,1151.4561949003,1152.76422147822,1153.47984152148,1159.8039085959,1160.61618606784,1161.88167751795,1162.66963110922,1162.66963110922,1165.3804966418,1165.3804966418,1213.54800689922,1213.54800689922,1213.97130576986,1218.36022226982,1233.81539165038,1243.00967756238,1255.88190919118,1370.428598574,1404.04603598895,1404.04603598895,31.8146810044516,84.5455249995558,19.3800089908162,47.3245545544937,113.138246035162
2004-04-02,233.497720311388,233.497720311388,233.497720311388,236.618223697711,237.065582294869,239.703221908368,251.059357900149,252.16611349075,253.328575688559,290.435523827076,290.435523827076,304.549958637196,304.549958637196,313.419100995471,313.419100995471,319.150971182404,319.150971182404,319.150971182404,319.467651052377,336.450683036363,336.450683036363,349.7932181311,349.7932181311,350.850950932743,351.463307187409,353.536425686559,353.536425686559,355.72559998025,356.226805548857,364.920156675977,446.289141720185,446.289141720185,450.530295891669,453.312793498836,457.020574594063,459.643360774745,459.643360774745,838.766761314547,838.766761314547,855.54598356497,859.429533446115,860.309903825894,862.348499369695,884.801157677317,892.913857364087,1080.8537262202,1120.36911202831,1123.28180803117,1124.78880149266,1125.59582980721,1132.02785786621,1132.90701402536,1134.23506020816,1135.16302319751,1135.16302319751,1137.95951560397,1137.95951560397,1200.68963263077,1200.68963263077,1201.05806627577,1205.16506955731,1223.23774949336,1232.27508604357,1245.52432228709,1358.43158747202,1408.13879532371,1408.13879532371,31.6169824600559,78.1014659062076,19.2313605772174,62.0954202242703,112.00247885137
2004-04-03,231.365580257463,231.365580257463,231.365580257463,234.257985783455,234.689286656348,237.101511276688,248.276825850553,249.354509392401,250.468298558655,286.996570531897,286.996570531897,300.57337071862,300.57337071862,308.923808182722,308.923808182722,314.268724269836,314.268724269836,314.268724269836,314.568733890498,331.243622511963,331.243622511963,343.863297461862,343.863297461862,344.838844101501,345.403942255092,347.340231169533,347.340231169533,349.427385367658,349.903436049744,358.2587805647,433.963793269472,433.963793269472,437.918573818346,440.552850293624,444.009892895819,446.480851374247,446.480851374247,813.431634548359,813.431634548359,829.674475674134,833.442792319041,834.235402146767,836.204144425283,857.856568817402,865.943362933157,1049.78440226593,1089.21753498978,1092.03630507273,1093.36228859643,1094.0991448984,1100.43114572489,1101.27115513956,1102.54585925422,1103.36591150851,1103.36591150851,1106.12296264135,1106.12296264135,1183.9862418672,1183.9862418672,1184.30677767314,1188.4019906775,1210.34060832457,1218.88314681027,1231.32225851312,1342.16850941267,1416.67150463868,1416.67150463868,31.3234272975585,72.7446746857991,18.9085435101884,77.2861799126088,109.981331327836
2004-04-04,230.24759946099,230.24759946099,230.24759946099,232.938751831058,233.343644143829,235.366787874558,246.398345454949,247.420143978999,248.434283631365,284.831349341331,284.831349341331,297.991786652299,297.991786652299,305.862086570482,305.862086570482,310.670716707889,310.670716707889,310.670716707889,310.988872020295,327.471107885225,327.471107885225,339.050828567796,339.050828567796,339.883125256323,340.406265427945,342.103180867659,342.103180867659,344.028164912982,344.469559469314,352.481200368617,423.610193072561,423.610193072561,427.209372450548,429.699550109976,432.836948587508,435.106162276656,435.106162276656,789.821932305784,789.821932305784,805.433339577644,809.050804393899,809.798216992342,811.704217202848,832.677533421442,840.697057924232,1020.97168213476,1060.20207332347,1062.91773414246,1064.1890507413,1064.88658904125,1071.07079147064,1071.86092434108,1073.08056487474,1073.85373306706,1073.85373306706,1076.56683789546,1076.56683789546,1164.89928276075,1164.89928276075,1165.24837516335,1169.34268154451,1196.04952974053,1204.42160175561,1216.55374947894,1325.40042344819,1421.52210350072,1421.52210350072,31.4864695240596,68.5519657945353,18.5677279296437,87.6704026765375,107.952222818591
2004-04-05,229.402675746908,229.402675746908,229.402675746908,231.949372950188,232.329711157402,234.093468553481,244.892827607133,245.84241750665,246.771634937749,282.721244254748,282.721244254748,295.657327440923,295.657327440923,303.163928122851,303.163928122851,307.661627493168,307.661627493168,307.661627493168,307.948426279217,324.092100420021,324.092100420021,334.99544917588,334.99544917588,335.718614584111,336.200805796634,337.680701703243,337.680701703243,339.455139299051,339.864406013801,347.549281634548,414.906287751671,414.906287751671,418.169307320584,420.496285640364,423.296974774835,425.374916167645,425.374916167645,767.593028708748,767.593028708748,782.613984624709,786.094885612063,786.801187135216,788.646021585017,808.960077795234,816.951108898842,994.13337239333,1033.08188041827,1035.70099528184,1036.92288846965,1037.58555563978,1043.60594436279,1044.35281659726,1045.5234728734,1046.2565412578,1046.2565412578,1048.92771516245,1048.92771516245,1139.65190954158,1139.65190954158,1140.09275919277,1144.35664686369,1175.10010830829,1183.57045361942,1195.68189252117,1302.81470428248,1408.87818952419,1408.87818952419,31.2593743561606,65.1513908927714,18.2348222855056,89.8447569017021,105.932657647316
2004-04-06,232.412623076753,232.412623076753,232.412623076753,234.925117010009,235.297585766658,236.220248736001,247.629710794039,248.567176107273,249.165902230261,286.940606493191,286.940606493191,300.086007576547,300.086007576547,307.399202904907,307.399202904907,310.629462190334,310.629462190334,310.629462190334,311.082710002266,327.770262125449,327.770262125449,336.650464445923,336.650464445923,336.819134242967,337.425520216113,338.025776333819,338.025776333819,339.457272030009,339.79778913019,347.522365462164,412.448224431707,412.448224431707,414.947825904312,417.17223432545,419.441307358626,421.118460841372,421.118460841372,755.649033091191,755.649033091191,770.76148817011,774.426630126651,774.939159234554,776.543117225671,796.456570696571,803.866783080802,979.109248730978,1017.10500363271,1019.26420830278,1020.2624621026,1020.75415147153,1026.56999695434,1027.0591171053,1027.99030237471,1028.50634727662,1028.50634727662,1031.13051392532,1031.13051392532,1118.01088845226,1118.01088845226,1118.40148912771,1122.45427683941,1155.5262341409,1163.7662083714,1175.58701490916,1280.69305379378,1385.88724081522,1385.88724081522,33.5256633736177,63.729944395309,17.9397470645611,86.1274340564251,103.922612223502
2004-04-07,233.365887824341,233.365887824341,233.365887824341,235.810119008349,236.177214197626,237.137688793049,248.198197343209,249.063736803963,249.694186366608,288.425505128912,288.425505128912,302.467568485925,302.467568485925,309.755404517562,309.755404517562,312.658253323842,312.658253323842,312.658253323842,313.027129985442,329.572097071189,329.572097071189,337.829746917902,337.829746917902,337.954553540621,338.43177030849,338.715254114562,338.715254114562,339.808393234139,340.111935339651,347.593086847732,411.018068087269,411.018068087269,413.106280496586,415.069222346889,416.683291434614,418.02599868382,418.02599868382,741.142090343698,741.142090343698,755.304181317124,758.649034509867,759.216970106272,760.86568668755,780.240963179567,787.861335704324,962.46240222807,1000.11267731432,1002.27246916523,1003.26559760661,1003.75629940545,1009.41951372266,1009.90645383787,1010.8202766009,1011.32285762146,1011.32285762146,1013.91055434456,1013.91055434456,1094.57883114093,1094.57883114093,1094.99552524818,1099.04024858854,1132.78941713997,1141.00041008662,1152.70156380808,1255.95462568181,1354.41718593769,1354.41718593769,34.0948763122236,62.6906589316698,17.6226418859871,79.8383966885833,101.924393706877
2004-04-08,233.648893369562,233.648893369562,233.648893369562,236.09023135591,236.455366093863,237.5865450655,248.45618586499,249.326977894882,249.994436382443,288.580427752699,288.580427752699,303.180673857755,303.180673857755,310.823215045574,310.823215045574,313.971060349291,313.971060349291,313.971060349291,314.307158173651,330.670580319456,330.670580319456,338.887054965485,338.887054965485,339.014805814806,339.488943702894,339.682235007464,339.682235007464,340.675627295571,340.956289811056,348.227393180139,410.928191929369,410.928191929369,412.724538169898,414.548512468609,415.794321717985,416.897995425969,416.897995425969,731.818657025858,731.818657025858,745.000368136625,748.079080798536,748.535812306576,750.059748039906,768.679215741944,776.016567539113,949.982383343922,986.855404699815,988.842895255159,989.751939258972,990.181986067223,995.682549626132,996.084057330653,996.912175233693,997.341923227251,997.341923227251,999.892817434365,999.892817434365,1073.77431811255,1073.77431811255,1074.15392865669,1078.01963467179,1111.29568236834,1119.30442558916,1130.75413987625,1231.99414487351,1321.5614257346,1321.5614257346,33.7081018677192,62.2620456125232,17.3002488453026,73.137984716014,99.9429792488373
2004-04-09,233.104185707494,233.104185707494,233.104185707494,235.610725612326,235.977045371548,237.382109001239,248.278415082499,249.233253022893,249.988778804257,288.168904716546,288.168904716546,303.532845522627,303.532845522627,311.622976880149,311.622976880149,314.944691046807,314.944691046807,314.944691046807,315.369609529545,332.200577591673,332.200577591673,340.495090734492,340.495090734492,340.581922227094,341.085457212143,341.368672465853,341.368672465853,342.576271727339,342.868830586218,350.554386071416,413.44865158846,413.44865158846,414.920067024735,416.699968299226,417.922470948417,418.977395807078,418.977395807078,732.864524981949,732.864524981949,746.830924652684,750.083819687724,750.40275843571,751.722615905132,771.163248792863,778.001996108636,953.658627613561,990.098515064161,991.471706332035,992.054430543272,992.226681073083,997.517302711052,997.521543819295,997.985812020226,998.082797760969,998.082797760969,1000.58847088408,1000.58847088408,1067.82218059265,1067.82218059265,1067.98211618502,1071.13933796199,1103.29062021914,1110.54253541223,1121.21983611951,1219.87682917875,1300.2810411397,1300.2810411397,33.1137120593743,62.743666961526,17.4128279917984,67.0142045111876,97.9831834073902
2004-04-10,231.703522050419,231.703522050419,231.703522050419,234.29650787997,234.66247198864,236.389361022816,247.333871531544,248.373458820773,249.243763645098,286.997260737307,286.997260737307,302.920511805464,302.920511805464,311.358825948013,311.358825948013,315.003494277101,315.003494277101,315.003494277101,315.435943291015,332.394364618848,332.394364618848,341.391109126782,341.391109126782,341.550631712076,342.048819339452,342.375949974525,342.375949974525,343.558791609159,343.863449370723,351.775333911406,415.111606554493,415.111606554493,416.549380093557,418.213900901766,419.138610354105,420.015749664968,420.015749664968,729.511058295971,729.511058295971,743.263486557157,746.564690994262,746.930040571881,748.340987310043,767.737661919234,774.822492448544,950.509706924747,986.15415527707,987.703315787935,988.388824620506,988.649780395432,993.83085294536,993.964218411558,994.524863422752,994.712477979473,994.712477979473,997.193466204023,997.193466204023,1059.27658939643,1059.27658939643,1059.47048817282,1062.63608991223,1093.38675132343,1100.54792033068,1111.05493917936,1207.78627462772,1280.04930779288,1280.04930779288,32.539572520462,63.1419843294371,17.0663299626019,61.7707640978759,96.0568868788396
2004-04-11,229.433881755571,229.433881755571,229.433881755571,232.085843595924,232.445076053184,234.495874213678,245.304171768561,246.35628193365,247.33047320431,284.534511438004,284.534511438004,300.585731101536,300.585731101536,309.307899811607,309.307899811607,313.441618001327,313.441618001327,313.441618001327,313.844695756766,330.633984177751,330.633984177751,340.560059855635,340.560059855635,340.909892110407,341.415312363368,342.005426076881,342.005426076881,343.21239943045,343.528063031218,351.420607780916,415.4142650531,415.4142650531,416.983950529744,418.633334348896,419.640036246247,420.548007919711,420.548007919711,729.068771570426,729.068771570426,741.836447249728,744.918086658357,745.221885390466,746.742826171881,765.436591985859,772.342630675869,947.696835877812,982.558165809725,984.075199196405,984.747194589653,985.004161734174,990.057484254818,990.195531146398,990.75316779737,990.947214992606,990.947214992606,993.39971767688,993.39971767688,1051.09106730177,1051.09106730177,1051.27920993616,1054.36474129801,1083.62332184957,1090.631794722,1100.93811212944,1195.78186877515,1260.93159541678,1260.93159541678,31.8471529607389,63.5778253798124,16.7003758650442,57.3909819296494,94.1718307595002
2004-04-12,226.513986989351,226.513986989351,226.513986989351,229.20148963295,229.55389907959,231.864804773598,242.581528255336,243.657038846249,244.72345713808,281.249014602202,281.249014602202,297.058107968751,297.058107968751,305.963521260129,305.963521260129,310.521988181894,310.521988181894,310.521988181894,310.908982430266,327.51925217435,327.51925217435,338.212974904118,338.212974904118,338.751372822882,339.282557384718,340.195689403646,340.195689403646,341.559782142963,341.894716305183,349.74262646284,414.271525030718,414.271525030718,416.006251762325,417.651195955689,418.839818692083,419.856622488486,419.856622488486,729.155720519115,729.155720519115,741.510009613016,744.482342989447,744.749260646737,746.244959905687,764.570719188925,771.248254140144,945.468414406957,979.555928659135,981.023387808566,981.671054793046,981.913858283777,986.839594569068,986.962766908997,987.498067456765,987.67821366468,987.67821366468,990.103751888406,990.103751888406,1044.12820298123,1044.12820298123,1044.29718695005,1047.26348517842,1075.04458062323,1081.85442678138,1091.91992267584,1184.86507183873,1243.88335624653,1243.88335624653,31.1220016706986,63.8356735245527,16.3606288783212,53.7671335971322,92.329766167238
2004-04-13,223.052799986441,223.052799986441,223.052799986441,225.746928186587,226.090083897804,228.613739532762,239.234922724093,240.330870201812,241.481239198467,277.270236416188,277.270236416188,292.678928692507,292.678928692507,301.636415574788,301.636415574788,306.51280715852,306.51280715852,306.51280715852,306.885111865766,323.300721600668,323.300721600668,334.56113095582,334.56113095582,335.261438806797,335.792180370933,337.007368677801,337.007368677801,338.530850522167,338.886123658129,346.637277873093,411.405243370638,411.405243370638,413.344147465471,414.996681261482,416.42291804807,417.589593116628,417.589593116628,728.202297842728,728.202297842728,740.357223027507,743.279230158118,743.550562148988,745.047239121203,763.146993966765,769.698019889505,942.167520472472,975.60882683668,977.088841548793,977.741877212247,977.993783749833,982.804443420898,982.947495394598,983.490777710401,983.684900869352,983.684900869352,986.08549410457,986.08549410457,1037.096529421,1037.096529421,1037.26538169949,1040.16936656799,1066.5395447909,1073.20218961744,1083.07782462617,1174.20754655533,1227.98701475293,1227.98701475293,30.3793743661853,63.7413036523838,16.0355114886496,50.7506618086265,90.5266606058239
2004-04-14,219.50375820012,219.50375820012,219.50375820012,222.20899542847,222.541888836329,225.149460047823,235.770487764223,236.884313351552,238.074839492638,273.695731780899,273.695731780899,288.736567095093,288.736567095093,297.618766092254,297.618766092254,302.452248923501,302.452248923501,302.452248923501,302.849663693405,319.172453792557,319.172453792557,330.397039511253,330.397039511253,331.162245361395,331.686595224528,333.053603291633,333.053603291633,334.657317075705,335.022147950893,342.618874864291,407.126964384674,407.126964384674,409.233613188437,410.887101567576,412.53439148372,413.844511772383,413.844511772383,725.260696096169,725.260696096169,737.333320706058,740.242606079694,740.54183870554,742.05520334125,760.002565840932,766.500824524931,936.705252826906,969.598419454233,971.13954871284,971.822183064051,972.10220538499,976.809823708985,977.002910842704,977.581863300977,977.816305470696,977.816305470696,980.193944462785,980.193944462785,1028.71815985634,1028.71815985634,1028.90639134101,1031.80887099367,1056.85573580401,1063.43318837894,1073.18127873297,1162.59810212286,1211.92160109748,1211.92160109748,30.2411066402214,63.2142707407453,15.7208376429734,48.2146546468054,88.7604074233887
2004-04-15,215.883970756444,215.883970756444,215.883970756444,218.560602182829,218.884405097049,221.544064044489,232.121315462997,233.280455083301,234.517073135719,270.63590922704,270.63590922704,285.59956665896,285.59956665896,294.262565029225,294.262565029225,298.860109979896,298.860109979896,298.860109979896,299.278049872859,315.576213218904,315.576213218904,326.402977011429,326.402977011429,327.14708198196,327.655270362406,329.020224895796,329.020224895796,330.61797554189,330.978258497468,338.390800956839,402.084544964758,402.084544964758,404.26770486912,405.900374497315,407.687197009952,409.09199928226,409.09199928226,720.018667327165,720.018667327165,732.085031618241,735.00132545891,735.345299944761,736.883551392881,754.718642556607,761.218700646682,929.613738067084,962.299673537856,964.104149319012,965.113434752848,965.563498767753,970.401273487355,970.757859929217,971.486734407059,971.860834704615,971.860834704615,974.347504856941,974.347504856941,1021.40330648969,1021.40330648969,1021.61303061373,1024.57912842362,1048.66806864999,1055.71053426614,1065.82356914002,1154.04316925641,1199.63163648875,1199.63163648875,30.6622819321506,62.2603346658762,15.6095557932948,46.623443501545,87.6904711248842
2004-04-16,212.14179075198,212.14179075198,212.14179075198,214.773060080368,215.082748074821,217.775648109556,228.161428500071,229.293372472472,230.548083034375,266.484703104624,266.484703104624,281.60872597176,281.60872597176,290.221239990818,290.221239990818,294.887293859099,294.887293859099,294.887293859099,295.27435426993,311.488778090669,311.488778090669,322.27526395115,322.27526395115,323.028138070292,323.517691624843,324.89403469573,324.89403469573,326.484206023386,326.838891245734,334.068715528504,396.553351072466,396.553351072466,398.768720626568,400.37330575555,402.245012657467,403.706630877251,403.706630877251,712.49958730395,712.49958730395,724.571775947314,727.509039837647,727.892449372863,729.450319336632,747.181765888105,753.660400419266,919.437642939824,951.6368881041,953.363577951933,954.145190842356,954.513344357683,959.278839500867,959.615523170686,960.314684886774,960.688270217585,960.688270217585,963.146615119863,963.146615119863,1008.55827474852,1008.55827474852,1008.9025958988,1012.21969232921,1035.57694840815,1042.56820094433,1053.90108644559,1142.29730076361,1185.48540556282,1185.48540556282,30.3355930648434,60.9567079453757,15.3782390285194,44.8847216526687,87.3193975807363
2004-04-17,206.354922969307,206.354922969307,206.354922969307,209.16482039933,209.481575028154,212.727176042144,223.106130894676,224.314101945963,225.700325226882,261.494970468904,261.494970468904,276.838380083485,276.838380083485,285.52000248149,285.52000248149,290.360319232107,290.360319232107,290.360319232107,290.765702837743,307.205511290957,307.205511290957,318.120335573046,318.120335573046,318.889675636899,319.413953609542,320.933961227914,320.933961227914,322.622530518991,322.980539848052,330.274728469419,391.701153567715,391.701153567715,393.918588050315,395.599376150299,397.714483528441,399.275438333112,399.275438333112,707.097082011873,707.097082011873,719.91288526688,723.058201093645,723.425683091659,724.932091416455,743.520475531506,749.827209833432,914.135969261911,945.883761331127,947.440668474159,948.137336541452,948.435055842752,953.108552389011,953.322561736495,953.902831916212,954.201998416094,954.201998416094,956.620491392432,956.620491392432,1000.28744383068,1000.28744383068,1000.48460539656,1003.51630883819,1025.7591295404,1032.32476227635,1042.72618633776,1128.95616728861,1169.31433413862,1169.31433413862,30.0388086929414,59.8431499673555,15.2410979148135,43.3430886301947,85.4726074394116
2004-04-18,203.449078968632,203.449078968632,203.449078968632,206.334268337512,206.647122060521,209.597724590538,220.325451039654,221.542240428087,222.792011382108,260.7196616018,260.7196616018,276.837654557167,276.837654557167,285.481830217428,285.481830217428,289.443398412295,289.443398412295,289.443398412295,290.076812136244,307.858705556642,307.858705556642,317.297145757841,317.297145757841,317.724080303305,318.242690040377,319.260971893158,319.260971893158,320.843480707311,321.183932235553,328.795566632806,388.811142363236,388.811142363236,390.747061550858,392.326530465376,394.131790760108,395.508043123262,395.508043123262,699.658956503305,699.658956503305,713.31945308338,716.526216985363,716.979784476886,718.543816628684,737.34433168469,743.790388153113,910.364489992089,942.666057420168,944.404440496353,945.415336186434,945.874577794482,950.742504652757,950.998935458942,951.6056394217,951.89225084531,951.89225084531,954.390580840267,954.390580840267,996.906739681645,996.906739681645,997.062096992079,999.912653606874,1021.34824033903,1027.81686138013,1038.28062146177,1122.9031549573,1160.9299474223,1160.9299474223,32.2520442033317,58.7963237433072,15.6848428916075,42.2797979138826,84.1448784616646
2004-04-19,199.244750377239,199.244750377239,199.244750377239,202.010070390983,202.322283258336,205.325246507975,215.917660263756,217.116807454783,218.439658476075,257.24355750003,257.24355750003,274.229798303145,274.229798303145,283.067341433629,283.067341433629,287.140161665908,287.140161665908,287.140161665908,287.68243492532,305.976618993354,305.976618993354,315.645356060452,315.645356060452,316.10158532236,316.564652549558,317.437823124966,317.437823124966,318.785465286546,319.111193388511,326.672859502957,385.372845008498,385.372845008498,387.244026748264,388.717266468212,390.332300784612,391.624102644671,391.624102644671,689.058544149454,689.058544149454,702.12347275135,705.470778547822,705.958203015556,707.577180305264,726.166889749113,732.66197635791,900.012776822774,931.986133416524,933.746282413221,934.574170728772,934.995733442979,939.858194740254,940.215034421406,940.908658345668,941.283335227627,941.283335227627,943.768937673987,943.768937673987,985.186482062632,985.186482062632,985.43391924788,988.574322523028,1009.060549281,1015.59567503122,1026.07409066987,1109.27883205783,1145.29244329206,1145.29244329206,32.6821484341939,57.5306063720264,15.6901324840795,40.9630438769684,82.4274513047362
2004-04-20,195.114038903959,195.114038903959,195.114038903959,197.790494816851,198.095377382874,201.066307723423,211.498496080293,212.671067566814,214.003540772406,252.775300632755,252.775300632755,269.949788436543,269.949788436543,279.075670985757,279.075670985757,283.583362005482,283.583362005482,283.583362005482,284.090097332238,302.573673708317,302.573673708317,312.894071812771,312.894071812771,313.473878790815,313.942643942863,314.954044189155,314.954044189155,316.337216413655,316.66589131434,324.172484386531,381.725845859336,381.725845859336,383.585158049712,385.016559552222,386.597867516735,387.858653937846,387.858653937846,678.153926468432,678.153926468432,690.870829982956,694.149528753892,694.634379844227,696.241846721431,714.650379934765,721.028308902408,889.02415223934,920.705940742479,922.431999508476,923.212327095003,923.606619113716,928.378674375535,928.723241273086,929.399566414436,929.766628110053,929.766628110053,932.207591826439,932.207591826439,972.597034435357,972.597034435357,972.858405995602,975.998370964564,995.58538054717,1002.02064351789,1012.35999328057,1093.88235243394,1128.02789421965,1128.02789421965,32.53246429943,56.3543465158214,15.5784817097195,39.9188460437853,80.6558482323682
2004-04-21,190.595343920337,190.595343920337,190.595343920337,193.244537165622,193.543616005313,196.576997498354,206.848023428315,208.011039934363,209.36886361873,247.574522739878,247.574522739878,264.47701050387,264.47701050387,273.720094538082,273.720094538082,278.675964344666,278.675964344666,278.675964344666,279.150215592557,297.499682632477,297.499682632477,308.624075173111,308.624075173111,309.381687064619,309.857907632542,311.1619572564,311.1619572564,312.681693792709,313.028488730857,320.451290947984,377.03630277386,377.03630277386,379.002641432054,380.42343141863,382.108039472338,383.425112715412,383.425112715412,666.086368531254,666.086368531254,678.529391125998,681.76549566679,682.257625457831,683.86085607481,702.051807334878,708.347663757021,876.286162776591,907.664562769443,909.437505657999,910.239300211193,910.650530385187,915.316094167148,915.70169380964,916.407093174964,916.805030123037,916.805030123037,919.205107804768,919.205107804768,958.73931373857,958.73931373857,959.019915951293,962.165220809084,980.920838480843,987.287445789051,997.492716231589,1077.39584634226,1109.84574087945,1109.84574087945,31.9831921793047,55.1880568077656,15.3926166861581,39.0142494576693,78.9583413536517
2004-04-22,185.634103277543,185.634103277543,185.634103277543,188.269594642027,188.56318929502,191.730496045676,201.858868968213,203.031402158177,204.434096778589,241.803657242722,241.803657242722,258.262747597845,258.262747597845,267.456727501787,267.456727501787,272.741621993392,272.741621993392,272.741621993392,273.189635251986,291.210043311515,291.210043311515,303.037725538867,303.037725538867,303.966091468254,304.448509250078,306.117487031846,306.117487031846,307.835294275548,308.205562430245,315.609796710023,371.364587232408,371.364587232408,373.484962469579,374.948894346202,377.464745041174,379.416178232949,379.416178232949,659.69957457434,659.69957457434,673.591473676249,677.127997177838,677.460319917598,678.903541844934,697.382362336736,703.123105078317,869.925507999856,900.418834761084,901.930452796149,902.608019051927,902.923606102368,907.444538199018,907.694787497376,908.274450293565,908.560509209097,908.560509209097,910.916263874023,910.916263874023,949.440151611935,949.440151611935,949.650320364471,952.542573830563,970.525353682229,976.571876020099,986.41053624142,1064.46645211913,1095.31639874186,1095.31639874186,31.2135082984333,54.0802879726897,15.152843122459,38.1710350385112,77.3061508526363
2004-04-23,180.383625598118,180.383625598118,180.383625598118,182.99735666053,183.284198506009,186.575975458348,196.570297491973,197.759716799784,199.21013422694,235.623723908794,235.623723908794,251.6136102214,251.6136102214,260.673428921889,260.673428921889,266.153890075087,266.153890075087,266.153890075087,266.585683413669,284.169183426084,284.169183426084,296.444630894163,296.444630894163,297.509882229807,297.993551687395,299.916319893461,299.916319893461,301.75002710664,302.138125758883,309.439750175819,364.081248248292,364.081248248292,366.402417291917,367.867259175406,370.137542524202,371.892778913778,371.892778913778,640.567916801203,640.567916801203,654.572058118242,658.161625667448,658.785996003697,660.504239367572,678.99568704636,685.448917945487,852.0098949664,882.735631672721,884.653011541983,885.522408638301,885.989106617008,890.435548032283,890.923090579516,891.703170554008,892.178286794411,892.178286794411,894.504923685048,894.504923685048,932.500994335452,932.500994335452,932.828104222362,935.997818627751,953.27657533584,959.512856133475,969.445784767225,1046.16133823212,1075.75748363276,1075.75748363276,30.3509705983073,52.6803575493403,14.8786299973027,37.3557683091427,75.6583540768221
2004-04-24,174.921693194583,174.921693194583,174.921693194583,177.504379075132,177.782718539936,181.170448965476,191.016400162725,192.214956530275,193.71025599822,229.106787225834,229.106787225834,244.615624212612,244.615624212612,253.49989610165,253.49989610165,259.105456598559,259.105456598559,259.105456598559,259.515239911001,276.648442132207,276.648442132207,289.149610849874,289.149610849874,290.310922964549,290.787716747859,292.909953164863,292.909953164863,294.839216631403,295.238411014903,302.409856896525,355.673969059526,355.673969059526,358.156553272123,359.632387650567,362.01513006536,363.808444561314,363.808444561314,623.441508724186,623.441508724186,636.92257008912,640.343328970718,640.942119758825,642.632527642581,660.775031386708,667.140025761435,832.639737684014,862.967883105968,864.971278404978,865.886529490818,866.393323061446,870.736808425721,871.304735357842,872.154061287965,872.702412622975,872.702412622975,874.998346185777,874.998346185777,912.315794962313,912.315794962313,912.696327876652,915.976905833166,932.606528054177,938.898109314688,948.814581941532,1024.06685672207,1052.51880480057,1052.51880480057,29.4494960807758,51.0678198757586,14.5812451870988,36.5498824394164,73.9718462960804
2004-04-25,169.283788527883,169.283788527883,169.283788527883,171.826800916334,172.095369608815,175.560452010931,185.243023129854,186.441118577675,187.965343893967,222.333067482872,222.333067482872,237.335883286973,237.335883286973,246.012163328361,246.012163328361,251.705480738811,251.705480738811,251.705480738811,252.088062961144,268.770981087359,268.770981087359,281.370068641297,281.370068641297,282.597487384499,283.061545598403,285.325591111245,285.325591111245,287.318464554342,287.72362544031,294.738654153131,346.360517813355,346.360517813355,348.969776221259,350.447902985721,352.969184987975,354.844086724057,354.844086724057,605.93433072151,605.93433072151,619.088644156127,622.404645773739,622.996876900816,624.666823422217,642.454534332496,648.697952830156,812.891407249184,842.71586488679,844.726975380468,845.646998272998,846.160608434938,850.397273004349,850.988698005369,851.853787754933,852.422563114802,852.422563114802,854.688147098148,854.688147098148,891.242086462481,891.242086462481,891.639160203649,894.919850133675,910.947965227963,917.17789582509,926.962458517654,1000.56722815696,1027.93836207818,1027.93836207818,28.5389568409746,49.2356415864832,14.2756527814786,35.7458026221742,72.232851035372
2004-04-26,163.514874441612,163.514874441612,163.514874441612,166.010114999782,166.268440591525,169.795971361469,179.312172982251,180.507381107219,182.069094676944,215.415318934341,215.415318934341,229.910696200705,229.910696200705,238.347710275404,238.347710275404,244.084398352611,244.084398352611,244.084398352611,244.444662133904,260.69244482694,260.69244482694,273.295460469541,273.295460469541,274.567061510822,275.016738730096,277.375526287333,277.375526287333,279.404529517308,279.810922252962,286.649079191112,336.387331051711,336.387331051711,339.087325931448,340.560693408889,343.197740983067,345.148025980011,345.148025980011,587.890373002881,587.890373002881,600.747911177858,603.986010689121,604.583017519501,606.237675240305,623.662694610452,629.813048460014,792.432972857997,821.768970802284,823.796845021822,824.725198001704,825.248411437838,829.38266022774,829.997730233789,830.877737567221,831.465063805285,831.465063805285,833.703139740298,833.703139740298,869.484171556333,869.484171556333,869.894501825285,873.162987331295,888.635165838363,894.783581309971,904.413204268947,976.274190250319,1002.64428965556,1002.64428965556,27.651846226807,47.207205311651,13.9634319040499,34.9389990283933,70.4305336680205
2004-04-27,157.693181434403,157.693181434403,157.693181434403,160.136167409138,160.384082107562,163.950194696975,173.2998269099,174.490426750852,176.073391567221,208.447608887046,208.447608887046,222.469350456206,222.469350456206,230.65026070957,230.65026070957,236.383779757228,236.383779757228,236.383779757228,236.727239838133,252.561759049947,252.561759049947,265.082237178866,265.082237178866,266.380297694105,266.816448791315,269.229589090259,269.229589090259,271.272164563474,271.676329083911,278.330232989477,325.996098003794,325.996098003794,328.751106542877,330.211977795715,332.930219341905,334.935439004847,334.935439004847,569.765933328642,569.765933328642,582.284052532743,585.44004855029,586.036871162103,587.668918153485,604.675572489734,610.719749672674,771.438836177394,800.281232329812,802.322604861951,803.257858420901,803.78988674421,807.826024932764,808.461891083706,809.354552657275,809.958406815597,809.958406815597,812.171063423348,812.171063423348,847.168420616016,847.168420616016,847.590413340504,850.843919702358,865.799990506034,871.861911062328,881.335344013592,951.404260384026,976.848708151412,976.848708151412,26.8145450634989,45.0348462082101,13.6551918592553,34.1252966795045,68.5908233543603
2004-04-28,151.928920783177,151.928920783177,151.928920783177,154.312451607567,154.550283744713,158.117901025114,167.299068144944,168.480473369447,170.071172355317,201.529535408641,201.529535408641,215.100667708058,215.100667708058,223.02634267447,223.02634267447,228.716969511539,228.716969511539,228.716969511539,229.049103835522,244.493234444049,244.493234444049,256.867678678089,256.867678678089,258.17558138885,258.597023817565,261.034118313424,261.034118313424,263.072693834978,263.471646821103,269.93782660932,315.409443764457,315.409443764457,318.186450033144,319.62917992371,322.395569503732,324.435133230898,324.435133230898,551.908155081835,551.908155081835,564.077289035889,567.14968805284,567.739539382795,569.33910495146,585.89986570849,591.812274883688,750.342788063822,778.697344282349,780.735482600533,781.669954946796,782.204712499537,786.151740578467,786.797244646905,787.692926562373,788.304600220068,788.304600220068,790.494617062472,790.494617062472,824.920684063785,824.920684063785,825.38692539681,828.677118993562,843.341576879742,849.375817509613,858.978650543276,927.435088283694,952.287662444899,952.287662444899,26.0388142646164,42.7827973237603,13.3515312651417,33.525308085955,66.8498087639913
2004-04-29,146.331526215775,146.331526215775,146.331526215775,148.644834450197,148.871561946638,152.396675367358,161.405938846104,162.571431580244,164.155160179668,194.747754089085,194.747754089085,207.894512569101,207.894512569101,215.562183519702,215.562183519702,221.174565363911,221.174565363911,221.174565363911,221.496710113955,236.643685083436,236.643685083436,248.895914394243,248.895914394243,250.187653998249,250.595534399835,253.078054820926,253.078054820926,255.211612418368,255.613244669307,262.133315106697,305.461049191088,305.461049191088,308.176036753871,309.615545323135,312.546101631536,314.693503425208,314.693503425208,538.019300466651,538.019300466651,550.73924260596,554.107156804422,554.947793420146,556.670862637588,576.351715703738,582.67218440825,742.990931608433,773.556188851173,775.723533135653,777.258534703706,778.040287827482,782.598183695945,783.259482042712,784.203605709807,784.882403239551,784.882403239551,787.458932526675,787.458932526675,831.560757268919,831.560757268919,832.07141492808,835.672633869156,852.299601615581,859.403299412628,871.511308754102,939.730718453685,967.404543019947,967.404543019947,25.3236780970043,40.6550186844712,14.2725962170474,43.6975845214025,67.3918483456613
2004-04-30,141.862055094307,141.862055094307,141.862055094307,144.141639305356,144.357289571635,147.638257792277,156.549570142026,157.682059750624,159.171644516299,188.855779807576,188.855779807576,201.442799016031,201.442799016031,208.784254963791,208.784254963791,214.188408342428,214.188408342428,214.188408342428,214.49861269713,229.287912835395,229.287912835395,241.367298056689,241.367298056689,242.615460582108,243.030970428171,245.478722229462,245.478722229462,247.56820084331,247.964980452958,254.508036387099,295.800888305789,295.800888305789,298.50198810196,299.950953852786,302.744291150119,304.757545721634,304.757545721634,521.203868721866,521.203868721866,533.934767811802,537.129157946528,537.863963778695,539.593448520057,559.780436287387,566.486653699748,724.936931302984,757.221462179756,759.482778395688,760.760135257369,761.560023774689,766.521904140776,767.213752957145,768.157329916739,768.773502370658,768.773502370658,771.459680076995,771.459680076995,836.264078309061,836.264078309061,836.337520249979,839.262344268266,855.928311880119,861.914994371827,872.467870281673,938.875197212325,971.784066535335,971.784066535335,24.6923934523383,38.6436021479789,14.9807885550812,64.83763382691,66.2936824102506
2004-05-01,136.953155767123,136.953155767123,136.953155767123,139.146400589489,139.357785653715,142.603126797513,151.362382597143,152.488752011942,153.986386386935,183.666574045401,183.666574045401,195.758552497406,195.758552497406,202.712836296562,202.712836296562,207.808606685352,207.808606685352,207.808606685352,208.111831202725,222.482335611797,222.482335611797,234.141781984008,234.141781984008,235.34733845731,235.718764126257,238.037253045857,238.037253045857,239.997179555153,240.37972474332,246.783735117909,285.934023885603,285.934023885603,288.599762051758,289.971369744832,292.694529889636,294.708669657137,294.708669657137,503.943147208002,503.943147208002,516.262273540544,519.412941937786,520.068987426869,521.760398132665,540.884027044531,547.596030373453,702.981448329246,735.820249487744,737.959939753205,738.943361807088,739.605925957784,744.587332379472,745.261761122144,746.179406708137,746.825967279972,746.825967279972,749.43373313967,749.43373313967,837.048502783215,837.048502783215,837.1314896711,840.028427981353,857.095447477001,862.558210439334,872.628931992816,937.397876994347,981.880078931997,981.880078931997,24.8025520988746,36.5365683099303,14.9395111273495,87.6387861490234,64.6598387137331
2004-05-02,132.336407941697,132.336407941697,132.336407941697,134.442523621449,134.64258223399,137.78774875971,146.333898025181,147.423507649004,148.892034569865,178.081664849481,178.081664849481,189.995736879139,189.995736879139,196.776031438633,196.776031438633,201.730787197867,201.730787197867,201.730787197867,202.025668143128,216.059785389841,216.059785389841,227.33281174671,227.33281174671,228.486225477677,228.849856805981,231.052461310649,231.052461310649,232.927101382919,233.291244036466,239.536079857888,276.633118683671,276.633118683671,279.199037918691,280.518784105439,283.144585016286,285.103836446711,285.103836446711,487.589036906899,487.589036906899,499.560661243414,502.610477132522,503.236349051718,504.887147450936,523.388599394026,530.079167531009,683.09567855298,716.592106117765,718.638788077345,719.597717765037,720.208960572216,725.132216275509,725.787331528579,726.694410983996,727.353303838718,727.353303838718,729.929289250888,729.929289250888,830.254280360796,830.254280360796,830.457782406148,833.659175224656,851.985213048886,857.826756505884,868.489190587834,932.599629911604,992.392492095516,992.392492095516,24.3127791432414,34.6024165480834,14.7038272923971,99.9792553037361,63.7919957203
2004-05-03,127.861700161823,127.861700161823,127.861700161823,129.906698864828,130.098871366843,133.16417369991,141.538612932628,142.600980276493,144.034733975228,172.601848619324,172.601848619324,184.280347246703,184.280347246703,190.914835320288,190.914835320288,195.795579824909,195.795579824909,195.795579824909,196.086250216391,209.845791286338,209.845791286338,220.838562954539,220.838562954539,221.951728962466,222.31065654011,224.425838144535,224.425838144535,226.232688485029,226.584890353558,232.681283281477,267.933703398428,267.933703398428,270.383807342613,271.65165766204,274.167848129896,276.057641553943,276.057641553943,472.192949501736,472.192949501736,483.830777863608,486.787916978553,487.39146513621,489.001890742857,506.892767433455,513.655123875463,665.043825274829,699.184646043968,701.192933827667,702.147549049638,702.760620167766,707.631417528643,708.238026499184,709.095186139416,709.696917401741,709.696917401741,712.238084547813,712.238084547813,813.219237205605,813.219237205605,813.63072759212,817.361461686505,837.563568754411,843.824057742525,855.05881576046,919.077589993901,992.56705383306,992.56705383306,23.7762149398981,32.8835199917951,14.4949416316227,100.241684921674,62.9783318305559
2004-05-04,124.841741769505,124.841741769505,124.841741769505,126.835095922969,127.016557951494,129.704372683885,138.152687539533,139.183567435926,140.480601408632,169.313721412365,169.313721412365,180.734853630545,180.734853630545,187.218393147799,187.218393147799,191.68124226591,191.68124226591,191.68124226591,192.043951323265,205.912840789658,205.912840789658,216.127972787516,216.127972787516,217.030969888622,217.407723809962,219.281981868351,219.281981868351,220.987282874153,221.313794998036,227.3711093888,261.322084255063,261.322084255063,263.546233465633,264.855994183818,267.31441043722,269.077179283511,269.077179283511,461.474717169074,461.474717169074,472.969534254928,475.704572246576,476.219134738423,477.714509578081,495.027564788317,501.669793261521,651.268150371898,685.646341442779,687.450124019813,688.279014694797,688.809194474746,693.582753424342,694.048368249092,694.766108835054,695.24210109642,695.24210109642,697.705082802928,697.705082802928,792.654331643259,792.654331643259,793.088230774501,796.918542002006,818.856409000675,825.049513931348,836.033222545285,899.406719490053,980.054683802251,980.054683802251,24.309582834553,31.883276239019,14.2764204797985,94.1239336069189,62.1741725683142
2004-05-05,124.976089318512,124.976089318512,124.976089318512,126.961928063949,127.133261097901,128.98872560111,137.635581832305,138.604476618154,139.591215718094,169.90694439912,169.90694439912,181.117263580693,181.117263580693,187.030503619785,187.030503619785,190.406060018494,190.406060018494,190.406060018494,190.844918451694,204.918243688322,204.918243688322,213.635332989201,213.635332989201,214.242549978041,214.600964140497,215.869807839967,215.869807839967,217.25189097708,217.535975263878,223.439154751458,256.024376790119,256.024376790119,257.936842362768,259.088612921741,261.164788699478,262.756577893446,262.756577893446,449.538478059894,449.538478059894,460.813624507687,463.594916816902,464.108388774994,465.595358196432,482.39747597829,489.221392923228,637.913392494589,672.145719029446,673.903516501764,674.703069468319,675.213052211677,679.887440344575,680.35851965685,681.082330807507,681.538981056379,681.538981056379,683.95727750327,683.95727750327,770.89730776878,770.89730776878,771.351368918196,775.166658419042,798.624908851252,804.762491408928,815.556676403877,878.360247084487,960.032615905002,960.032615905002,26.2066482312357,30.9580969098128,14.0031230942677,86.0497662195363,61.5106739079826
2004-05-06,124.447434147962,124.447434147962,124.447434147962,126.30244232647,126.47503596621,128.027785751438,136.383163875365,137.203184694107,138.080724753324,169.93150423321,169.93150423321,182.170100192609,182.170100192609,187.98202498028,187.98202498028,190.632059815968,190.632059815968,190.632059815968,191.0735049353,205.413806467536,205.413806467536,212.828158032949,212.828158032949,213.180732569804,213.491810688388,214.22751636929,214.22751636929,215.36835809043,215.612524355596,221.469147450347,252.857801983956,252.857801983956,254.342922389882,255.342260393731,256.956206817366,258.285573394772,258.285573394772,439.373313688214,439.373313688214,450.453189275679,453.219173327153,453.691877864556,455.119228061343,471.460004724025,478.315538843682,627.344243983328,661.097003208533,662.722164861359,663.450673392114,663.901779075927,668.456301239634,668.844049816843,669.486931412578,669.889515575411,669.889515575411,672.246199904871,672.246199904871,751.109765475685,751.109765475685,751.531295780689,755.176253556185,779.703062725153,785.652588557639,796.133552133197,858.354869136562,936.883526389972,936.883526389972,27.4775234735461,30.296595298026,13.7241203013642,78.0523273406536,60.9760971351067
2004-05-07,123.708294177232,123.708294177232,123.708294177232,125.471924668248,125.65000968103,127.034086609606,135.357817376282,136.137659752892,136.948486803349,170.136548174059,170.136548174059,183.772688266184,183.772688266184,189.782851392476,189.782851392476,191.874508746136,191.874508746136,191.874508746136,192.376179939478,207.225248509495,207.225248509495,213.495126232834,213.495126232834,213.630615156993,213.943033897165,214.25491244093,214.25491244093,215.166853545184,215.37589433805,221.270994892342,251.9152091688,251.9152091688,253.01174909488,253.930284526177,255.096993442981,256.098211064501,256.098211064501,432.077262830672,432.077262830672,442.838952943453,445.471019142593,445.883155502502,447.228171962593,463.138114475429,469.902190778754,620.532091344277,653.505714984603,654.953457125877,655.594169953006,655.965115743194,660.391086562929,660.676838334428,661.234779311791,661.600295386061,661.600295386061,663.899890578608,663.899890578608,735.510210399105,735.510210399105,735.85950643588,739.215815135118,764.277113150689,769.922292312355,779.97124255121,841.558924140763,914.818841730131,914.818841730131,28.564193116105,30.0438190125055,13.4494725567602,70.9634851024724,60.5338705710582
2004-05-08,127.239012242135,127.239012242135,127.239012242135,129.220290107614,129.406856188643,129.829134469744,141.148627111584,142.341910428586,142.656737491768,179.229649247556,179.229649247556,194.179307691391,194.179307691391,201.338338063962,201.338338063962,201.268565836327,201.268565836327,201.268565836327,201.838204797731,217.011832423628,217.011832423628,221.226934965821,221.226934965821,220.60992776697,221.253998784348,220.640017699797,220.640017699797,220.901664132846,221.003830533763,227.147852722546,260.476546325831,260.476546325831,260.547085898227,261.940546555795,262.076242375462,262.094172064775,262.094172064775,442.37926941481,442.37926941481,452.207492028499,454.197404246533,454.192759639732,455.125545884754,469.905977321281,475.504429127224,628.229994428272,659.389081216431,660.174708130295,660.498718681097,660.61170155151,664.852669683219,664.761338980406,664.978853268587,664.986333405188,664.986333405188,667.226300838265,667.226300838265,732.205933416209,732.205933416209,732.342393897142,735.001637792444,760.093485670158,765.02587848544,774.256798846999,834.827637017072,901.982313169057,901.982313169057,31.7921562976132,34.3415050102051,13.1551581407723,64.836845877587,60.134112599997
2004-05-09,127.911812046618,127.911812046618,127.911812046618,130.124635472156,130.307161167147,130.956446994952,141.681159178253,142.516177167298,143.049200395922,181.153924837116,181.153924837116,197.954623017382,197.954623017382,207.254106330457,207.254106330457,207.840049578251,207.840049578251,207.840049578251,208.352025523773,223.652624723142,223.652624723142,227.71039336932,227.71039336932,227.133266907753,227.558341965989,226.323428181831,226.323428181831,226.278522308359,226.36294077836,232.499449768233,271.14628454613,271.14628454613,270.383313402316,270.948903752946,270.059795166541,269.735057689831,269.735057689831,452.170927488802,452.170927488802,460.802734265923,462.846058482174,462.82909087666,463.73025233125,478.254346583838,483.620261639721,639.62847597449,669.652527094111,670.183718107874,670.378354531702,670.378398423423,674.473793197457,674.216546529141,674.277606656754,674.126557945737,674.126557945737,676.318487351957,676.318487351957,735.849755802844,735.849755802844,735.861331991649,738.060594765798,762.795547578167,767.217629153371,775.797873891576,835.495994780657,896.691370593002,896.691370593002,32.6479159768956,40.8774954320157,12.8633312752233,59.6751613526317,59.7193968930332
2004-05-10,127.454573517125,127.454573517125,127.454573517125,129.895714350537,130.095564536473,131.170529568777,141.620868966715,142.407936338375,143.009035597364,181.093385639844,181.093385639844,198.208902228268,198.208902228268,209.602057349245,209.602057349245,211.457251162764,211.457251162764,211.457251162764,211.963636479746,227.426988780498,227.426988780498,232.589400757583,232.589400757583,232.198198834503,232.655869556279,231.514787684836,231.514787684836,231.49370124021,231.581086619933,237.702154816965,285.764305007456,285.764305007456,284.23453239409,284.513673617555,282.628151866968,281.730875295671,281.730875295671,472.229932900866,472.229932900866,479.235838074955,480.80769952067,480.55976065739,481.226543770705,494.895057617548,499.512209185176,657.664924774958,686.334504058953,686.537984366564,686.573649493363,686.442732502047,690.386118145552,689.93919159201,689.826241439796,689.506863305392,689.506863305392,691.65565770677,691.65565770677,746.534688597791,746.534688597791,746.422179638702,748.177348249445,772.282261153033,776.210892549826,784.168811817913,842.963586650961,898.665603813287,898.665603813287,32.3357806879481,51.265799298585,12.5741801490278,55.3117338849429,59.236560295301
2004-05-11,125.71729466363,125.71729466363,125.71729466363,128.362498565402,128.578339386325,130.202551937576,140.493770213359,141.328437182623,142.076523764621,179.474274760765,179.474274760765,196.173729969155,196.173729969155,208.399729430304,208.399729430304,211.682116071267,211.682116071267,211.682116071267,212.176901278282,227.846741876784,227.846741876784,234.94203793225,234.94203793225,234.905906135882,235.480289588697,234.846806245186,234.846806245186,235.070538062993,235.194386160427,241.311596907959,301.854820616895,301.854820616895,300.004096727365,300.162498935546,297.780110101482,296.534122363197,296.534122363197,501.57171483458,501.57171483458,507.103215841912,508.195219123904,507.716842188428,508.144254803529,520.888433499215,524.639476211936,683.322555840546,710.570580105267,710.405286026546,710.266325386635,709.993559395637,713.786527465512,713.120530887117,712.806053924917,712.29579429954,712.29579429954,714.405777520928,714.405777520928,765.26597864175,765.26597864175,765.014664576861,766.287681050732,789.593973964444,792.982369572248,800.278333258009,858.019726995203,908.780233522116,908.780233522116,31.5209848152658,64.0394268360664,12.2885047960618,51.6176307199154,58.6476613427722
2004-05-12,123.054989000804,123.054989000804,123.054989000804,125.767095759029,125.992845176817,128.125405371792,138.301718614398,139.200888768065,140.120702453187,176.655685352221,176.655685352221,192.729673239559,192.729673239559,204.817611605353,204.817611605353,209.180744905746,209.180744905746,209.180744905746,209.65492386702,225.560862859889,225.560862859889,234.409549990602,234.409549990602,234.762280718669,235.378398527953,235.483488658062,235.483488658062,236.090886140834,236.267940012528,242.39304378529,315.848569806691,315.848569806691,314.287687273101,314.490331751556,312.271321972826,311.078769657212,311.078769657212,534.41344552794,534.41344552794,539.235714360133,540.080016402688,539.494245634635,539.800658413347,551.959033120949,555.152397269533,713.482893408751,739.62295357592,739.22200850201,738.961381971184,738.594023268152,742.252835209217,741.444453788574,740.994211324519,740.353283984347,740.353283984347,742.429557087111,742.429557087111,789.896870311639,789.896870311639,789.546159069034,790.453505516457,812.877794989543,815.888212701492,823.073441890682,880.290265792599,926.755780645413,926.755780645413,30.6164683595002,76.3984151935264,12.0877090492232,48.4541433697152,58.5153207725122
2004-05-13,119.693458705248,119.693458705248,119.693458705248,122.420242484706,122.650343429236,125.165538643591,135.222636919774,136.181829266098,137.257927823005,172.917777049243,172.917777049243,188.370307035721,188.370307035721,199.894995829632,199.894995829632,204.917880723843,204.917880723843,204.917880723843,205.371835992751,221.460364815113,221.460364815113,231.570273735205,231.570273735205,232.239340357476,232.876348770164,233.658827454465,233.658827454465,234.63323986716,234.862932231467,240.969744974429,325.152024126029,325.152024126029,324.338441067061,324.714356295869,323.208651106863,322.428003082019,322.428003082019,564.5745813956,564.5745813956,569.487108068427,570.366320045214,569.827181751485,570.163513239662,582.191503049155,585.286028569721,742.596650770721,768.095502943703,767.709644692169,767.453448968381,767.086922153589,770.642067329418,769.843380770418,769.393799037552,768.750474772545,768.750474772545,770.798331196676,770.798331196676,815.512136914973,815.512136914973,815.146869010642,815.939626870618,837.45796088333,840.348099420777,847.46527748135,903.80429671965,946.664264476937,946.664264476937,29.7622318811501,86.0079174599463,11.910258939451,45.7274171543034,57.7387279438378
2004-05-14,115.731483810024,115.731483810024,115.731483810024,118.458298892234,118.690321143923,121.539580146606,131.452188618058,132.460345497059,133.665798277708,168.440569875341,168.440569875341,183.311940442753,183.311940442753,194.176834299146,194.176834299146,199.57372981634,199.57372981634,199.57372981634,200.002993175049,216.12265692949,216.12265692949,227.058452419856,227.058452419856,227.96185504517,228.609587058815,229.922097591117,229.922097591117,231.188711267135,231.458199440639,237.511446105349,328.702352591858,328.702352591858,328.835152031061,329.443609641594,328.940595571326,328.775498079669,328.775498079669,587.682180525861,587.682180525861,593.211416984414,594.319983959686,593.930169638656,594.398249421386,606.612647839547,609.976402711683,765.590165976976,790.8505896633,790.713148452455,790.576601836622,790.303719884052,793.785207949059,793.142906815046,792.827511299565,792.310017830542,792.310017830542,794.337796058985,794.337796058985,836.85018917503,836.85018917503,836.557673011219,837.501946905201,858.130882810626,861.156757173906,868.444248210158,924.028609114564,963.844215228816,963.844215228816,28.9448964980362,91.6983807593682,11.727696764082,43.3460739751351,56.7740116396235
2004-05-15,111.220160604171,111.220160604171,111.220160604171,113.940105094173,114.171350235355,117.311071460083,127.057800345249,128.109452656443,129.431953093008,163.309638582298,163.309638582298,177.635874898152,177.635874898152,187.879770004177,187.879770004177,193.504405474117,193.504405474117,193.504405474117,193.90393633214,209.875669209789,209.875669209789,221.342540599025,221.342540599025,222.411661684229,223.051382304782,224.760360352261,224.760360352261,226.242604766175,226.544182258529,232.511857514518,326.62017374161,326.62017374161,327.695389706081,328.53737610818,329.088518495313,329.589911382964,329.589911382964,601.625432148189,601.625432148189,608.001197324733,609.432933388552,609.24325628952,609.893546366841,622.446575082791,626.274099234724,779.480501845278,804.731199720443,804.980803878273,805.033216245656,804.910485907606,808.337470941326,807.942173048079,807.844673898228,807.534586703792,807.534586703792,809.547214145486,809.547214145486,850.277859856747,850.277859856747,850.115976281242,851.393523342556,871.155925320709,874.489378489074,882.064458772366,937.125121850863,974.362944320893,974.362944320893,28.1191855700217,93.3487680994455,11.5373641535987,41.2486341807054,55.8188110902792
2004-05-16,106.224021185875,106.224021185875,106.224021185875,108.929399382456,109.158511813562,112.562940329629,122.111379692563,123.199660680693,124.629684454831,157.588702988833,157.588702988833,171.407621729783,171.407621729783,181.100672806584,181.100672806584,186.884827275763,186.884827275763,186.884827275763,187.254693685295,202.939721749332,202.939721749332,214.745308912171,214.745308912171,215.933109674335,216.550993412208,218.556216890336,218.556216890336,220.20139600095,220.524126276612,226.383142958658,319.775014849512,319.775014849512,321.665515646074,322.707869601821,324.207816839679,325.319414170623,325.319414170623,606.166715417724,606.166715417724,613.40852236707,615.176855829283,615.194463563918,616.034230921238,628.940145730933,633.27786751584,783.437431435686,808.75830760662,809.435722888917,809.698247766111,809.74366930667,813.125932504507,813.007056535859,813.155657423797,813.081549691256,813.081549691256,815.081739337788,815.081739337788,854.314603785426,854.314603785426,854.305759377803,855.990734834663,874.932145809197,878.640964519843,886.524459170555,941.196218582836,976.21325892731,976.21325892731,27.2677614007156,91.559929902347,11.3404607105819,39.3836322884753,54.8935414549293
2004-05-17,100.880282734258,100.880282734258,100.880282734258,103.555129646756,103.780498596715,107.408250204322,116.754123143657,117.870372604706,119.389484657943,151.413870028717,151.413870028717,164.769509554867,164.769509554867,173.973128038948,173.973128038948,179.864013899217,179.864013899217,179.864013899217,180.210734785527,195.535176470646,195.535176470646,207.550160333262,207.550160333262,208.82349803253,209.412262026379,211.633713600224,211.633713600224,213.391705047921,213.728292956812,219.463701830496,309.407334916562,309.407334916562,311.923644368551,313.118233655818,315.374886040483,316.981362951629,316.981362951629,602.261126019879,602.261126019879,610.268772684226,612.340184112908,612.546787671959,613.557212711122,626.751313528982,631.549589781165,778.206441278338,803.5681997539,804.646255764977,805.106553195511,805.310980036511,808.648203600844,808.790955129201,809.173253263363,809.324681289574,809.324681289574,811.312669879385,811.312669879385,849.228459623583,849.228459623583,849.367890371452,851.45214068262,869.616659878065,873.686626388015,881.834920165803,936.146582296213,969.209836090273,969.209836090273,26.4022515633282,87.3004435988046,11.1417316090684,37.7118485025226,53.9942052565149
2004-05-18,98.7848123424551,98.7848123424551,98.7848123424551,100.917289532732,101.098390540538,103.810330084926,112.697544349533,113.665636557862,115.0184856277,145.761558670797,145.761558670797,158.452224952547,158.452224952547,167.065705989614,167.065705989614,172.873582517525,172.873582517525,172.873582517525,173.199330339468,188.081039975097,188.081039975097,200.070812443343,200.070812443343,201.389884883885,201.950262977955,204.30630124833,204.30630124833,206.131030632088,206.474383499682,212.069765999351,296.814215284581,296.814215284581,299.752761988884,301.046376757927,303.841425439704,305.804948868782,305.804948868782,591.450679790522,591.450679790522,600.069901954802,602.387408103648,602.752470906394,603.902493637463,617.281939259182,622.446936080586,765.376776664878,790.696208598226,792.111335283471,792.738562292096,793.078022138798,796.368769810948,796.733862032147,797.314813509817,797.659362891077,797.659362891077,799.63444613765,799.63444613765,836.343969142195,836.343969142195,836.611180980627,839.037943725432,856.468073099123,860.840772139905,869.177402432772,923.077533855899,954.407801539155,954.407801539155,25.5399920529246,81.5635865205383,10.9382395198196,36.200231206214,53.1055378838019
2004-05-19,97.9309680746469,97.9309680746469,97.9309680746469,99.7300385956877,99.8825012445378,101.704466327358,110.116500630245,110.89706741602,111.983216010724,141.260210104919,141.260210104919,153.108100501428,153.108100501428,160.984128301844,160.984128301844,166.458113280382,166.458113280382,166.458113280382,166.760478211472,181.102472592163,181.102472592163,192.75125647236,192.75125647236,194.054053947908,194.579166749088,196.959230465601,196.959230465601,198.784804850402,199.126407703211,204.574536629033,283.199026551032,283.199026551032,286.36197996465,287.702514658355,290.816209627762,292.99891598498,292.99891598498,575.433088811035,575.433088811035,584.490688593245,586.993636533464,587.4824368825,588.737721394421,602.192359341809,607.614436208694,746.819564154769,771.994848064605,773.670069124729,774.426555157742,774.871308918236,778.110875127151,778.650305052323,779.386609587403,779.883138852074,779.883138852074,781.844061946954,781.844061946954,817.412719721379,817.412719721379,817.781050756826,820.473192044477,837.21393488068,841.807552639549,850.244389944135,903.64557610452,933.410593950074,933.410593950074,24.6988809507554,75.1678943282109,10.7338574473202,34.817642581443,52.2208503409425
2004-05-20,97.8297054255065,97.8297054255065,97.8297054255065,99.4002173076276,99.5322682207579,100.68904147071,108.691559352304,109.317503810156,110.155952519833,138.002375491069,138.002375491069,148.98246577325,148.98246577325,156.090003749039,156.090003749039,161.034205098697,161.034205098697,161.034205098697,161.31155436817,175.042899304446,175.042899304446,186.010277458779,186.010277458779,187.223612489241,187.707687605098,189.991372476578,189.991372476578,191.766423435183,192.096160041639,197.373700642958,269.569470050105,269.569470050105,272.781037509789,274.122459383436,277.358050611308,279.633128911996,279.633128911996,555.968200560381,555.968200560381,565.288411372559,567.915232329054,568.491528345333,569.81620961631,583.240365602417,588.804638261361,724.533814041981,749.452290756338,751.304417728673,752.149216892315,752.667115647125,755.849902350171,756.511361211316,757.355728711798,757.95919773782,757.95919773782,759.905412918946,759.905412918946,794.365226488348,794.365226488348,794.805078146745,797.676526201284,813.770847726817,818.496522264099,826.948013004242,879.752751467682,908.09087077674,908.09087077674,23.8954845981456,68.6926654564499,10.5251741894572,33.5375590630708,51.3441545762251
2004-05-21,99.323535874891,99.323535874891,99.323535874891,100.591147248721,100.695867710961,101.053087386019,108.632792973097,109.086678921087,109.650771849733,136.312028275581,136.312028275581,146.426642546721,146.426642546721,152.742981810163,152.742981810163,156.995607330795,156.995607330795,156.995607330795,157.262611842334,170.475213888672,170.475213888672,180.428478519032,180.428478519032,181.482600152049,181.932008919503,184.076595162629,184.076595162629,185.775500908027,186.084707236948,191.293402651294,257.592066845981,257.592066845981,260.697816664908,262.125647437387,265.500680115911,267.784050761843,267.784050761843,542.952941303144,542.952941303144,552.382970428588,555.397748617314,556.01254821822,557.294277205917,570.78085270473,576.170579167258,709.925621274894,734.640561691683,736.178740895609,736.86261800709,737.25864684768,740.334690309413,740.814690192695,741.497616589162,741.956512969002,741.956512969002,743.877395539736,743.877395539736,776.932048131979,776.932048131979,777.282418900162,779.867628972879,795.346493918952,799.744443827428,807.783438183714,859.520523400202,886.407633466857,886.407633466857,23.3899314000049,62.9605815468703,10.4902630979723,32.3485981371357,50.4854086334743
2004-05-22,101.718626110495,101.718626110495,101.718626110495,102.732202537642,102.817008795755,102.48776346779,109.703304408429,110.012160367678,110.329651257301,135.856733542579,135.856733542579,145.218236421913,145.218236421913,150.75554295342,150.75554295342,154.28431642973,154.28431642973,154.28431642973,154.525288341465,167.106360797663,167.106360797663,175.983866375326,175.983866375326,176.854609311604,177.251240867118,178.990752057605,178.990752057605,180.470249750257,180.752540432756,185.768122317347,246.019331264377,246.019331264377,248.953528360153,250.226255776118,253.282747104493,255.471189994248,255.471189994248,520.94464590983,520.94464590983,530.743302235973,533.558474444019,534.225180342971,535.617789491079,549.237621267967,554.928822061623,686.261427036683,710.730117308079,712.637213206895,713.506467251122,714.048243419027,717.094963769207,717.794991284219,718.664723167113,719.296295453201,719.296295453201,721.20597176875,721.20597176875,753.412595844553,753.412595844553,753.865884212697,756.702680124395,771.618403652655,776.19311739646,784.268871064452,835.427063909449,861.166798357392,861.166798357392,22.8433484237996,57.1603573680038,10.2447946066279,31.2462463106709,49.6561176779819
2004-05-23,104.754637489929,104.754637489929,104.754637489929,105.588800777234,105.657635452849,104.803827178902,111.699698947076,111.887697397755,111.999031737581,136.46652150155,136.46652150155,145.151638474042,145.151638474042,150.00026237362,150.00026237362,152.849226469323,152.849226469323,152.849226469323,153.061451189137,165.035850070426,165.035850070426,172.75955805516,172.75955805516,173.425321665197,173.768214907191,175.121939655644,175.121939655644,176.378740807224,176.625156514824,181.426301666025,236.095111011596,236.095111011596,238.741031649868,239.917679325281,242.663713070433,244.667775601412,244.667775601412,500.231525137835,500.231525137835,509.776621745504,512.509360385143,513.166276389515,514.536427585187,527.828526815065,533.421126963368,663.953397833232,687.865835521335,689.743345498488,690.603710845902,691.143114781765,694.122027065136,694.8289079418,695.706005771654,696.35132228516,696.35132228516,698.243825921325,698.243825921325,729.458827947775,729.458827947775,729.925250200229,732.776026942354,747.161002789898,751.706694331144,759.659815358821,810.1216098916,834.776910244739,834.776910244739,22.2921729909248,51.9685631659286,9.98745167035522,30.2248014716277,48.8667901679691
2004-05-24,107.696003475121,107.696003475121,107.696003475121,108.470177119456,108.532624327204,107.472536828733,114.137421303627,114.259476183912,114.249866431519,137.805377304024,137.805377304024,145.925603896374,145.925603896374,150.211207406383,150.211207406383,152.48544466776,152.48544466776,152.48544466776,152.673016746838,164.077393176037,164.077393176037,170.704513212255,170.704513212255,171.164901804765,171.463880430975,172.432552700283,172.432552700283,173.468157327347,173.679044114198,178.264132786085,227.910337346196,227.910337346196,230.224391036639,231.297204531565,233.704971587645,235.498343704614,235.498343704614,480.81122973025,480.81122973025,490.059534336335,492.700019899987,493.328268320269,494.654700738211,507.554314405421,512.941517838144,643.727267478335,667.02032897219,668.805059185859,669.621607572681,670.129155927249,673.035497493777,673.695529092828,674.52799307131,675.134815751295,675.134815751295,677.009073673582,677.009073673582,707.213907656742,707.213907656742,707.655347164542,710.402611893803,724.287953422263,728.683034958018,736.396982178352,786.057489664672,809.674750271402,809.674750271402,21.7411130780003,47.380576536959,9.74583323050127,29.2733320996959,48.1247495771681
2004-05-25,110.156080163069,110.156080163069,110.156080163069,110.943310198957,111.005406404742,110.016683388361,116.537045356445,116.648645124752,116.614479851853,139.447567920337,139.447567920337,147.152231568306,147.152231568306,151.026997961573,151.026997961573,152.882416218697,152.882416218697,152.882416218697,153.05142249178,163.967933778455,163.967933778455,169.663232146017,169.663232146017,169.93990450155,170.198903925208,170.813642366825,170.813642366825,171.643053540475,171.820171536589,176.196060956637,221.387781499735,221.387781499735,223.366003752339,224.335300293935,226.393085276252,227.955479774931,227.955479774931,462.8004121002,462.8004121002,471.722252556228,474.269082643277,474.868405093044,476.150142311806,488.666029871671,493.825868110345,625.609895945129,648.291978559809,649.974674585699,650.74168142757,651.212455680605,654.047459558595,654.651081383339,655.429184037092,655.987122877301,655.987122877301,657.841554461899,657.841554461899,687.076347456888,687.076347456888,687.484333944345,690.100388785286,703.516840872929,707.730351032785,715.176197890203,764.035057399967,786.686021975583,786.686021975583,21.1963412207061,43.3490084853695,9.518872249882,28.3809943198929,47.435765159416
2004-05-26,112.183478436409,112.183478436409,112.183478436409,112.98919921884,113.051532684188,112.24078810196,118.66165496011,118.797466704779,118.798072575779,141.058334228758,141.058334228758,148.485022117875,148.485022117875,152.09695343717,152.09695343717,153.703267882778,153.703267882778,153.703267882778,153.860663022002,164.404358795191,164.404358795191,169.409739386153,169.409739386153,169.539359946825,169.764642702081,170.089502433558,170.089502433558,170.756643325527,170.905638487973,175.127008767053,216.374998413661,216.374998413661,218.035150907592,218.903375027272,220.624443441451,221.980804133288,221.980804133288,446.396664511095,446.396664511095,455.036595045306,457.48595291939,458.048862458152,459.279287306836,471.423265762953,476.347126004959,609.421365358731,631.518225080941,633.103443076224,633.822917654061,634.258401002848,637.023186434076,637.572316261017,638.297564127425,638.807693998779,638.807693998779,640.643093141241,640.643093141241,668.966831629346,668.966831629346,669.341565983661,671.827037835946,684.803892241252,688.836875891491,696.020179564173,744.124025467983,765.886793068471,765.886793068471,20.6649092292427,39.7915252767619,9.30128956650316,27.5469030223308,46.8017081850127
2004-05-27,114.123615989808,114.123615989808,114.123615989808,114.901735204654,114.960948992568,114.258944941294,120.575741258761,120.730108358396,120.770536007852,142.5466444592,142.5466444592,149.773531117424,149.773531117424,153.212209971193,153.212209971193,154.693501278384,154.693501278384,154.693501278384,154.844439472515,165.094026124793,165.094026124793,169.647731140341,169.647731140341,169.67986868823,169.879270412189,169.989664445643,169.989664445643,170.512045688094,170.637917492455,174.691983621305,212.483357970212,212.483357970212,213.888493183037,214.67923223256,216.115623563218,217.288101526243,217.288101526243,431.457414478282,431.457414478282,439.753187576244,442.11483852363,442.64582676224,443.829622034633,455.627736623267,460.317367728688,594.529334338319,616.140405344426,617.652751689958,618.336484502242,618.745883584822,621.446458381443,621.955190064124,622.640208735626,623.114134381241,623.114134381241,624.931832241133,624.931832241133,652.422108879349,652.422108879349,652.770910061407,655.147670713358,667.713047843517,671.588922506212,678.536313072951,725.960945069747,746.916260537707,746.916260537707,20.1818325918347,36.6408964819886,9.09803608373611,26.7728181054108,46.223427975543
2004-05-28,116.139425169687,116.139425169687,116.139425169687,116.863882317436,116.918031201244,116.233391625092,122.42999362663,122.587419569693,122.644758011922,143.946625568365,143.946625568365,150.99247104777,150.99247104777,154.29714159282,154.29714159282,155.718114606361,155.718114606361,155.718114606361,155.86456087632,165.875298449134,165.875298449134,170.150386602874,170.150386602874,170.125900369898,170.306008328835,170.282556739791,170.282556739791,170.713547325505,170.822851225151,174.735939462548,209.488542897911,209.488542897911,210.68468774855,211.40754768251,212.610496056617,213.630566186137,213.630566186137,417.87052680455,417.87052680455,425.881895296282,428.154830773778,428.653041861825,429.789968867287,441.250210562492,445.722655808989,580.606314575739,601.771636391699,603.229355992182,603.886379518867,604.276855833318,606.917704019577,607.39758121271,608.052964890743,608.500754875969,608.500754875969,610.301262906778,610.301262906778,637.035201443427,637.035201443427,637.36485304595,639.654341606376,651.831536076237,655.576850582245,662.319864536873,709.145700243895,729.373057277761,729.373057277761,19.7245165336198,33.8448741171235,8.9023559910467,26.0598555772797,45.7020633596836
2004-05-29,118.294670358014,118.294670358014,118.294670358014,118.956469163403,119.004862617416,118.276262823786,124.339555269849,124.486896284495,124.538000557902,145.351013206326,145.351013206326,152.199355185144,152.199355185144,155.371167456392,155.371167456392,156.746343239116,156.746343239116,156.746343239116,156.888744073934,166.685678296001,166.685678296001,170.781156174754,170.781156174754,170.726541529586,170.891890626307,170.79258413962,170.79258413962,171.167616207174,171.265781075085,175.057703487616,207.162774179775,207.162774179775,208.19529866201,208.862443955373,209.880950814599,210.779247796359,210.779247796359,405.491647989291,405.491647989291,413.23862560209,415.43156552085,415.900420110097,416.99426289265,428.134975540943,432.409114511966,567.404117023984,588.147957670607,589.563743065299,590.200361564502,590.576916819857,593.161698104246,593.620821142422,594.254064570104,594.682882744762,594.682882744762,596.466913159953,596.466913159953,622.510602555985,622.510602555985,622.82613638398,625.04492087187,636.864078025335,640.495292391997,647.056833718635,693.371777823289,712.937591171982,712.937591171982,19.2855789414111,31.381165718117,8.70819763618803,25.4011851916588,45.2502944034088
2004-05-30,120.697188912388,120.697188912388,120.697188912388,121.28344345102,121.32450430807,120.494737960887,126.41341750059,126.538545006361,126.561921445249,146.875040923222,146.875040923222,153.494644634032,153.494644634032,156.514280438019,156.514280438019,157.822794649374,157.822794649374,157.822794649374,157.961474096419,167.54758789575,167.54758789575,171.49276902434,171.49276902434,171.419912768317,171.580182840583,171.434670313666,171.434670313666,171.772207853186,171.862259464018,175.549613835755,205.361817360277,205.361817360277,206.262836119047,206.88396233573,207.755213744051,208.556154779732,208.556154779732,394.264404992073,394.264404992073,401.7518104766,403.86867962389,404.3093881009,405.361878661101,416.1959283661,420.284504571179,554.850963254323,575.182645379819,576.560700898001,577.182084664228,577.546401900485,580.078859806204,580.52005793822,581.133918821678,581.546466885464,581.546466885464,583.314986231456,583.314986231456,608.720753604907,608.720753604907,609.024280842443,611.180318729343,622.662077974426,626.189955326581,632.586904584504,678.442661297594,697.405254135861,697.405254135861,18.8720433437664,29.2244963022717,8.5182266053007,24.7900236279341,44.8385638669651
2004-05-31,123.965207887619,123.965207887619,123.965207887619,124.408795836377,124.437703376163,123.304106549335,129.025879764359,129.08982444339,129.026566546721,148.827914961,148.827914961,155.132222275623,155.132222275623,157.93946038416,157.93946038416,159.105531254939,159.105531254939,159.105531254939,159.239275734569,168.589925687907,168.589925687907,172.330963210758,172.330963210758,172.235885365056,172.383401748276,172.197344325462,172.197344325462,172.502051633327,172.584960501466,176.175361674765,204.040068502136,204.040068502136,204.825034830697,205.420987991975,206.193936125253,206.904845343551,206.904845343551,384.893809995234,384.893809995234,392.028651078547,394.039989655373,394.436882797383,395.432407849184,405.924888121789,409.792178148615,543.423728775776,563.307890099006,564.626396647118,565.216260096494,565.560438359739,568.039794682986,568.451053075943,569.035064712182,569.421678152704,569.421678152704,571.174300385343,571.174300385343,595.957123627092,595.957123627092,596.243016345505,598.321604093495,609.48620663383,612.898757074163,619.124064986261,664.56313385936,682.964293705997,682.964293705997,18.5530985525055,27.3936510204943,8.33347264804582,24.2075994512507,44.4844277778926
2004-06-01,143.173754678621,143.173754678621,143.173754678621,142.358692061456,142.258473476385,136.81188972911,142.390131378023,141.78398328596,140.429326536119,161.244008998757,161.244008998757,165.398097882876,165.398097882876,167.038051893611,167.038051893611,166.271692594412,166.271692594412,166.271692594412,166.51664058494,176.002771047778,176.002771047778,177.657568119822,177.657568119822,176.970729607934,177.276093167069,176.309361587333,176.309361587333,176.279326601666,176.300771395505,179.888465620667,206.439672147884,206.439672147884,206.790336468127,207.451555155828,207.898582115947,208.283092980735,208.283092980735,382.700987764907,382.700987764907,389.676367607687,391.624862995045,391.84489762766,392.642547602617,402.908942552026,406.136480795587,539.021886706051,558.009847526679,558.992714533296,559.421887278693,559.642630836954,562.041299279619,562.263403862505,562.676925567617,562.90703020043,562.90703020043,564.637270116312,564.637270116312,588.623248413622,588.623248413622,588.808864605404,590.573796152287,601.431492988658,604.49886300385,610.344825844345,655.180332776347,672.97340031648,672.97340031648,21.8144691983029,26.841286381521,8.1613617650262,23.650890122906,44.1803603284005
2004-06-02,170.77135611465,170.77135611465,170.77135611465,168.353162150486,168.144323440399,158.021464917125,162.054185784953,160.468257286984,157.740827312718,177.841870990746,177.841870990746,180.326164358188,180.326164358188,180.018673144524,180.018673144524,176.937653224343,176.937653224343,176.937653224343,177.027638287131,185.617038896061,185.617038896061,184.49418958453,184.49418958453,183.469401082604,183.513233039207,181.8060077697,181.8060077697,181.331850783947,181.303531954974,184.675932536669,209.899315188159,209.899315188159,209.787776764687,210.156542083237,210.029249049166,210.208639255253,210.208639255253,378.646799777583,378.646799777583,385.12872144759,386.958428055205,387.219036812401,388.053609628355,398.000041188391,401.229558514054,535.021156510065,553.618335560187,554.532612691499,554.924625757101,555.116700506365,557.461132254853,557.632930063492,557.994409171441,558.174114165358,558.174114165358,559.887719846165,559.887719846165,583.255253897013,583.255253897013,583.402292233569,585.021082312479,595.591731637829,598.465109915518,604.063243600524,648.456462374636,665.720038891292,665.720038891292,23.328203262424,26.1086226992931,7.99986260491376,23.1197568094925,43.9168335829185
2004-06-03,201.486607838422,201.486607838422,201.486607838422,198.512921610005,198.27368027901,185.582297115569,188.57310704587,186.349430466268,182.499869585705,201.028381010071,201.028381010071,201.5813829379,201.5813829379,199.283142189507,199.283142189507,193.601797794446,193.601797794446,193.601797794446,193.569886556599,200.72501724287,200.72501724287,195.666805183304,195.666805183304,193.996360075552,193.932346868479,191.05679160734,191.05679160734,189.953930203621,189.832499218781,192.869294360965,216.726152669532,216.726152669532,215.947177069426,216.118550161597,215.274576336557,215.027886414914,215.027886414914,379.478321045427,379.478321045427,385.149748221816,386.727292280539,386.871205794511,387.585398904256,397.014448682201,399.849010778047,536.365078984715,554.218036380869,554.87095214315,555.137515631532,555.233453891114,557.507478883393,557.531111147144,557.757682852144,557.813084877427,557.813084877427,559.507159633144,559.507159633144,582.169940931804,582.169940931804,582.235789374416,583.593885956011,593.890237535085,596.469513609693,601.737208663756,645.62956692544,662.363375713467,662.363375713467,23.9055626082043,25.6628675577908,7.84043457854215,22.6081449836377,43.681926763754
2004-06-04,228.800418937158,228.800418937158,228.800418937158,226.283205682273,226.081531158252,213.864801633213,216.621546787466,214.340137304862,210.248576893278,227.786672640282,227.786672640282,227.213153146521,227.213153146521,223.541638293119,223.541638293119,215.789672106031,215.789672106031,215.789672106031,215.677869739215,221.395538789334,221.395538789334,212.258188973956,212.258188973956,209.768769195842,209.596009916132,205.253281899911,205.253281899911,203.361284264412,203.120714667264,205.725779573722,228.20196479961,228.20196479961,226.526213747359,226.453221594887,224.679670856976,223.858775344393,223.858775344393,386.037726999033,386.037726999033,390.784971648668,392.049152733811,392.043154314896,392.600687584552,401.394392399217,403.688562559789,545.25101571489,562.179810675332,562.444936258838,562.523006475269,562.472557067179,564.662831154201,564.456803400951,564.474201720453,564.334392257541,564.334392257541,566.006265824324,566.006265824324,587.868771303246,587.868771303246,587.80579993758,588.762595716517,598.795959660055,600.938206872496,605.741796213931,648.989823621199,665.161573906028,665.161573906028,23.7334358488951,25.5066573829925,7.68468262246433,22.1142401934411,43.4618771011036
2004-06-05,249.792034868624,249.792034868624,249.792034868624,248.07379799983,247.938276859214,238.070666780064,241.219984886467,239.332727069423,235.788327479268,253.427587199495,253.427587199495,253.051414154788,253.051414154788,249.191451266566,249.191451266566,240.752431206238,240.752431206238,240.752431206238,240.609766318536,245.434347203819,245.434347203819,233.507629024546,233.507629024546,230.346413383468,230.081936077663,224.391102963754,224.391102963754,221.731780694282,221.375921517878,223.55179952947,244.85825690304,244.85825690304,242.201589888435,241.854624259322,239.027019720909,237.552618726899,237.552618726899,398.435919524519,398.435919524519,402.265000008878,403.206681633267,403.045040987841,403.439339452697,411.573792852078,413.290831538185,561.541380267834,577.565030572254,577.439618823457,577.325909057013,577.125683287556,579.23214723361,578.787610445595,578.585833859323,578.239479571356,578.239479571356,579.888928812306,579.888928812306,600.94327959229,600.94327959229,600.741099574372,601.261938730821,611.044241861838,612.708514573172,617.005272170572,659.5438883918,675.152368918286,675.152368918286,23.1236240056698,25.6237862391404,7.52932061843869,21.6353666580113,43.2426561239682
2004-06-06,264.194424220581,264.194424220581,264.194424220581,263.273202510202,263.20101792499,256.180560438341,259.958082921838,258.632513504814,256.019404065109,274.452289258273,274.452289258273,275.255044142322,275.255044142322,272.282832767284,272.282832767284,264.687829100272,264.687829100272,264.687829100272,264.56126325594,269.286674724445,269.286674724445,256.884109705806,256.884109705806,253.454667242334,253.151202175596,246.7361456401,246.7361456401,243.626031549656,243.19992320385,245.061002271896,265.740123495089,265.740123495089,262.303546661804,261.73660578822,257.99517602013,255.913890632323,255.913890632323,415.990351895959,415.990351895959,419.02250096984,419.679260929325,419.379996882646,419.628329872175,427.159571672707,428.346703218187,583.212553217379,598.512016320818,598.097683341475,597.840565637398,597.528209590222,599.562409941832,598.936768549406,598.566166310367,598.059543722382,598.059543722382,599.689835513207,599.689835513207,620.019404999884,620.019404999884,619.706374208103,619.871340858993,629.416398738627,630.678188066635,634.538463414533,676.421107869539,691.514081692767,691.514081692767,22.314714729679,25.9297334720735,7.3763714654625,21.170830161666,43.0089612091069
2004-06-07,272.71915420977,272.71915420977,272.71915420977,272.477738821106,272.459676983882,268.078916498347,272.47793727576,271.706865059493,270.06059689022,289.444236896796,289.444236896796,291.795696934265,291.795696934265,290.273360039759,290.273360039759,284.542672075264,284.542672075264,284.542672075264,284.465902703484,289.739310401517,289.739310401517,279.130462089596,279.130462089596,275.912923149619,275.629205847899,269.363822065452,269.363822065452,266.264871914761,265.833892818685,267.598231248899,288.373427633228,288.373427633228,284.629319686565,283.965088746081,279.759162221221,277.341220538661,277.341220538661,437.030858763908,437.030858763908,439.515497701456,439.974549477917,439.581459591976,439.726799424442,446.795358600708,447.586458998917,607.215240362589,622.049826432003,621.504135013287,621.180332879982,620.816272161929,622.796766493628,622.085415895867,621.631705660471,621.045554709213,621.045554709213,622.658532596949,622.658532596949,642.404164059804,642.404164059804,642.03315755553,641.99736866502,651.32008915463,652.336153678322,655.912385405079,697.283724437927,711.94499957967,711.94499957967,21.4502853679966,26.2696643722581,7.22408126352315,20.7206952448499,42.7520264880127
2004-06-08,276.472023659658,276.472023659658,276.472023659658,276.765047306832,276.789619956939,274.583982401021,279.497652169011,279.195891339223,278.389597474124,298.728189821502,298.728189821502,302.529748112528,302.529748112528,302.512470150509,302.512470150509,298.95483463547,298.95483463547,298.95483463547,298.941716027953,305.082619286239,305.082619286239,297.630819609326,297.630819609326,294.983642283267,294.767656379343,289.398682623712,289.398682623712,286.736685153292,286.365865675593,288.235250860646,309.718521068472,309.718521068472,306.220232441568,305.605420563593,301.527809742764,299.143012075179,299.143012075179,458.91368925199,458.91368925199,461.214329913055,461.605960939696,461.18582122195,461.294187535905,468.111686814152,468.721898874543,630.5127417534,645.134768696814,644.613342566356,644.299532596836,643.944512090852,645.88926097934,645.189813656316,644.741737447658,644.160595085924,644.160595085924,645.760202431587,645.760202431587,665.070979202739,665.070979202739,664.698958612533,664.633802791406,673.749925309884,674.700321497947,678.163012630495,719.195660650739,733.525392121768,733.525392121768,20.7651474225264,26.488463117953,7.07607407289848,20.284493728912,42.465921826051
2004-06-09,276.611730333756,276.611730333756,276.611730333756,277.30070843961,277.355737419841,276.821970894398,282.112489292729,282.176355759903,282.032970679106,302.910673763173,302.910673763173,307.957490790458,307.957490790458,309.281810611721,309.281810611721,307.794681211335,307.794681211335,307.794681211335,307.839818860349,314.873324268932,314.873324268932,311.02709955867,311.02709955867,309.117389717192,308.991263533767,304.93898966821,304.93898966821,302.968433298856,302.697173899743,304.806711172596,327.275061389548,327.275061389548,324.456807065308,324.008921900331,320.573825723374,318.558466508731,318.558466508731,478.869508950038,478.869508950038,481.34921576654,481.806544630734,481.428869570263,481.56957199381,488.364458580859,489.031132005011,650.699070414343,665.299596558504,664.922773075535,664.678747864441,664.380324002465,666.302919055993,665.692736643926,665.321216706845,664.813173866722,664.813173866722,666.402500200986,666.402500200986,685.403001290397,685.403001290397,685.076875924342,685.124545473095,694.046471336748,695.080403736582,698.581156876168,739.423154492614,753.501171336954,753.501171336954,19.9571186576977,26.4575012460268,6.93020095815932,19.8621772184293,42.1484506213934
2004-06-10,274.427506113298,274.427506113298,274.427506113298,275.368729342917,275.443344198426,276.067634302639,281.595145237844,281.916571567195,282.250433890219,303.319410057687,303.319410057687,309.258097697623,309.258097697623,311.621022777899,311.621022777899,311.842347304837,311.842347304837,311.842347304837,311.936403047257,319.723046016793,319.723046016793,319.213581962196,319.213581962196,318.038580502038,318.002504691807,315.349809656483,315.349809656483,314.137782056124,313.977508137007,316.372508217703,339.749359213361,339.749359213361,337.825247424393,337.60415562163,335.105567039197,333.66472329182,333.66472329182,494.837710489138,494.837710489138,497.753547376981,498.375130436872,498.091673005981,498.316835269893,505.264997263483,506.167880686248,666.362872423382,681.053375761119,680.889860928009,680.750189224294,680.53600833562,682.445551359704,681.970347827882,681.717791085467,681.323987383279,681.323987383279,682.903907321715,682.903907321715,701.67460522485,701.67460522485,701.423573415766,701.674224488344,710.412750274308,711.629570141771,715.268549919158,756.015048605223,769.907316353317,769.907316353317,19.1803755360918,26.1300819213801,6.79219642657034,19.451918449955,41.8046611970188
2004-06-11,271.216228991499,271.216228991499,271.216228991499,272.266269751253,272.349086385047,273.623928666226,279.249469101993,279.72192288653,280.348768003387,301.308588584562,301.308588584562,307.773902725291,307.773902725291,310.831256814871,310.831256814871,312.29646255433,312.29646255433,312.29646255433,312.426492159423,320.746887950233,320.746887950233,322.924235640704,322.924235640704,322.375500575589,322.418959881967,321.013030025178,321.013030025178,320.489487178594,320.430789561979,323.090519307328,347.113930737604,347.113930737604,346.084698122605,346.108634348284,344.668547922999,343.873217749867,343.873217749867,508.023874262047,508.023874262047,511.302978519354,512.04696311602,511.89245550842,512.224653366009,519.350436054135,520.604040121028,679.759889036019,694.892814253608,694.90319604321,694.913068339397,694.774665091111,696.707216612372,696.314657871121,696.134707139555,695.837917411232,695.837917411232,697.420955683974,697.420955683974,716.099375269787,716.099375269787,715.883644245966,716.227757519051,724.79673725454,726.095268791231,729.785472777185,770.323117541269,784.025199530762,784.025199530762,18.4723015903718,25.5697484494172,6.76993604503258,19.2711398806494,41.4405654895176
2004-06-12,268.004699354015,268.004699354015,268.004699354015,269.046474388289,269.12821513641,270.617303710464,276.220496258414,276.750434843097,277.506266566601,298.091522883728,298.091522883728,304.756623520101,304.756623520101,308.187540120773,308.187540120773,310.432986871743,310.432986871743,310.432986871743,310.585952570399,319.206582991199,319.206582991199,323.286899794673,323.286899794673,323.20966492929,323.306939998103,322.87760975698,322.87760975698,322.901085360628,322.923535312521,325.789108064859,349.997540709403,349.997540709403,349.747419564042,349.957946230521,349.356073271788,349.127714412479,349.127714412479,515.539736717168,515.539736717168,519.390257172066,520.367673659334,520.288863066024,520.709378699382,528.116821502389,529.671030420638,686.725330808056,701.957328081102,702.204754738467,702.269352959812,702.220032326334,704.159008328694,703.94934392917,703.932530614197,703.766155222335,703.766155222335,705.344094989983,705.344094989983,724.062871872339,724.062871872339,723.960126305321,724.617248599025,733.028610191082,734.619523023672,738.551616476729,779.072714194198,792.693578118939,792.693578118939,17.8261100098301,24.7732698805847,6.63958177174976,19.0445391387436,41.0638677071579
2004-06-13,265.447605004836,265.447605004836,265.447605004836,266.403754024542,266.478234151002,267.863116514249,273.354067993697,273.870981653001,274.628977369722,294.645621114831,294.645621114831,301.248618878709,301.248618878709,304.781122667586,304.781122667586,307.399014105516,307.399014105516,307.399014105516,307.562910328564,316.268485024807,316.268485024807,321.491522484317,321.491522484317,321.724561597432,321.870134642557,322.112267882116,322.112267882116,322.517213814757,322.596369336979,325.598379069816,349.592983975101,349.592983975101,349.925150962196,350.284875751787,350.367185250562,350.587690309404,350.587690309404,519.187254041316,519.187254041316,523.463258797679,524.609463978779,524.627496440358,525.136122121751,532.739973924935,534.591845565205,690.404992593315,705.696009124661,706.098532259519,706.239390091135,706.25284054972,708.17982300338,708.075308428696,708.153408505054,708.08029244896,708.08029244896,709.650073030892,709.650073030892,728.317488500583,728.317488500583,728.280356421305,729.123270245936,737.382615552602,739.150565978293,743.231097380386,783.639412581054,797.17358244016,797.17358244016,17.2392298165849,23.8303272874237,6.49155625943811,18.838444555809,40.6832034916125
2004-06-14,263.73030983305,263.73030983305,263.73030983305,264.572944252095,264.63807605669,265.760885868065,271.089408682703,271.556483048083,272.242051586123,291.571315655281,291.571315655281,297.933904258466,297.933904258466,301.375979776971,301.375979776971,304.060549671019,304.060549671019,304.060549671019,304.226439206747,312.847998104034,312.847998104034,318.579490240973,318.579490240973,318.981647647117,319.133730592595,319.777229351416,319.777229351416,320.413339462612,320.526843371623,323.597865717662,347.043130328914,347.043130328914,347.762637942083,348.220746552857,348.782434951851,349.322142671145,349.322142671145,519.628573835119,519.628573835119,524.23860803798,525.519385367454,525.61644205763,526.192569300042,533.939464987238,536.033823531748,690.835296564791,706.146688592756,706.698312689382,706.912856100825,706.986522224763,708.896237091205,708.890258566034,709.055637969213,709.067709092531,709.067709092531,710.627090305743,710.627090305743,729.205414833629,729.205414833629,729.226768651822,730.230577135968,738.349814538632,740.266703772446,744.494387333487,784.762030758273,798.207811221176,798.207811221176,16.7087683888607,22.8076851459566,6.35163570523613,18.6098542350802,40.3234281139646
2004-06-15,262.743758320154,262.743758320154,262.743758320154,263.481448782065,263.537961878209,264.373136505524,269.527985989525,269.935051542242,270.522305774224,289.150146972663,289.150146972663,295.192205911906,295.192205911906,298.430369946068,298.430369946068,300.982117620887,300.982117620887,300.982117620887,301.144021489974,309.568710075104,309.568710075104,315.342030932953,315.342030932953,315.804170856703,315.960357567243,316.776068828273,316.776068828273,317.515149857554,317.643659828236,320.725813323257,343.371407158767,343.371407158767,344.304002618112,344.814183746834,345.658657207189,346.392123371077,346.392123371077,517.533419516288,517.533419516288,522.395283301533,523.780293266347,523.939888353658,524.577613136388,532.417439211878,534.699528594802,688.357939438709,703.648945682138,704.334076011946,704.614661667753,704.742496616813,706.633034118483,706.715873737961,706.959762380219,707.048633323863,707.048633323863,708.59773986694,708.59773986694,727.034124531135,727.034124531135,727.108484694236,728.256809671422,736.238319415516,738.286329540306,742.600591359729,782.851600284138,796.343599818761,796.343599818761,16.2260630681925,21.7606599423767,6.22137185821037,18.341351254087,39.9637684697259
2004-06-16,262.166935630363,262.166935630363,262.166935630363,262.833932009478,262.884624718808,263.508172207256,268.508251328649,268.866976144098,269.369543367294,287.350212122357,287.350212122357,293.072622432387,293.072622432387,296.078570397903,296.078570397903,298.411725613946,298.411725613946,298.411725613946,298.56693165178,306.741415613484,306.741415613484,312.278181713522,312.278181713522,312.72808305454,312.879419266185,313.713124212905,313.713124212905,314.466292173058,314.596637252499,317.650531698137,339.344537221061,339.344537221061,340.355208949349,340.881430516358,341.850970199383,342.674908551681,342.674908551681,513.545568615186,513.545568615186,518.582186992429,520.043100896583,520.249891204144,520.923957127442,528.812254905757,531.232216352467,683.307912763364,698.546099249296,699.348803520557,699.687701970857,699.86354507686,701.732936249918,701.894688991152,702.208124482507,702.365225463001,702.365225463001,703.903485017308,703.903485017308,722.14880584489,722.14880584489,722.270329827735,723.545733376377,731.395782627011,733.556045915916,737.952298966874,777.906721018655,791.195690148345,791.195690148345,15.7818894313172,20.730832787428,6.09357713236626,18.0376068572742,39.6243305200302
2004-06-17,261.175912067905,261.175912067905,261.175912067905,261.861419590286,261.913442242842,262.565981182854,267.476816964913,267.831064992391,268.315511465198,285.804883135936,285.804883135936,291.302020969112,291.302020969112,294.134305734011,294.134305734011,296.279682668783,296.279682668783,296.279682668783,296.428871622975,304.362115731572,304.362115731572,309.581851628039,309.581851628039,309.987412595994,310.129893254629,310.900810608155,310.900810608155,311.619387724979,311.744122661871,314.74497467434,335.430022856809,335.430022856809,336.431983793073,336.950789859189,337.937596333313,338.779818485895,338.779818485895,508.22244098778,508.22244098778,513.373970777892,514.885827265628,515.126305723618,515.826670897237,523.722213099054,526.234928654582,676.177105037344,691.326706796128,692.225071328101,692.611542828272,692.826882404207,694.67384809392,694.900939475777,695.271713144939,695.485459323034,695.485459323034,697.011890399802,697.011890399802,715.019995811547,715.019995811547,715.180837565202,716.560301390576,724.281749414671,726.530314707476,730.989050585534,770.759467244366,783.922679096438,783.922679096438,15.3821027199645,19.7471817954793,5.96930301997922,17.7064166558026,39.2988194671382
2004-06-18,259.732362738565,259.732362738565,259.732362738565,260.450451824762,260.505029517056,261.288571862495,266.145719398605,266.520750165939,267.033799858884,284.163290962966,284.163290962966,289.53984618778,289.53984618778,292.286554711009,292.286554711009,294.339245569744,294.339245569744,294.339245569744,294.485047565596,302.225303225884,302.225303225884,307.199447346121,307.199447346121,307.562854860546,307.696581424176,308.390656635156,308.390656635156,309.06292649292,309.180097473847,312.122768736829,331.820042386897,331.820042386897,332.772039464662,333.272284499548,334.219514007152,335.040060897398,335.040060897398,501.960797265218,501.960797265218,507.169204153105,508.71484811032,508.979533592708,509.696954548135,517.573167641829,520.14578326244,667.497683910929,682.523023209633,683.492914354568,683.915094430325,684.160509617664,685.982312933896,686.259704513579,686.67423161099,686.931689189667,686.931689189667,688.447582374982,688.447582374982,706.18473360543,706.18473360543,706.375906595587,707.832989507277,715.430438289172,717.7420227643,722.236497636617,761.802261433611,774.834366022622,774.834366022622,15.0120874117024,18.8272974021538,5.84672784765119,17.3628668050578,38.9763062763752
2004-06-19,258.444091713619,258.444091713619,258.444091713619,259.215714839881,259.274950977502,260.125681617613,265.02612093917,265.45544320596,266.000690102396,282.859074733509,282.859074733509,288.114439301563,288.114439301563,290.811820842414,290.811820842414,292.736715743309,292.736715743309,292.736715743309,292.911876997035,300.63743036471,300.63743036471,305.258498015197,305.258498015197,305.564271072341,305.695219360502,306.286956279717,306.286956279717,306.905935061417,307.013787072952,309.911103869114,328.670642253907,328.670642253907,329.542956371109,330.016957496516,330.918788596246,331.715847756447,331.715847756447,495.501771126755,495.501771126755,500.797415114436,502.34270816304,502.612495438273,503.328460625442,511.139331899403,513.721133524049,658.308590327365,673.14321979785,674.138059360898,674.573344759936,674.831018346459,676.62346068124,676.923055438806,677.356177644906,677.633640232096,677.633640232096,679.139578010024,679.139578010024,696.569866546008,696.569866546008,696.775498933512,698.263878032389,705.73941337219,708.068066678519,712.558704923054,751.864482692652,764.747953605694,764.747953605694,14.7578686279044,17.9841697361503,5.73232740989025,17.0213677057954,38.6503780570912
2004-06-20,256.75563367495,256.75563367495,256.75563367495,257.589049624707,257.646146954337,258.644502126938,263.38455912237,263.79210795616,264.350388615118,281.23154813961,281.23154813961,286.491427665904,286.491427665904,289.13715795864,289.13715795864,291.04938985017,291.04938985017,291.04938985017,291.20443903195,298.81201126352,298.81201126352,303.396335880415,303.396335880415,303.686095509751,303.820854258028,304.363657288013,304.363657288013,304.942390744025,305.044284956793,307.89102727309,325.803828933255,325.803828933255,326.618727974348,327.071751091574,327.884335718357,328.621484558942,328.621484558942,488.016038241165,488.016038241165,493.294791252948,494.881203226292,495.176883098431,495.911364506306,503.71357827895,506.345435169062,648.222368932165,662.897054876987,663.929054581439,664.382661667544,664.656382362995,666.422961134668,666.749448267945,667.204674900034,667.504774438407,667.504774438407,668.997922029401,668.997922029401,686.137386185823,686.137386185823,686.358115513072,687.878348400378,695.234763351736,697.580357485893,702.064564725153,741.087686809054,753.821924622148,753.821924622148,14.7023867477416,17.2093504469469,5.61767975690527,16.69371878638,38.3099242066837
2004-06-21,253.914718158603,253.914718158603,253.914718158603,254.773969701076,254.840621718483,256.1212185149,260.871062476198,261.339229555377,261.995590222335,278.809423832333,278.809423832333,284.19251952018,284.19251952018,286.923022001295,286.923022001295,288.964624976884,288.964624976884,288.964624976884,289.113597443685,296.629825273315,296.629825273315,301.337863284087,301.337863284087,301.649921853815,301.772853635263,302.341913788384,302.341913788384,302.92517540026,303.026738719205,305.84389484124,323.042903910128,323.042903910128,323.829490374185,324.269415681729,325.102701291629,325.851185383972,325.851185383972,481.282301582155,481.282301582155,486.680918027586,488.310002440619,488.585971287025,489.294526055105,496.984558038895,499.552043115142,638.95085901108,653.349040065539,654.346099690284,654.783706547316,655.046696200501,656.779833346149,657.092197365217,657.53341937151,657.822691920017,657.822691920017,659.305001062393,659.305001062393,676.124015949471,676.124015949471,676.338304977971,677.828872299699,685.067804602085,687.368847564923,691.7899499381,730.445511570832,743.011311895405,743.011311895405,14.4389764704763,16.5126630141962,5.5071414982861,16.3884970417132,37.9471786259559
2004-06-22,255.679521644884,255.679521644884,255.679521644884,256.550550409516,256.608683436377,257.160179306752,262.454093503761,262.974525075203,263.428864931446,281.256238497454,281.256238497454,286.348033305377,286.348033305377,289.294863848369,289.294863848369,290.944565425722,290.944565425722,290.944565425722,291.250918314027,299.469060359536,299.469060359536,303.124582962196,303.124582962196,303.003287531002,303.184675249282,303.393093291617,303.393093291617,303.930424792586,304.001275036033,307.082742903637,324.096747516767,324.096747516767,324.638918295096,325.282167434513,326.391535857734,327.126339270565,327.126339270565,485.67242927757,485.67242927757,492.150249355017,493.590538372338,493.583076574157,494.012308623434,501.080998047367,502.789692127429,639.436362124632,652.900009541188,653.462966630489,653.692804370997,653.794934929918,655.453745932006,655.518935572561,655.739335217881,655.824998798611,655.824998798611,657.287299395082,657.287299395082,673.516774448561,673.516774448561,673.600394633216,674.702549690787,681.819366586925,683.719438967639,687.74789969005,725.636086150888,737.899853986376,737.899853986376,15.7621725628576,16.749583543281,5.39958811539553,16.1133139925043,37.558548516365
2004-06-23,257.458520108869,257.458520108869,257.458520108869,257.94478927177,257.97771520521,257.932969661597,262.646542729918,262.939886153906,263.271341636791,281.162641715894,281.162641715894,286.66789903278,286.66789903278,289.344203175169,289.344203175169,290.818318253228,290.818318253228,290.818318253228,291.060877914615,299.363571409389,299.363571409389,303.19245118487,303.19245118487,303.197248587018,303.278883242695,303.337859055483,303.337859055483,303.697991364909,303.771490841947,306.859071836963,323.411935045951,323.411935045951,323.895907639071,324.292740524156,324.829527837678,325.413111353951,325.413111353951,475.944871461471,475.944871461471,482.477336445145,484.359469552352,484.691106219663,485.440983226722,493.390942174184,495.916692018441,632.279846359435,646.061363448239,646.900327418253,647.25644908116,647.456347883381,649.113242994835,649.3206121767,649.658584269478,649.849627986781,649.849627986781,651.304710123421,651.304710123421,667.439626641436,667.439626641436,667.582101886364,668.825795805056,675.835745417325,677.837800443305,681.918334668574,719.481066975133,731.6191357993,731.6191357993,15.7724554984615,16.3399042459843,5.29011009270323,15.8701161615035,37.1439132719461
2004-06-24,263.337147524184,263.337147524184,263.337147524184,263.311064074289,263.305800554482,261.948556833909,266.086622739283,266.084499286297,265.997200668545,282.96803818107,282.96803818107,288.163481332771,288.163481332771,290.353653691223,290.353653691223,291.435514507468,291.435514507468,291.435514507468,291.588828721264,299.395396825323,299.395396825323,303.098500231866,303.098500231866,303.137628826344,303.218081044347,303.272559419912,303.272559419912,303.589028566024,303.657064444255,306.711876706264,322.814502624144,322.814502624144,323.265259985925,323.632279556115,324.020088047683,324.500718367783,324.500718367783,468.993870836077,468.993870836077,474.972634142621,476.739355315215,477.040657001222,477.766580601803,485.635681899,488.213680049358,624.883703628363,638.50199909043,639.381990422764,639.76145569431,639.982400937473,641.617507474423,641.864358886693,642.238125813915,642.466856394938,642.466856394938,643.910938980894,643.910938980894,659.89659331728,659.89659331728,660.066210691513,661.38168552993,668.287173281558,670.34984097124,674.471428396548,711.704415389987,723.733714123,723.733714123,15.5235626969069,15.9156146532219,5.18517493262328,15.6568879834852,36.7058504989212
2004-06-25,272.479811947829,272.479811947829,272.479811947829,272.032298118458,271.995248953094,269.314787163109,272.905427030568,272.611280583289,272.047508640739,287.711105041449,287.711105041449,292.111877360705,292.111877360705,293.582669214417,293.582669214417,293.917808991349,293.917808991349,293.917808991349,294.025331573538,301.097235205894,301.097235205894,303.945222480973,303.945222480973,303.874491830497,303.938744711455,303.829567748738,303.829567748738,304.056050414,304.110238231745,307.086738538506,322.658366869367,322.658366869367,323.029544570436,323.366482411592,323.662892505781,324.078494802752,324.078494802752,463.348027820297,463.348027820297,468.98226230763,470.642645587714,470.906266762753,471.592709205891,479.289334595445,481.732238195601,619.911971629067,633.151518894643,633.923721439339,634.252794381449,634.43584724655,636.032808825415,636.224127848639,636.547845569743,636.73261329393,636.73261329393,638.164375991969,638.164375991969,653.897525367119,653.897525367119,654.040225769713,655.269767872733,662.071308534631,664.038268523368,668.056967034384,704.774961409516,716.642854866215,716.642854866215,15.1382776149654,15.4898756107355,5.08233293040579,15.4696562331446,36.2448488800231
2004-06-26,283.627956170723,283.627956170723,283.627956170723,282.916661202069,282.859652303314,279.219400798324,282.385708100325,281.867679328507,280.911502962559,295.28037131268,295.28037131268,298.761865826639,298.761865826639,299.432012581151,299.432012581151,298.829670849457,298.829670849457,298.829670849457,298.901929356169,305.157969607881,305.157969607881,306.607939322446,306.607939322446,306.304536051716,306.336907083758,305.845890669211,305.845890669211,305.87076724694,305.894941532383,308.728586837203,323.607032570526,323.607032570526,323.793393390772,324.075424546118,324.195850595695,324.502689318718,324.502689318718,458.704701497568,458.704701497568,464.060096689599,465.632821117838,465.868708947297,466.524698487141,474.066969542629,476.393447930911,617.476181217456,630.322907403882,630.965091392697,631.230745786536,631.36512372037,632.923142121838,633.038470237373,633.291759876589,633.411565561161,633.411565561161,634.830166765002,634.830166765002,650.292276121956,650.292276121956,650.391577687546,651.481479035101,658.181626436394,659.992415893487,663.844359087436,699.952818356693,711.633993532263,711.633993532263,14.6909232492255,15.0572778586154,4.98176573463019,15.3013963883846,35.7737018712733
2004-06-27,295.839848512487,295.839848512487,295.839848512487,294.988774077699,294.921314435726,290.721802879826,293.601440940746,292.943772792152,291.728550358688,305.01649349596,305.01649349596,307.689010601445,307.689010601445,307.655934078354,307.655934078354,306.153067614592,306.153067614592,306.153067614592,306.196368755501,311.681747344698,311.681747344698,311.53048179529,311.53048179529,310.928274570506,310.920228627688,309.90010886572,309.90010886572,309.638756018315,309.620278801876,312.266016696638,326.310405404209,326.310405404209,326.200595004837,326.399599839939,326.227308157635,326.354440312368,326.354440312368,455.463614226977,455.463614226977,460.511435521607,462.022517284723,462.242146335729,462.877614299278,470.375410857246,472.61558613406,617.816978877841,630.290795245307,630.788356776521,630.983249365751,631.063029224809,632.579295786403,632.608796960895,632.782434296289,632.82851736582,632.82851736582,634.23361819416,634.23361819416,649.43165430123,649.43165430123,649.48069421395,650.409538992385,657.011277816541,658.641691118915,662.300358005725,697.755348208481,709.240875042708,709.240875042708,14.2363580227216,14.6323262822305,4.8803151515574,15.1559752343422,35.2941830577134
2004-06-28,308.557396979853,308.557396979853,308.557396979853,307.642606616953,307.570477400484,303.106364556902,305.801743695939,305.071971209293,303.715312061036,316.175032041753,316.175032041753,318.227862776611,318.227862776611,317.675533057526,317.675533057526,315.459927543188,315.459927543188,315.459927543188,315.481519452592,320.329253718637,320.329253718637,318.693633185348,318.693633185348,317.791626133838,317.742986205883,316.159000855728,316.159000855728,315.585343223534,315.519948460784,317.957802734211,331.1105358644,331.1105358644,330.640531352973,330.73961721318,330.193256331066,330.086721367215,330.086721367215,454.08807503025,454.08807503025,458.78289585823,460.141255637012,460.298911193068,460.873737013913,468.117109126752,470.194603227618,619.806890578425,631.934901226499,632.340550406484,632.489661233733,632.534221029687,634.015636248791,633.988671358263,634.108353978101,634.104269187828,634.104269187828,635.498068388412,635.498068388412,650.48061927357,650.48061927357,650.494156237654,651.303819082213,657.811317716606,659.30186185836,662.805453868429,697.638406257548,708.948825106994,708.948825106994,13.8041710920834,14.2219599355608,4.78288950586588,15.023197070936,34.8105444697719
2004-06-29,321.267202963388,321.267202963388,321.267202963388,320.350292421117,320.27822369052,315.780626274412,318.369510344578,317.620224077046,316.216163520545,328.080026400141,328.080026400141,329.710954017067,329.710954017067,328.831196247011,328.831196247011,326.14567525381,326.14567525381,326.14567525381,326.153302758881,330.523896911599,330.523896911599,327.729323283423,327.729323283423,326.577508255572,326.494692541663,324.413341375583,324.413341375583,323.557374146532,323.44913288258,325.691918769724,337.983906833695,337.983906833695,337.153051730916,337.151689060212,336.213737247213,335.85758134133,335.85758134133,454.833952393384,454.833952393384,459.1523737801,460.380829395943,460.483940736579,461.000869774442,467.976148629094,469.859139471835,623.958292860819,635.736251034073,636.029747194758,636.124115324985,636.126704707362,637.571871419003,637.479240472934,637.537570396059,637.477022036011,637.477022036011,638.857366040994,638.857366040994,653.626735900363,653.626735900363,653.601747185561,654.285508846481,660.701683179037,662.047581386902,665.391441442217,699.603422722181,710.744431514949,710.744431514949,13.4056515847277,13.8265103327895,4.69116812111888,14.9006672157682,34.328094706523
2004-06-30,333.440265301175,333.440265301175,333.440265301175,332.578632216524,332.511098789298,328.184927167085,330.742469972743,330.01815084601,328.64575282024,340.119848295276,340.119848295276,341.514761936667,341.514761936667,340.485645102958,340.485645102958,337.572186149457,337.572186149457,337.572186149457,337.573198420372,341.626785551889,341.626785551889,338.08395879081,338.08395879081,336.75969850755,336.652703969225,334.204392580553,334.204392580553,333.13367461,332.992377767635,335.076112409482,346.60619148449,346.60619148449,345.469269795565,345.381468736346,344.096407150497,343.514085433609,343.514085433609,457.659519976117,457.659519976117,461.615412832886,462.717808419224,462.767189962605,463.226850882763,469.938140686111,471.623889397673,629.820786231849,641.288000321438,641.488513268841,641.53704326652,641.504481987748,642.916390648629,642.768181542402,642.77388789904,642.664761785441,642.664761785441,644.032508684916,644.032508684916,658.60750075467,658.60750075467,658.54882877041,659.120545905883,665.448579471045,666.663331281982,669.861358830121,703.470864287242,714.451344694237,714.451344694237,13.0422635306723,13.443991346744,4.59965485280306,14.7851175469375,33.8517705615427
2004-07-01,344.510977770398,344.510977770398,344.510977770398,343.761626591239,343.703125746778,339.746323126374,342.324648752127,341.669208919126,340.404709061124,351.685292974816,351.685292974816,353.022239291598,353.022239291598,352.00862843008,352.00862843008,349.097687079788,349.097687079788,349.097687079788,349.098943600432,352.984807199924,352.984807199924,349.123719974483,349.123719974483,347.714422771119,347.594579616692,344.939314928583,344.939314928583,343.739829682913,343.578200056228,345.546907885139,356.455040107454,356.455040107454,355.102440630252,354.952066819579,353.409651130128,352.654776263664,352.654776263664,462.237533692854,462.237533692854,465.881313785158,466.874496613095,466.877264684651,467.286384021296,473.757234192854,475.265154466438,636.942481178951,648.139111140317,648.269645279875,648.283592195943,648.224733512132,649.605317987873,649.415622855797,649.381418809796,649.235674296528,649.235674296528,650.59164711972,650.59164711972,664.995818203124,664.995818203124,664.911431182834,665.394757764294,671.637921986356,672.745860953092,675.821772684431,708.875801368599,719.708666317346,719.708666317346,12.7125143174131,13.0731942244631,4.51019127773918,14.6740957443831,33.3974939284412
2004-07-02,353.740025010902,353.740025010902,353.740025010902,353.173573225837,353.129708499223,349.773307445641,352.444710836056,351.905298371881,350.829354868833,362.113819588157,362.113819588157,363.575505061106,363.575505061106,362.740569631399,362.740569631399,360.058473028006,360.058473028006,360.058473028006,360.066638116564,363.927397212604,363.927397212604,360.174317835137,360.174317835137,358.769615172439,358.648556397213,355.956290676528,355.956290676528,354.721598321775,354.553471011689,356.451443454995,366.896288730954,366.896288730954,365.437146495774,365.253198015982,363.569025516583,362.713307887006,362.713307887006,468.052859913703,468.052859913703,471.458957369665,472.369120686739,472.337621548057,472.708187978573,478.978658616087,480.346479285115,644.671326669019,655.65080094678,655.743152178433,655.738043378188,655.665107247042,657.018517227662,656.806692997342,656.750056405651,656.584186403431,656.584186403431,657.929291365048,657.929291365048,672.190897280321,672.190897280321,672.091849287167,672.519686972443,678.68135843267,679.717469987714,682.703203261032,715.290046793247,725.99164464412,725.99164464412,12.412292008437,12.7131992817226,4.42346234462513,14.5649878145191,32.9957985815348
2004-07-03,360.238313218563,360.238313218563,360.238313218563,359.938405151748,359.915852601778,357.433225129721,360.278664261774,359.911782930131,359.119521115531,370.624026217624,370.624026217624,372.415844005065,372.415844005065,371.940412481704,371.940412481704,369.725824824424,369.725824824424,369.725824824424,369.747876565345,373.726188942818,373.726188942818,370.516353386905,370.516353386905,369.207420498319,369.096977096481,366.542012105189,366.542012105189,365.368552822086,365.208238894798,367.083142378724,377.231062451902,377.231062451902,375.782958400579,375.596632672579,373.898461510733,373.022541866374,373.022541866374,474.464065889912,474.464065889912,477.721990254482,478.581191371417,478.531160116573,478.878617202065,485.001995391376,486.280722188947,652.165343202091,662.99828129349,663.09283003527,663.088422397919,663.016981244583,664.348212590314,664.139046005419,664.082386332038,663.917588199874,663.917588199874,665.252672700489,665.252672700489,679.405917247871,679.405917247871,679.306443088801,679.721196469376,685.804828551717,686.812125266014,689.750536466383,722.026959586408,732.616743735157,732.616743735157,12.1355202637315,12.3642416077895,4.33760471685038,14.4561979087201,32.7051103025006
2004-07-04,363.266841824831,363.266841824831,363.266841824831,363.30396736272,363.308386029419,361.9495175401,365.045021464841,364.903935462313,364.487296686038,376.424305833413,376.424305833413,378.746703985066,378.746703985066,378.815559647109,378.815559647109,377.3172001754,377.3172001754,377.3172001754,377.360405192476,381.603903246864,381.603903246864,379.384184396235,379.384184396235,378.264116363154,378.176376111373,375.93648905479,375.93648905479,374.92196586923,374.784087334102,376.68758141388,386.70938034536,386.70938034536,385.394041298411,385.237636190556,383.65909445359,382.847884799526,382.847884799526,481.108156760485,481.108156760485,484.274165008622,485.103414278713,485.04528497265,485.380041352463,491.394785794835,492.613432911893,658.743081997089,669.484641756455,669.615509582212,669.628686131696,669.572116556645,670.884884689891,670.700010075055,670.663085034406,670.518222624551,670.518222624551,671.843196051678,671.843196051678,685.917912559518,685.917912559518,685.830952767141,686.271683436506,692.279561638538,693.299161154829,696.23275047175,728.453866911452,738.950180614721,738.950180614721,11.8812359456686,12.0264675677946,4.25351897786671,14.3466182277701,32.6279453889712
2004-07-05,366.029329976597,366.029329976597,366.029329976597,366.344213095676,366.360970692906,365.643107789646,368.920226155643,368.928779917184,368.72722143549,380.904140738592,380.904140738592,383.561978718822,383.561978718822,384.086128945284,384.086128945284,383.180410025449,383.180410025449,383.180410025449,383.274012880411,387.9677226967,387.9677226967,386.711851142049,386.711851142049,385.795147652781,385.732007179537,383.881898648599,383.881898648599,383.130048970555,383.025677760757,385.07216246463,395.107021678226,395.107021678226,393.972386947265,393.868950908187,392.561532504767,391.897691555777,391.897691555777,488.049738347832,488.049738347832,491.452962314227,492.452511708038,492.449945403038,492.816230879607,498.915920421339,500.196655500986,665.792001905566,676.552351326699,676.727278516143,676.854748715208,676.846228586567,678.188042937397,677.991113753526,677.934014292526,677.778415110117,677.778415110117,679.093844161038,679.093844161038,693.055218251831,693.055218251831,692.957628037156,693.359666478891,699.29077427158,700.261379003338,703.133469291926,735.604533899875,745.984931538359,745.984931538359,11.7211834426189,11.7551557542656,4.19021785885338,14.2586606771298,32.9236411347665
2004-07-06,366.590901945148,366.590901945148,366.590901945148,366.932680646347,366.965629478473,366.797961573917,370.220285644254,370.390377188289,370.470063863021,383.071002102658,383.071002102658,386.228697449437,386.228697449437,387.193418883851,387.193418883851,386.954004067661,386.954004067661,386.954004067661,387.050742063451,392.029068103033,392.029068103033,392.084426896976,392.084426896976,391.416742609263,391.427038997881,390.092862022409,390.092862022409,389.511782390845,389.4382863095,391.546519713374,401.98196883031,401.98196883031,401.204622842297,401.28711421621,400.278141719308,399.710198097408,399.710198097408,495.043139665142,495.043139665142,498.348481654535,499.267288640529,499.207420101631,499.538077898954,505.502850112389,506.721681747897,670.268371918062,680.987246243918,681.208536972929,681.268669926627,681.25193730918,682.582890380403,682.462433998273,682.479050185345,682.387209353213,682.387209353213,683.696601093811,683.696601093811,697.690639994289,697.690639994289,697.636622822652,698.153249902506,704.017501617823,705.087159580424,708.033799708111,741.487100622013,751.802210350973,751.802210350973,11.5902159543474,11.7385200417532,4.11252228305128,14.1848861730262,33.8218003474736
2004-07-07,367.152834828252,367.152834828252,367.152834828252,367.492828432392,367.526248336176,367.512592856674,370.964342696902,371.197784781261,371.39325773585,384.123666442298,384.123666442298,387.543709208654,387.543709208654,388.810246513092,388.810246513092,389.090989560766,389.090989560766,389.090989560766,389.193628738738,394.365367794479,394.365367794479,395.454210003861,395.454210003861,395.032812121796,395.05897065257,394.396752775806,394.396752775806,394.060554943476,394.021948724846,396.210124884361,407.547649636439,407.547649636439,407.25315147533,407.660406921726,407.612686739083,407.519634490027,407.519634490027,510.861926763691,510.861926763691,515.407862185212,516.523560459358,516.215999727707,516.302848596291,521.467942225748,521.950978383784,682.812561941776,692.827947714103,692.705621690798,692.600028682319,692.454966360892,693.732338898017,693.417119862216,693.261841278713,693.013489485321,693.013489485321,694.30773198344,694.30773198344,708.025517100792,708.025517100792,707.873165090445,708.102861813692,713.893874963283,714.674641689758,717.343976638039,752.261269719822,762.367826115878,762.367826115878,11.4525151007845,12.1518617223326,4.03041214837825,14.1470403842342,35.6009390141242
2004-07-08,371.87841728037,371.87841728037,371.87841728037,371.933535271366,371.946927686216,371.055830041137,374.57038808307,374.762362575805,374.789602849286,387.494048455304,387.494048455304,390.598147118687,390.598147118687,391.84233291817,391.84233291817,392.131283529905,392.131283529905,392.131283529905,392.252981294932,397.57132589114,397.57132589114,399.003277818084,399.003277818084,398.60279331108,398.648286441228,398.048983697002,398.048983697002,398.010063970412,398.001261142616,400.467256357841,412.003323976785,412.003323976785,411.809075315912,412.144377751158,412.371684398075,412.656595394902,412.656595394902,517.201147392364,517.201147392364,523.606890888968,525.288010119198,525.20202920334,525.476328063363,533.005893436535,533.952417655088,693.506525416517,703.557014453862,703.469722472675,703.376487403953,703.240270645787,704.498681343636,704.190782993447,704.03574507651,703.785081875609,703.785081875609,705.070505259522,705.070505259522,718.782647840543,718.782647840543,718.622001912852,718.807909536575,724.531455713027,725.242682178177,727.819419408409,765.498601488548,775.458456405536,775.458456405536,11.7092395720261,12.1848391596452,3.95190466698198,14.1564878123063,38.516990698138
2004-07-09,381.366354912506,381.366354912506,381.366354912506,380.933326888577,380.897312614466,378.540405263331,381.386984130901,381.187529263421,380.724320124015,392.655058998239,392.655058998239,395.18951258083,395.18951258083,395.88837424637,395.88837424637,395.694856979671,395.694856979671,395.694856979671,395.789448515999,400.784345193907,400.784345193907,402.053805068304,402.053805068304,401.701991874431,401.723273505847,401.072244973529,401.072244973529,400.947073258009,400.944123322663,403.397815227166,414.797328153227,414.797328153227,414.734452905779,414.983889973695,414.797994675729,414.893905286801,414.893905286801,514.940059150617,514.940059150617,520.942404780564,522.45833994762,522.62946577935,523.169641689314,530.427415277124,532.350844296608,692.064860596825,702.896523827195,703.327668051503,703.483108172089,703.542229765215,704.832033070632,704.827405641317,704.938971288941,704.937307845432,704.937307845432,706.224202074257,706.224202074257,720.363982491072,720.363982491072,720.361583994997,720.992383118196,726.661786570136,727.798649093625,730.748692463161,773.026214444,783.040574074268,783.040574074268,11.6617260037384,11.911840120605,3.87547515904144,14.201090044458,42.7453353438888
2004-07-10,394.368463596884,394.368463596884,394.368463596884,393.536274700206,393.468569119912,389.809904343082,392.112306308827,391.584119679769,390.603314734763,401.393816407422,401.393816407422,403.025500102419,403.025500102419,402.947621016223,402.947621016223,401.850704381716,401.850704381716,401.850704381716,401.912921291751,406.343779930837,406.343779930837,406.481914882307,406.481914882307,405.982644005312,405.970958546889,405.064260663141,405.064260663141,404.813465842356,404.792175013295,407.165785014797,418.076592229089,418.076592229089,417.916567887282,418.104174186008,417.774597403362,417.789877183987,417.789877183987,515.71581288612,515.71581288612,520.99934836296,522.308684337386,522.42068992541,522.908472198948,529.884601303662,531.719457352663,691.66415322948,702.355983374845,702.798261405577,702.966025639377,703.038411390528,704.309079668436,704.337903766814,704.48448660368,704.52300386564,704.52300386564,705.803001100008,705.803001100008,720.071824178163,720.071824178163,720.104096362553,720.843644740824,726.454449674369,727.711230931006,730.778682688109,778.719996352031,788.7064178027,788.7064178027,11.5271707501353,11.5592860532812,3.80270365996178,14.2522657410663,48.2905670257834
2004-07-11,407.593267376444,407.593267376444,407.593267376444,406.696268773312,406.624420189679,402.526166692583,404.571732881336,403.906490699582,402.667665311395,412.647831722588,412.647831722588,413.563555482712,413.563555482712,412.801180489197,412.801180489197,410.790428590489,410.790428590489,410.790428590489,410.823350695547,414.636385994939,414.636385994939,413.265545649867,413.265545649867,412.495464308958,412.447775689903,411.096433594697,411.096433594697,410.596207558997,410.537982997728,412.766517952786,423.057077671344,423.057077671344,422.668129124522,422.81770273143,422.346696386189,422.23733746293,422.23733746293,520.305040841655,520.305040841655,525.030136737716,526.119465334849,526.131980938835,526.520292906445,533.088141291569,534.627844530179,695.286579450247,705.571047041916,705.837411683302,705.921530966591,705.929656161321,707.15954522168,707.09155118445,707.151866984959,707.112639304837,707.112639304837,708.381035730876,708.381035730876,722.562854625286,722.562854625286,722.547491609611,723.146235944605,728.695433309992,729.809142515191,732.739820676779,787.244269687518,797.09814773779,797.09814773779,11.3291298805264,11.2655838229842,3.73105235421677,14.2809118607153,55.0323461285295
2004-07-12,418.243813248421,418.243813248421,418.243813248421,417.645007027797,417.592054026794,414.071836995903,416.132320665889,415.523765440737,414.345335060189,424.11063646371,424.11063646371,424.827531909582,424.827531909582,423.797421766784,423.797421766784,421.304305846512,421.304305846512,421.304305846512,421.3215887563,424.704301878236,424.704301878236,422.172382019336,422.172382019336,421.149643246326,421.087135370611,419.262498341173,419.262498341173,418.493450876092,418.394905708665,420.458349459763,430.091308202327,430.091308202327,429.402610894641,429.476671467484,428.716398688109,428.440091616634,428.440091616634,526.138698097882,526.138698097882,530.472101197583,531.442783649429,531.419505808714,531.768937741046,538.091569634191,539.462792253149,700.847456825719,710.849698296492,711.010313932272,711.041767490313,711.008732560737,712.204714883125,712.070572440021,712.068557823324,711.97081414851,711.97081414851,713.228470306291,713.228470306291,727.303780065452,727.303780065452,727.248707970004,727.71985725095,733.209794814104,734.179988922338,736.957222793857,798.943283931123,808.661304826961,808.661304826961,11.1256917810545,11.0252624529334,3.6597251500028,14.2675020662881,62.7120166727549
2004-07-13,421.646555189571,421.646555189571,421.646555189571,421.618837301351,421.618797335979,419.90441127798,422.407200273439,422.154948864701,421.52577974511,431.990918148724,431.990918148724,433.362953219434,433.362953219434,432.805496006563,432.805496006563,430.714376377671,430.714376377671,430.714376377671,430.741994937676,434.141741130168,434.141741130168,431.515298672571,431.515298672571,430.42409580809,430.333123893295,428.28861467508,428.28861467508,427.39880309554,427.281026109733,429.236615475689,438.323137072965,438.323137072965,437.396395170951,437.366352504491,436.251662997663,435.777589713631,435.777589713631,532.018062899249,532.018062899249,535.996254218456,536.912033094581,536.883137536122,537.223932142402,543.421592638627,544.743849917771,705.973784366834,715.860937128423,716.025328248321,716.057401863563,716.025129992416,717.200215935404,717.065867407502,717.060497718699,716.95947463945,716.95947463945,718.208716422913,718.208716422913,732.215571916923,732.215571916923,732.156781929276,732.604493774833,738.039032174255,738.968479703969,741.687502530094,811.965945210129,821.596077562896,821.596077562896,10.9142540371125,10.7476659642577,3.59045500502255,14.205624413619,71.0831124311496
2004-07-14,417.373201322684,417.373201322684,417.373201322684,418.049149297223,418.106052731468,418.720838678728,421.816561635832,422.035031283872,422.185777632466,433.882789202018,433.882789202018,436.514129287399,436.514129287399,437.054584505389,437.054584505389,436.236031536749,436.236031536749,436.236031536749,436.299854465616,440.20663779875,440.20663779875,438.940303395388,438.940303395388,438.054101549509,437.987743271453,436.210226322653,436.210226322653,435.43950355001,435.337397156138,437.291061008368,446.199557158697,446.199557158697,445.285918382608,445.249681855859,444.089029973391,443.56718933382,443.56718933382,539.068102769802,539.068102769802,542.716977154865,543.54820253416,543.491133253424,543.8017374471,549.81524913267,551.038506734946,710.448933139658,720.243411488421,720.432426113586,720.476560092744,720.454545022494,721.611333191147,721.494015816327,721.502114323686,721.414801538445,721.414801538445,722.656405018424,722.656405018424,736.579182125476,736.579182125476,736.52959097784,736.995160204302,742.37631421665,743.312643712077,746.019237753777,825.057369670857,834.631587714655,834.631587714655,10.6939197108367,10.4769650126692,3.52302208806932,14.0984545322106,79.8419395843212
2004-07-15,405.767330294149,405.767330294149,405.767330294149,407.139273923613,407.252200852441,410.280873006224,414.016748149028,414.735403631914,415.7355946117,428.87131830052,428.87131830052,433.034731421927,433.034731421927,435.008474171191,435.008474171191,436.017751178946,436.017751178946,436.017751178946,436.134640722825,440.899126232188,440.899126232188,442.203540211253,442.203540211253,441.785613779195,441.778167837497,440.770889720446,440.770889720446,440.39314715412,440.347247273326,442.425470071835,451.59512142722,451.59512142722,451.010541286226,451.053577419975,450.192680147143,449.836377290388,449.836377290388,545.225593798834,545.225593798834,548.81814688752,549.649482423492,549.603150910742,549.920652790661,555.862294797459,557.087814703116,712.951244965055,722.745717979243,723.016632224953,723.100558530814,723.110572972498,724.2560146652,724.189966690769,724.242283533427,724.197647231477,724.197647231477,725.432774620014,725.432774620014,739.280571749817,739.280571749817,739.259322125543,739.799526971277,745.129313503537,746.130252977091,748.884651023039,836.773466998916,846.325063454368,846.325063454368,10.4712119143414,10.2158671797509,3.45750300823662,13.9547323829372,88.6024321576019
2004-07-16,389.859666562149,389.859666562149,389.859666562149,391.840172869205,391.992725761609,396.946872513736,401.162624833423,402.266797242937,403.936392737267,418.210026807264,418.210026807264,423.697723706311,423.697723706311,427.01611418501,427.01611418501,429.888791712277,429.888791712277,429.888791712277,430.060537279846,435.767494803359,435.767494803359,440.152819959894,440.152819959894,440.349380790775,440.419973149969,440.504424551243,440.504424551243,440.705508277233,440.743963389733,443.040933536348,452.814877482498,452.814877482498,452.823389594593,453.016739442937,452.756108287771,452.758692995712,452.758692995712,548.669891719974,548.669891719974,552.447996731646,553.362383025017,553.369900868202,553.736870792793,559.746749381901,561.113097190986,712.255385650977,722.14230144152,722.55258549785,722.704570387227,722.76897221449,723.91006486128,723.931124096935,724.060183570216,724.089133034601,724.089133034601,725.320196839151,725.320196839151,739.116726489109,739.116726489109,739.144526677862,739.821211371152,745.101615639178,746.232368978165,749.096689574364,845.488053461776,855.052806357438,855.052806357438,10.2556354259329,9.96474314126098,3.39422750679605,13.7855457946125,96.9160892545073
2004-07-17,369.405930908885,369.405930908885,369.405930908885,371.718971434198,371.909271701994,378.441185389156,383.098444206321,384.570625321637,386.883339547086,402.244934423843,402.244934423843,408.989275399725,408.989275399725,413.569427824381,413.569427824381,418.215244289569,418.215244289569,418.215244289569,418.439342269304,425.064051437789,425.064051437789,432.581452383022,432.581452383022,433.432338744722,433.586338800766,434.883096270275,434.883096270275,435.739348256408,435.874203671381,438.42953766408,448.986938119426,448.986938119426,449.737520802685,450.12236156834,450.649392366119,451.136898440296,451.136898440296,547.938443337474,547.938443337474,552.096732726475,553.163681034193,553.260434252915,553.71207616699,559.90797613275,561.540393215381,707.344639111001,717.398086981676,717.997188053439,718.241658525993,718.379810636673,719.522629510089,719.662042781717,719.896342683153,720.026085150907,720.026085150907,721.252805029429,721.252805029429,735.026505932884,735.026505932884,735.121845662766,735.99069352178,741.223052182538,742.542342042116,745.574582129407,849.690994156792,859.300101484112,859.300101484112,10.0497465807362,9.72214963539854,3.33188731171693,13.6010273061433,104.361688812809
2004-07-18,348.851696729438,348.851696729438,348.851696729438,351.23080184898,351.426979998998,358.556661672572,363.360668061113,364.992112818533,367.617316786231,383.499109953673,383.499109953673,391.010714658004,391.010714658004,396.463273881011,396.463273881011,402.452757984616,402.452757984616,402.452757984616,402.717025220942,410.06200603384,410.06200603384,420.246571986389,420.246571986389,421.685417177824,421.914492652636,424.342427015333,424.342427015333,425.819737315549,426.046543121918,428.85370911812,440.192478248497,440.192478248497,441.699736611721,442.281621449968,443.640697909507,444.650050733815,444.650050733815,542.6558273349,542.6558273349,547.262599562266,548.508331103385,548.707712857229,549.257816451109,555.690957410002,557.646266202005,697.875753669843,708.127155915739,708.936167174429,709.283862995334,709.504392236063,710.651928921685,710.924198702231,711.277278138498,711.52102310404,711.52102310404,712.744229878496,712.744229878496,726.509852513562,726.509852513562,726.68206821134,727.772078862028,732.957903447077,734.497548588633,737.72846297753,848.486843884128,858.15722426594,858.15722426594,9.85651145811847,9.48762303550349,3.26993963104017,13.4094732212376,110.670744516464
2004-07-19,331.23791311284,331.23791311284,331.23791311284,333.381659344631,333.56245765352,340.27164999756,344.991476274758,346.585884591417,349.182641052299,364.919239181311,364.919239181311,372.528955304792,372.528955304792,378.267322231253,378.267322231253,384.890390311912,384.890390311912,384.890390311912,385.174363179995,392.88460300843,392.88460300843,404.785965547204,404.785965547204,406.644063421047,406.93446195674,410.217032827517,410.217032827517,412.173715244197,412.472104687907,415.473526470593,427.417278309988,427.417278309988,429.564978238065,430.314466410287,432.404712258611,433.8814731681,433.8814731681,532.929952937455,532.929952937455,537.998912918857,539.428536760523,539.731197563748,540.380425944628,547.059853092968,549.348364777627,684.136682510376,694.578731128801,695.590304313324,696.042275026576,696.342658843826,697.494737005242,697.89649116428,698.365695468965,698.721260697926,698.721260697926,699.941081963221,699.941081963221,713.69746464156,713.69746464156,713.945515794389,715.25487387104,720.395183298196,722.155049356268,725.585289030159,841.80478505562,851.535437607932,851.535437607932,9.68027105096452,9.26047579913992,3.20983967166909,13.2196334320109,115.794008274131
2004-07-20,322.180649626597,322.180649626597,322.180649626597,323.921891986904,324.077751404439,328.962756896925,334.105578396102,335.747519687989,337.963447591596,353.046132892339,353.046132892339,359.308165696173,359.308165696173,364.151167396816,364.151167396816,369.944350596883,369.944350596883,369.944350596883,370.230871133659,377.706714587198,377.706714587198,389.52834767887,389.52834767887,391.451918755393,391.844711714766,395.452719268135,395.452719268135,397.549008002043,397.869591021372,400.917981954299,413.333740737944,413.333740737944,415.902267915445,416.890258194861,419.741043473021,421.607389684497,421.607389684497,526.435530552558,526.435530552558,531.87822084457,533.413672408397,533.649354791021,534.231416718452,540.644348422194,542.775449254631,672.303444981454,682.492409401281,683.445296756439,683.868000809422,684.150767390414,685.280397059164,685.661081427861,686.113280751878,686.456990887285,686.456990887285,687.668575233972,687.668575233972,701.228884577917,701.228884577917,701.473529839146,702.774656772939,707.865358403463,709.620721854471,713.04810202527,833.370131633402,843.073850653318,843.073850653318,9.94165635172494,9.30642654876327,3.1498230866392,13.0342228435241,119.7866706748
2004-07-21,318.509902232605,318.509902232605,318.509902232605,319.425140904373,319.496437918636,322.172718250537,325.956699787955,326.877434382921,328.346685680847,342.380734200662,342.380734200662,348.15532642196,348.15532642196,352.402426090563,352.402426090563,357.414894329489,357.414894329489,357.414894329489,357.662531201723,364.676753676064,364.676753676064,375.418414324645,375.418414324645,377.227679852634,377.508102339841,380.969261385523,380.969261385523,383.067274314246,383.38870274475,386.416042175024,398.664016397199,398.664016397199,401.272397142196,402.163569895717,404.924398225011,406.870418247511,406.870418247511,510.364741925622,510.364741925622,516.424930280192,518.155565204458,518.608046277445,519.395735458261,526.368207830489,529.067853985908,654.955101689726,665.414167047871,666.596818358292,667.128878372875,667.49746875473,668.633976957718,669.147294868528,669.714831341834,670.166388132939,670.166388132939,671.374716627359,671.374716627359,684.926777644274,684.926777644274,685.239836273338,686.730343893942,691.776612701619,693.71067069929,697.289856748616,820.92948802637,830.655791980583,830.655791980583,9.84660758876027,9.11547220864266,3.09122681255459,12.8599323427473,122.852589038625
2004-07-22,323.958724056422,323.958724056422,323.958724056422,323.886524403905,323.880706186773,323.549405035886,326.290074836712,326.519077686495,326.912045970247,338.828325464236,338.828325464236,342.936683469563,342.936683469563,345.849465591496,345.849465591496,349.334617610037,349.334617610037,349.334617610037,349.532778404106,355.719503243922,355.719503243922,364.417093306966,364.417093306966,365.88365775815,366.11795664124,369.016875796641,369.016875796641,370.833630779968,371.114854449761,373.996732839347,385.70399302174,385.70399302174,388.099044516203,388.926773728687,391.477171512548,393.309637283543,393.309637283543,495.258290887959,495.258290887959,501.185262562538,502.890479263354,503.347590076665,504.140836421234,511.097735890727,513.905147652293,636.988040556971,647.395792164467,648.636297694836,649.199095140231,649.593733930816,650.721303909128,651.281081992254,651.891337729477,652.386347907439,652.386347907439,653.58892534057,653.58892534057,667.050206039307,667.050206039307,667.394780115397,668.976551067968,673.977087802264,676.003089079828,679.662051004575,805.789701344637,815.509523147434,815.509523147434,9.71829523726677,8.90727628046391,3.03490696505782,12.6952107898247,125.166493958377
2004-07-23,339.749290278535,339.749290278535,339.749290278535,338.769077197436,338.683844497627,334.973939846972,336.71679783254,336.226043768986,335.37516285705,346.410316825298,346.410316825298,347.855513339202,347.855513339202,348.554191022149,348.554191022149,349.329270581505,349.329270581505,349.329270581505,349.468953984606,354.32160363624,354.32160363624,359.242576100369,359.242576100369,360.019220106251,360.204210456441,362.26100632078,362.26100632078,363.468685162785,363.656620943342,366.240132998608,377.700139996337,377.700139996337,379.754117184881,380.812822317685,383.429039534563,385.042255057748,385.042255057748,492.560084164376,492.560084164376,497.976237594463,499.278431862123,499.461029346771,499.984007379606,506.052931051025,508.080612538176,628.820579817833,638.394406552733,639.214191667133,639.577094446979,639.816709710502,640.88476022325,641.208552964869,641.610186071145,641.91386035844,641.91386035844,643.101261235241,643.101261235241,656.117723332377,656.117723332377,656.341683875916,657.57456254264,662.520398354858,664.199772384016,667.532314219664,795.098104416769,804.64441214072,804.64441214072,11.1259224111076,9.32661290796637,2.98055075985238,12.5424137945555,126.878901310685
2004-07-24,362.003611698575,362.003611698575,362.003611698575,360.172518898959,360.029700102822,353.547046282074,354.37087314859,353.268950046316,351.388296792168,360.533744619138,360.533744619138,360.07065034922,360.07065034922,358.74766182808,358.74766182808,356.810113098145,356.810113098145,356.810113098145,356.856298161577,360.157754614456,360.157754614456,360.684119032655,360.684119032655,360.628925837466,360.667202576232,360.996936276326,360.996936276326,361.454322137298,361.53577976756,363.769487936958,373.717159070224,373.717159070224,374.849816525881,375.393654824531,376.759153218822,377.890076145871,377.890076145871,482.345789496674,482.345789496674,487.84741661688,489.323039691214,489.649671808816,490.302558599872,496.684385953421,498.978514574071,619.447106927184,628.958446658452,629.779287506501,630.137366315241,630.37162808062,631.42245171314,631.729630806186,632.109579623941,632.389224347778,632.389224347778,633.568312760107,633.568312760107,646.394170758678,646.394170758678,646.595294089117,647.742286901744,652.639950999016,654.208297299859,657.410718637463,786.107478007899,795.540058320514,795.540058320514,11.1216803502668,9.08136760859691,2.92809145944378,12.4011896869982,128.114301238348
2004-07-25,389.112397481594,389.112397481594,389.112397481594,386.784976100344,386.603775643163,378.169065800728,378.321316662046,376.76131792819,374.074502430882,381.274131412778,381.274131412778,379.133324993593,379.133324993593,376.069115976139,376.069115976139,371.654467922418,371.654467922418,371.654467922418,371.621455541341,373.422073938241,373.422073938241,369.406937922919,369.406937922919,368.430311844467,368.348581222046,366.92527983638,366.92527983638,366.436261923131,366.3785130058,368.164055444717,376.366278796042,376.366278796042,376.417523374224,376.655098290843,376.801572953307,377.186953767177,377.186953767177,478.801960069082,478.801960069082,483.398100049265,484.596315142265,484.80144508033,485.335679618851,491.32052065454,493.312831997011,614.078879583653,623.179462207657,623.823929083797,624.097940350247,624.267121804224,625.284403461871,625.491820128387,625.781763918695,625.97832961063,625.97832961063,627.146802616579,627.146802616579,639.711555288061,639.711555288061,639.858159984011,640.839069018035,645.687722257994,647.079379102474,650.103123366872,779.515130856112,788.818446708718,788.818446708718,10.828707683443,8.78430559978385,2.87539173004716,12.2702047251045,128.979802096756
2004-07-26,416.109284670152,416.109284670152,416.109284670152,413.790514072721,413.610737965769,404.748328457047,404.663012140396,402.956770464633,399.945182861907,405.929627726847,405.929627726847,402.786444633283,402.786444633283,398.554392043555,398.554392043555,392.310185157159,392.310185157159,392.310185157159,392.219930913017,392.822596578055,392.822596578055,384.894816753364,384.894816753364,383.06456538886,382.871839458177,379.790041897985,379.790041897985,378.380755004801,378.185927752872,379.523091436937,385.939465974009,385.939465974009,384.853335410413,384.781065720637,383.685442675441,383.283438457899,383.283438457899,482.114883203597,482.114883203597,485.728506779812,486.59156703618,486.631638797477,486.999005234001,492.407721027355,493.866392651609,615.354837060972,623.827680321347,624.153663502081,624.273416190086,624.32184717182,625.290507370479,625.308903793474,625.428159005378,625.465238400135,625.465238400135,626.620075483478,626.620075483478,638.810480294603,638.810480294603,638.851836589555,639.517947094141,644.314198908801,645.378953770444,648.079556583955,777.772553121233,786.888675076025,786.888675076025,10.4689032099507,8.49486581116319,2.82324849297309,12.1471646958797,129.568878607193
2004-07-27,437.827673753893,437.827673753893,437.827673753893,436.006473991851,435.866943205587,428.255708500618,428.423897186062,426.921601395685,424.182361240939,430.073553922489,430.073553922489,426.985082535243,426.985082535243,422.529730307503,422.529730307503,415.609313918391,415.609313918391,415.609313918391,415.49638238989,415.490969000765,415.490969000765,405.183129456814,405.183129456814,402.755653003564,402.484596665623,398.148736091279,398.148736091279,396.021605217323,395.718478630523,396.69032121255,401.576781304885,401.576781304885,399.49112066636,399.145452901701,396.921032033545,395.790588788592,395.790588788592,491.762004235375,491.762004235375,494.465181277297,495.013669472979,494.89542302278,495.101278543015,499.944307274542,500.854942108948,623.189748973178,631.033521288862,631.0289298295,630.986598847086,630.907333196289,631.825637137818,631.640624948878,631.574229128377,631.435869931181,631.435869931181,632.576498158396,632.576498158396,644.368510790027,644.368510790027,644.291327450343,644.598516465223,649.34336545109,650.02919897293,652.353858079858,782.052717828114,790.953714888353,790.953714888353,10.1027475186208,8.22829225265513,2.77362088975876,12.0299424821249,129.958258994566
2004-07-28,450.742262727684,450.742262727684,450.742262727684,449.734685926859,449.660572227229,444.550614232358,445.353458114303,444.335387493406,442.367091205363,449.209643040827,449.209643040827,447.225139760305,447.225139760305,443.573377701932,443.573377701932,437.353559714054,437.353559714054,437.353559714054,437.258763784132,437.398332283405,437.398332283405,426.914823464046,426.914823464046,424.308726557697,424.013021954539,419.146799173042,419.146799173042,416.682671550073,416.326656489513,417.102462889727,421.017237521667,421.017237521667,418.295923346501,417.772221526366,414.767338030738,413.113249008778,413.113249008778,506.359724282505,506.359724282505,508.336132623219,508.635590656085,508.391157387417,508.466841715082,512.843007644376,513.295125289987,636.173327951783,643.503283105264,643.232836125524,643.059096329966,642.875950595115,643.750790927962,643.398430215297,643.177790163179,642.892644158083,642.892644158083,644.020299522029,644.020299522029,655.461128641955,655.461128641955,655.282844853387,655.279366558663,659.977086588847,660.328589863942,662.317814054757,791.907113178,800.605076049319,800.605076049319,9.75274615263766,7.98520043026297,2.72399232374315,11.9171757494682,130.201350737011
2004-07-29,453.863603993154,453.863603993154,453.863603993154,453.755457212841,453.753592066356,451.662157338228,453.273402236961,452.872685848421,451.935652778087,460.3670897368,460.3670897368,460.174853317099,460.174853317099,458.084819931726,458.084819931726,453.707640925379,453.707640925379,453.707640925379,453.665237616706,454.625127502495,454.625127502495,446.187320828145,446.187320828145,443.868932758073,443.608695093986,439.078872944431,439.078872944431,436.748464633127,436.409083692364,437.204418124619,440.902976794062,440.902976794062,438.073619466109,437.511186479535,434.271595325624,432.428145629113,432.428145629113,523.395658488783,523.395658488783,524.979769109346,525.14469034496,524.83247131103,524.835541185225,528.92889062996,529.106780233013,651.88615103989,658.894940980263,658.476729556291,658.228913972541,657.986981087857,658.831229427477,658.382488865814,658.07117979446,657.698965513167,657.698965513167,658.816143946331,658.816143946331,670.003025919577,670.003025919577,669.762834815191,669.563204856899,674.213388619334,674.346426451055,676.105556121277,805.581085493604,814.119830882224,814.119830882224,9.43469247122434,7.76909706583803,2.67530868723469,11.8077325109487,130.324815268554
2004-07-30,448.410425937188,448.410425937188,448.410425937188,449.098180777299,449.160257103002,449.919120800374,452.31278240752,452.514943463802,452.614959284295,462.768684670314,462.768684670314,464.562965478164,464.562965478164,464.348781221591,464.348781221591,462.41235882558,462.41235882558,462.41235882558,462.440858583343,464.627626679478,464.627626679478,459.800171781231,459.800171781231,458.139684564914,457.962915939458,454.514728813948,454.514728813948,452.73644434289,452.476325304076,453.489035647024,457.69866489893,457.69866489893,455.304398450193,454.847815318867,451.970496534008,450.315058155714,450.315058155714,539.632839658546,539.632839658546,541.231884137963,541.403002331512,541.095321489012,541.09754909425,545.140370988134,545.291766237401,667.168484076591,674.102607755966,673.689548775968,673.442447384766,673.200775120154,674.03123024698,673.580086274712,673.262951708363,672.883990061879,672.883990061879,673.994022980758,673.994022980758,685.057659553608,685.057659553608,684.809324152189,684.572698005297,689.180352712787,689.258257669867,690.943711448826,820.361595802134,828.808538904895,828.808538904895,9.14733979917751,7.57052615956576,2.62766064831836,11.7008942360746,130.33048575937
2004-07-31,436.833449733371,436.833449733371,436.833449733371,438.10770279388,438.216927282117,441.219475936489,444.23454841304,444.925220853422,445.886856049658,457.509418655612,457.509418655612,461.075944423083,461.075944423083,462.634650243565,462.634650243565,463.158771930761,463.158771930761,463.158771930761,463.259565554589,466.754950327842,466.754950327842,466.136615579588,466.136615579588,465.319237820609,465.250221751158,463.313363241098,463.313363241098,462.340869703715,462.198805148628,463.554656104155,468.775365104362,468.775365104362,467.215405236711,466.972720460327,464.930824302066,463.760102918076,463.760102918076,551.991711928263,551.991711928263,553.981809254797,554.305715126348,554.081665200405,554.161751780453,558.408819544237,558.780294901361,678.956281870359,686.046216310666,685.786471482544,685.613099423129,685.42955048138,686.262711235403,685.902258234363,685.663943358926,685.35892002788,685.35892002788,686.46515332508,686.46515332508,697.537885166156,697.537885166156,697.336327752159,697.226914396257,701.796776616269,701.991171502355,703.769489179441,833.187874758965,841.616085833288,841.616085833288,8.89057833722336,7.38402437111196,2.58121604691778,11.5961504112395,130.203315192233
2004-08-01,421.830695852334,421.830695852334,421.830695852334,423.455347254165,423.592776618299,428.067498741609,431.487560835051,432.509831922932,434.074267274655,446.708878483701,446.708878483701,451.600436387654,451.600436387654,454.564330834562,454.564330834562,457.153760368659,457.153760368659,457.153760368659,457.315762812287,461.953385394693,461.953385394693,465.275990650394,465.275990650394,465.298940569089,465.3376892498,464.986008489332,464.986008489332,464.878617048647,464.864537447992,466.599548511074,473.022599848692,473.022599848692,472.472736287517,472.49319032722,471.529057227801,471.036606250929,471.036606250929,558.510251637689,558.510251637689,561.129153203813,561.693747495798,561.598378944389,561.802031569059,566.40866322194,567.179846928846,684.978178494162,692.394692307359,692.398401192389,692.353492292433,692.271619720786,693.120100590711,692.921249059529,692.826739370957,692.658063799943,692.658063799943,693.763100794103,693.763100794103,704.948431370312,704.948431370312,704.83691892066,704.985659176877,709.521523477341,709.97139406896,711.977515787522,841.405141537662,849.876891991343,849.876891991343,8.65930461110309,7.20830571288212,2.53514791390534,11.4928220355282,129.923362278584
2004-08-02,405.77648055859,405.77648055859,405.77648055859,407.535232700239,407.683507415966,412.879331546983,416.488922552351,417.684933160333,419.584712027179,432.729738553561,432.729738553561,438.425862408208,438.425862408208,442.321270613407,442.321270613407,446.378761277692,446.378761277692,446.378761277692,446.584655602013,452.057418460563,452.057418460563,458.507728495805,458.507728495805,459.23562153542,459.364929770765,460.399216859621,460.399216859621,461.061182877338,461.161759586849,463.238974569063,470.783466355629,470.783466355629,471.210166331977,471.487201547828,471.608957147557,471.804324427522,471.804324427522,558.608894895653,558.608894895653,561.932209457584,562.767046034625,562.817496145892,563.162459126946,568.190920344733,569.437710399409,684.373825705253,692.184527678285,692.49769437483,692.604742536787,692.643480692894,693.512903914333,693.507586984818,693.586843785141,693.583888089639,693.583888089639,694.688989776136,694.688989776136,706.037823254811,706.037823254811,706.037693842154,706.511041708411,711.015154787626,711.793753778534,714.10485174068,843.467589649108,852.019580502102,852.019580502102,8.45259138654299,7.04042996845303,2.4910595830631,11.3906997321838,129.477301326981
2004-08-03,395.62179360374,395.62179360374,395.62179360374,397.256700890123,397.374299174026,401.824687712211,405.207182580341,406.240109629537,407.888845263084,420.829186814192,420.829186814192,426.204475703228,426.204475703228,430.083130149355,430.083130149355,434.473209928604,434.473209928604,434.473209928604,434.690365720559,440.435464321387,440.435464321387,448.451368230314,448.451368230314,449.603066813424,449.786970778736,451.735199188113,451.735199188113,452.920829926928,453.100462417317,455.413281620157,463.810697736691,463.810697736691,464.982120595491,465.456204540755,466.473320792224,467.237433409218,467.237433409218,553.42331037542,553.42331037542,557.353681849724,558.418177660999,558.799237469341,559.392724276804,566.333909184408,568.456399143162,684.20230779578,694.00527546639,694.375097967081,694.4434350253,694.45394801673,695.303717504376,695.263295146598,695.314978597547,695.291452414529,695.291452414529,696.389443802664,696.389443802664,707.635539891794,707.635539891794,707.628300717876,708.088423223594,712.555229344076,713.333035074441,715.681389171829,844.723636638744,853.332116506611,853.332116506611,8.58443720366711,6.95390612439008,2.88549559541318,11.3092400769075,129.032712554265
2004-08-04,391.479235442078,391.479235442078,391.479235442078,392.557236267168,392.651358545328,395.422616099002,398.948975527737,399.875564903604,401.146391404726,414.248943340422,414.248943340422,418.797615609882,418.797615609882,422.254966160556,422.254966160556,425.822617652203,425.822617652203,425.822617652203,426.171452239183,432.27184702151,432.27184702151,439.515231825012,439.515231825012,440.608524878855,440.815662467685,442.918797253292,442.918797253292,444.291151104813,444.491995544409,446.981190216379,455.830269145744,455.830269145744,457.304114264463,457.92661607076,460.280607847548,462.035825033948,462.035825033948,556.60365774469,556.60365774469,562.450760392281,564.833049553915,564.924604513745,565.246292363507,571.47240716968,573.035727044184,683.521147946558,692.294450375044,692.759647647907,693.036637916334,693.161754972264,694.054145679247,694.176221897013,694.381475455725,694.475700108357,694.475700108357,695.626749802911,695.626749802911,707.153421959667,707.153421959667,707.190391532369,707.761682818711,712.245451514962,713.228726878054,715.929844070485,845.869930297286,854.446814733622,854.446814733622,9.35181551305888,7.09543495530528,2.90212938845191,11.4467256153924,129.989612690756
2004-08-05,393.901681026082,393.901681026082,393.901681026082,394.385619365357,394.435761829237,395.063537353369,398.580503736545,399.213192943466,399.88652439978,413.078242915145,413.078242915145,417.193413273159,417.193413273159,420.520697822611,420.520697822611,423.202871957587,423.202871957587,423.202871957587,423.616452054555,430.087517429581,430.087517429581,435.572198185747,435.572198185747,436.135228462716,436.243703050978,437.548625305628,437.548625305628,438.675726801952,438.837405246506,441.44143070093,449.972106289027,449.972106289027,451.146205433022,451.635653643693,453.007675642012,454.148496126831,454.148496126831,542.130773472118,542.130773472118,548.829727666778,550.648178547375,551.225376704893,552.025032480397,559.932892280521,562.961446802716,675.345138872359,686.060965449764,687.053146128547,687.660874643778,688.000368644604,689.045322192957,689.41872561655,689.852373015782,690.217479378515,690.217479378515,691.491071262283,691.491071262283,703.438631511834,703.438631511834,703.524663311299,704.281950599583,708.788107472952,710.162736983914,713.304086701511,844.039642264114,852.709030865675,852.709030865675,10.2492903855309,7.23565035384209,3.2313901573816,11.6662814143555,130.595435414712
2004-08-06,399.194722612118,399.194722612118,399.194722612118,399.1698951806,399.168860367114,398.255136235537,400.806312632835,400.893031242121,400.937574288412,412.946311755407,412.946311755407,416.42964446898,416.42964446898,418.59189432893,418.59189432893,420.237966613928,420.237966613928,420.237966613928,420.45503253042,426.279993738133,426.279993738133,431.151605466114,431.151605466114,431.701020319685,431.807087374285,432.883004791436,432.883004791436,433.684114598749,433.817327535312,436.315949564509,444.787816499018,444.787816499018,445.830545123893,446.277897597046,447.376534307005,448.299549999261,448.299549999261,533.010296620332,533.010296620332,538.440997480053,540.051271622637,540.404945054616,541.070786977033,548.404171270936,551.311392868461,661.27038022079,671.46747483147,672.482012423206,672.94330308106,673.264105743682,674.341295865305,674.79525953803,675.29435150566,675.69379961066,675.69379961066,676.955194128459,676.955194128459,689.079997790582,689.079997790582,689.352653294382,690.658628345759,695.17618020402,696.934646788398,700.955873304471,832.49069075357,841.418897198212,841.418897198212,10.0958930222055,7.39032897925589,3.22957127306794,11.5162206205881,130.80782454832
2004-08-07,406.96879039985,406.96879039985,406.96879039985,406.632636572432,406.609559447633,404.628168773435,406.62531422773,406.411999598005,405.971574585389,416.616677470154,416.616677470154,419.221490208315,419.221490208315,420.424139580619,420.424139580619,420.867256354791,420.867256354791,420.867256354791,420.995552441924,425.862334646901,425.862334646901,429.060111661795,429.060111661795,429.359657223407,429.433430639037,430.086946389814,430.086946389814,430.643204804283,430.73987590252,433.123443167567,441.355810933539,441.355810933539,442.144433005127,442.52218371306,443.349809644654,444.09446695997,444.09446695997,526.76672599199,526.76672599199,531.588334163961,533.001951387834,533.266002826044,533.842019723518,540.667373836303,543.296796193609,651.837513796498,661.583011095788,662.380374487399,662.734794021899,662.97305692702,664.03290251001,664.362536756387,664.752232021376,665.052011179272,665.052011179272,666.289879295347,666.289879295347,678.27258989586,678.27258989586,678.487638986283,679.659990759556,684.16075594801,685.812546264658,690.048062022884,821.801762779254,830.750239721531,830.750239721531,9.76209250105726,7.50848277430046,3.15066616306111,11.5204510049268,131.07644402182
2004-08-08,415.349084047626,415.349084047626,415.349084047626,414.897335496081,414.867267722681,412.425107825459,414.094058305682,413.743543842887,413.05787222431,422.68144869757,422.68144869757,424.599354661286,424.599354661286,425.080568364499,425.080568364499,424.531104613084,424.531104613084,424.531104613084,424.611798802762,428.589057360652,428.589057360652,429.967156370652,429.967156370652,429.918278818492,429.946807005862,429.986290930319,429.986290930319,430.211018587213,430.258700961721,432.472753523372,440.274111641598,440.274111641598,440.710558541563,440.992813328357,441.456230279389,441.97290375995,441.97290375995,522.949989087531,522.949989087531,527.300201530853,528.55473975236,528.753461816748,529.263764563984,535.696559451635,538.080222043935,645.355840172927,654.724614383099,655.369999567744,655.649260467753,655.827991293647,656.864544155065,657.098855122538,657.400140272903,657.61629153485,657.61629153485,658.829508663773,658.829508663773,670.71111317759,670.71111317759,670.868573457658,671.879296566465,676.355373919463,677.844636958432,682.122618102302,814.008855443234,822.915720412228,822.915720412228,9.38474414877106,7.56010438584897,3.0641624901734,11.5553800153523,131.386964351956
2004-08-09,422.774048628132,422.774048628132,422.774048628132,422.370691998996,422.34602156018,419.998170461442,421.53771159304,421.178105606286,420.45995068034,429.477938958359,429.477938958359,431.048728532356,431.048728532356,431.150155196564,431.150155196564,430.016391036942,430.016391036942,430.016391036942,430.072693200168,433.410563092808,433.410563092808,433.380004850586,433.380004850586,433.025325655291,433.013831668591,432.465424091788,432.465424091788,432.363229432377,432.362102499667,434.38990901385,441.671470809573,441.671470809573,441.724216473217,441.902186716357,441.955275273143,442.212607154504,442.212607154504,521.551397694831,521.551397694831,525.476061874145,526.58400267066,526.720731471406,527.168661791141,533.248840485472,535.393591699165,641.412038407329,650.425228038207,650.941752434418,651.157512719881,651.286290044288,652.296322426116,652.451066375619,652.678436048643,652.824788025277,652.824788025277,654.014423949752,654.014423949752,665.800377051134,665.800377051134,665.910060947801,666.784802415666,671.232070182467,672.57859309486,676.820398825702,808.837112558848,817.689611173235,817.689611173235,9.00950635031326,7.54821712845653,2.98697166681913,11.5720658035864,131.680203528394
2004-08-10,452.833831903471,452.833831903471,452.833831903471,453.295123971366,453.268258100778,447.893349285813,452.904992648991,454.867455889754,454.187205137396,466.746015011109,466.746015011109,475.110250682068,475.110250682068,477.019034547917,477.019034547917,471.376806650071,471.376806650071,471.376806650071,475.113754770848,491.82981157092,491.82981157092,479.484373009381,479.484373009381,474.706396531363,474.284277718108,468.336944805369,468.336944805369,468.118031233296,467.845002257726,475.36665472703,478.786491294059,478.786491294059,474.69004831168,474.25174374166,471.632430215866,470.001246830357,470.001246830357,560.586332774199,560.586332774199,576.08441831671,578.94574192403,581.332966103799,581.061904279145,599.619962038247,601.796475793888,771.022151547794,800.625233143545,797.1923546746,794.790999727142,792.644623010059,793.238476800767,789.614465849105,786.510321943663,783.707499728836,783.707499728836,784.978648731763,784.978648731763,792.931290813088,792.931290813088,790.857861239131,785.369128854932,789.976185480818,785.478979664288,784.155608999586,909.996625965317,916.567424103133,916.567424103133,13.4580330508839,8.69591184910831,18.0612357716212,12.9413134547393,131.928488684293
2004-08-11,481.751379835889,481.751379835889,481.751379835889,480.975168998867,480.854671481175,473.626493007624,474.84195347881,473.962277418779,472.070311912271,485.747650916237,485.747650916237,493.298707316595,493.298707316595,494.679355095101,494.679355095101,490.257489437608,490.257489437608,490.257489437608,490.881428500563,511.343174139078,511.343174139078,507.331678849319,507.331678849319,504.004732041518,503.611126640349,497.313741041426,497.313741041426,494.576826318012,494.345794143424,503.265083212354,506.752343967094,506.752343967094,502.868663168642,502.063591928806,497.965321549749,495.597666676422,495.597666676422,578.575948979025,578.575948979025,586.386274274663,589.822732553878,589.809265719017,590.171361872275,605.464150017056,607.788385019265,783.033629374306,804.354262346297,804.382819980221,804.284363541598,804.132755925402,805.370800375098,804.947286520428,804.582858997017,804.09953781839,804.09953781839,805.443652611251,805.443652611251,818.115409694161,818.115409694161,817.689701112913,816.908610435171,821.622730619212,821.059324631918,823.140302050936,952.730494437965,960.631045748003,960.631045748003,14.0711150146073,8.69560423088454,12.7358445036009,13.6695311747572,132.113312661495
2004-08-12,524.487622278913,524.487622278913,524.487622278913,522.213624674628,522.000753270844,511.230548494228,510.807637685102,508.771969559381,505.206296736199,516.385536997621,516.385536997621,520.887837155702,520.887837155702,520.431564730114,520.431564730114,514.538574333886,514.538574333886,514.538574333886,514.706185942853,533.747982985936,533.747982985936,530.785536491296,530.785536491296,528.119323698237,527.86329023318,522.733827990844,522.733827990844,520.308473584211,520.104736338411,529.209208145609,533.709403771862,533.709403771862,530.278623399806,529.756745146243,525.959861071283,523.481185149429,523.481185149429,606.942883186367,606.942883186367,612.571315394196,615.161401174557,614.757677331325,614.794432732596,629.517346352434,630.731593621648,803.02207109089,820.987517627173,821.047807663364,821.499880863513,821.622806670711,823.195851534848,823.045144041387,823.004427107094,822.834054735787,822.834054735787,824.383695031954,824.383695031954,840.317084829715,840.317084829715,839.972833652821,839.640206675053,844.460477747319,844.731798552785,847.576800869068,978.432121740014,986.708627333226,986.708627333226,14.5587916870784,9.13120002610555,8.91879573143297,16.6218362498069,132.346235271616
2004-08-13,568.125553567592,568.125553567592,568.125553567592,565.347067223892,565.124166098358,553.144857831909,552.074990503649,549.662183383426,545.419186191119,554.266675828451,554.266675828451,555.817527219991,555.817527219991,553.104348387764,553.104348387764,545.102418846194,545.102418846194,545.102418846194,545.024027321658,559.785494635966,559.785494635966,554.92586681286,554.92586681286,552.288512983848,551.984528612525,546.935277677252,546.935277677252,544.562241068965,544.367954748989,552.696489838802,557.57983194989,557.57983194989,554.452215807193,553.83843587405,550.27494972109,548.110005376025,548.110005376025,630.183671112705,630.183671112705,635.003338197851,637.299075644486,636.948704266203,637.064688053602,651.36479153516,652.622460405187,814.191553743464,830.515094742362,830.428828906186,830.348019994778,830.248304693375,831.848856181971,831.62080694376,831.50846200894,831.321773397132,831.321773397132,832.819289617009,832.819289617009,851.54997132387,851.54997132387,851.386853925368,851.625601597662,856.495055982415,857.17434498469,860.555637796413,992.087011476714,1000.60163716834,1000.60163716834,14.034507484386,9.14125741621472,6.79155861733616,19.1652014696693,132.311394618853
2004-08-14,603.003062604701,603.003062604701,603.003062604701,600.769365172994,600.601015852803,590.288508777601,589.449385762416,587.292436865287,583.405988993806,591.554289032553,591.554289032553,591.922302355374,591.922302355374,588.377042374296,588.377042374296,579.47614976914,579.47614976914,579.47614976914,579.316353001397,590.15468401613,590.15468401613,582.615855224657,582.615855224657,579.678763466045,579.335246227069,573.804588684607,573.804588684607,571.19124364968,570.951927327285,578.245208611316,582.846758585984,582.846758585984,579.622825862047,578.970111390935,575.365273531571,573.195436545853,573.195436545853,654.131811201107,654.131811201107,658.32568642791,660.163520589653,659.792764410813,659.920013678932,673.682422841532,674.856061165054,824.037037597224,839.023099534705,838.973286975444,838.898211230473,838.797634331494,840.395409335362,840.169019899076,840.054712752578,839.867121643831,839.867121643831,841.31087556995,841.31087556995,862.604960841854,862.604960841854,862.448088845961,862.761411923877,867.617156131349,868.353849702649,871.788026539709,1003.19905832778,1011.75402458316,1011.75402458316,13.221600605875,9.07358015688976,5.58715396098795,21.7194609457441,132.040380561204
2004-08-15,621.143468423415,621.143468423415,621.143468423415,620.163301777812,620.100930585523,613.847797472231,613.994774782629,612.627959695531,610.016779297897,619.247532419398,619.247532419398,620.466411970692,620.466411970692,617.916805988988,617.916805988988,610.245604809862,610.245604809862,610.245604809862,610.10236573995,618.651569269932,618.651569269932,610.701835033815,610.701835033815,607.747293141452,607.400320306606,601.7744596675,601.7744596675,599.067423992264,598.803542274244,605.195134861324,609.473364298938,609.473364298938,606.114467971964,605.41795213879,601.682866457015,599.440458947934,599.440458947934,679.65769242836,679.65769242836,683.319832969067,684.729536444582,684.318969428551,684.431514697962,697.399721649812,698.403405355002,836.248128621632,850.140584552739,849.979124928328,849.850912412845,849.707120099199,851.257984078012,850.970121578794,850.799681327451,850.561092505317,850.561092505317,851.950399944141,851.950399944141,874.9131296037,874.9131296037,874.736769070293,875.026288230196,879.837298545173,880.523873267305,883.866874662922,1014.76310376518,1023.30430553517,1023.30430553517,12.3421899306511,8.95438895971758,4.86532132950983,23.4341897968021,131.548737538606
2004-08-16,623.26938567572,623.26938567572,623.26938567572,623.867467315776,623.930630754916,622.411812836228,624.275426502928,624.029155169218,623.090944939866,635.133915367943,635.133915367943,638.326250436116,638.326250436116,638.085498177111,638.085498177111,633.165935367147,633.165935367147,633.165935367147,633.156868329236,641.528566007731,641.528566007731,635.951460159902,635.951460159902,633.328778670249,633.118145532205,628.436056727578,628.436056727578,626.195237864938,625.973635026653,632.216635207712,637.726002140803,637.726002140803,634.690169481005,634.489747026484,631.927214664503,630.109156586962,630.109156586962,723.932692382854,723.932692382854,728.860175631417,730.385867889594,729.66741382341,729.449296302927,741.817292187552,741.672977168712,869.881495736981,882.14915875908,881.180684650276,880.740023415483,880.312146014191,881.766756526188,880.960151851741,880.321730222113,879.647584177948,879.647584177948,880.971711636064,880.971711636064,904.175124441014,904.175124441014,903.730857953032,903.268410443769,908.003792607724,907.918498047232,910.478452316086,1039.90129799644,1048.16073369731,1048.16073369731,12.1764412828857,9.77657714701397,4.48683016405089,24.3185712939593,130.845308090997
2004-08-17,618.761292532894,618.761292532894,618.761292532894,620.472579387735,620.616981209442,622.190919375183,625.814956100761,626.502482949247,626.843208542634,643.76807330407,643.76807330407,649.97137508967,649.97137508967,652.983385473758,652.983385473758,651.685834863319,651.685834863319,651.685834863319,651.838602996072,661.379435609252,661.379435609252,660.607761209289,660.607761209289,658.156514972135,658.179786968386,654.677109689074,654.677109689074,653.100286169299,652.960912629486,660.154846854451,668.159231566547,668.159231566547,665.455274352358,666.452986307651,664.805273808815,663.848104751023,663.848104751023,781.545217562362,781.545217562362,789.307403541248,791.837051209177,793.086839355028,792.98243186449,814.802835124632,816.260771354479,953.714096920256,978.591123857478,976.948507873686,976.075161975008,975.193903076885,977.480375023426,975.850819952792,974.569547527358,973.154365233856,973.154365233856,974.934769817795,974.934769817795,1080.39686588045,1080.39686588045,1096.84730236079,1135.62528432915,1211.28071197913,1234.10043476629,1292.69043732021,1432.21026906247,1480.25246451852,1480.25246451852,14.0047012054338,11.8341600403288,10.155836954726,109.338048857977,140.813971594747
2004-08-18,605.632172941709,605.632172941709,605.632172941709,607.873705184791,608.068479747998,611.82251901171,616.663005582296,617.91156042286,619.285402147593,638.345277996378,638.345277996378,646.358868253153,646.358868253153,651.856892703819,651.856892703819,654.149486037337,654.149486037337,654.149486037337,654.291500518341,664.339793506517,664.339793506517,672.518053946819,672.518053946819,671.296937003961,671.824208979102,669.425009983415,669.425009983415,668.650202434744,668.677085226842,676.426509471132,686.875981454027,686.875981454027,685.337717120261,685.534527726162,684.225089845804,683.419652019218,683.419652019218,828.056056834331,828.056056834331,836.086221523958,850.258019543021,850.027186976369,849.748712855367,866.019582646962,866.313663766998,988.62382374096,1014.08591097641,1012.95368851315,1012.34294306831,1011.87134162305,1014.85841682165,1013.88774379705,1013.24725072579,1012.38440623991,1012.38440623991,1014.12149754133,1014.12149754133,1214.63063081073,1214.63063081073,1214.1083535611,1221.70254401396,1255.07506205778,1263.87760449363,1292.1137823442,1433.10919044334,1481.50193983121,1481.50193983121,13.7504603120532,13.0048605992514,8.71004093467685,205.137805338334,141.028380876949
2004-08-19,631.476331351198,631.476331351198,631.476331351198,636.266689039304,636.621050187332,636.454553068599,652.401651341345,656.670651478258,657.688265525433,681.450888116981,681.450888116981,687.127210429287,687.127210429287,692.856368207931,692.856368207931,690.466781500736,690.466781500736,690.466781500736,691.784239980587,702.454485079988,702.454485079988,706.579571925602,706.579571925602,703.528935004878,704.097634664775,699.32091111105,699.32091111105,697.588201458234,697.474914437071,705.711553771378,717.922047619536,717.922047619536,715.277039902374,715.422982638323,713.998367612518,713.786609940452,713.786609940452,880.238159977998,880.238159977998,893.793633232156,897.749951552331,898.174127968668,898.341540510571,916.183233900816,918.098274166872,1058.44498041605,1098.26602204655,1098.15166164343,1097.78815656108,1098.5066896941,1103.44302038822,1101.81984669645,1100.90788074119,1099.86972834125,1099.86972834125,1101.82860476691,1101.82860476691,1342.81983970909,1342.81983970909,1342.14945496681,1345.07175738669,1364.30052761609,1367.16828590649,1393.31983121873,1530.514120528,1566.26577685201,1566.26577685201,19.716416924846,16.5687086474306,16.1504602057271,244.994679517007,141.36378575871
2004-08-20,637.339937346336,637.339937346336,637.339937346336,640.861251610997,641.172638805231,641.874694303457,652.087948993176,652.992776024123,653.606467213537,682.124008055612,682.124008055612,692.219999835277,692.219999835277,702.233486171666,702.233486171666,702.811464044781,702.811464044781,702.811464044781,703.148208116765,716.184787961668,716.184787961668,720.34468575109,720.34468575109,718.862309530949,718.889822920551,715.84867357574,715.84867357574,714.608786538687,714.61072932533,722.592225509811,740.504150219065,740.504150219065,738.321445764315,738.23180650122,735.839021965098,734.700540015574,734.700540015574,900.698270589709,900.698270589709,911.71802561718,914.964618978442,915.175123630554,915.785420862348,932.83322755699,935.758907912852,1075.22232833569,1110.87331526056,1110.86217956142,1110.80238621589,1111.00737479555,1116.79958034196,1116.50938919706,1116.76189040516,1116.44124294519,1116.44124294519,1118.34698483953,1118.34698483953,1345.62146619759,1345.62146619759,1346.32875844898,1352.2447352649,1365.52688502025,1370.98529662751,1397.96205528331,1537.04535170285,1565.52448800098,1565.52448800098,20.909888442357,21.4189964893879,12.2917068009075,227.362075768353,139.389425653987
2004-08-21,649.557344214521,649.557344214521,649.557344214521,651.397003746336,651.62610204942,650.78432039772,658.743593343504,658.791370431813,658.477111651329,684.523101642804,684.523101642804,694.086119974041,694.086119974041,704.396072572212,704.396072572212,706.74665717732,706.74665717732,706.74665717732,706.916238888766,720.722615383353,720.722615383353,726.968160543429,726.968160543429,726.27052603626,726.359969874352,724.755999937122,724.755999937122,724.261880275577,724.361329221244,731.981130310835,756.788875446072,756.788875446072,755.336984177324,755.403153343307,753.567387012762,752.625559227767,752.625559227767,923.513188257909,923.513188257909,932.973043033858,935.464183461584,935.510130653523,936.073224277166,951.581302082533,954.329479599465,1094.35049445827,1126.53049742524,1126.40142073536,1126.29237026586,1126.33429152892,1132.09339422397,1131.76506253946,1131.99229664093,1131.70114262118,1131.70114262118,1133.5034612384,1133.5034612384,1327.0548938866,1327.0548938866,1327.9295541708,1333.83484413916,1344.72237174694,1350.42180014902,1375.8214949758,1514.63819055942,1538.2441297002,1538.2441297002,20.1789286659252,27.2483961734295,9.43873413499917,192.944014175222,137.711515557657
2004-08-22,659.396953483075,659.396953483075,659.396953483075,660.681144457791,660.883379558715,659.699002332431,666.297347030976,666.173177673365,665.630307789485,688.994733538699,688.994733538699,697.261474277824,697.261474277824,706.144180539514,706.144180539514,708.691236387051,708.691236387051,708.691236387051,708.812870910941,721.850228919154,721.850228919154,729.026561695999,729.026561695999,728.808995587363,728.950262304047,728.336461698637,728.336461698637,728.39289756329,728.561791425574,735.730859042299,767.262397042453,767.262397042453,766.506934203154,766.736060702189,765.669764853431,765.164527109178,765.164527109178,942.878080447977,942.878080447977,951.638671124668,953.758841107097,953.770047727873,954.372424053466,968.741494627972,971.416441368474,1110.51519962882,1139.52721918712,1139.50101857196,1139.43638379807,1139.46657456937,1144.9441792227,1144.66362483892,1144.90793289642,1144.66688446522,1144.66688446522,1146.37189502439,1146.37189502439,1306.69809292252,1306.69809292252,1307.49409430507,1312.83361225352,1322.92767969442,1328.22187987534,1351.24303356327,1488.95056941467,1509.26225374129,1509.26225374129,18.7655722364303,33.0219758029921,7.75037110412031,159.656705018994,136.434449774876
2004-08-23,663.471195170469,663.471195170469,663.471195170469,664.989263194819,665.202717719587,664.966778039903,671.239653621545,671.285231800525,670.978029921971,693.150868207295,693.150868207295,701.303970306628,701.303970306628,709.410433016417,709.410433016417,711.999394365358,711.999394365358,711.999394365358,712.172507131303,724.391687026141,724.391687026141,731.102220154849,731.102220154849,730.936396433106,731.11222802363,731.00228744598,731.00228744598,731.307174382705,731.496181659204,738.301384831952,776.869096120104,776.869096120104,776.566971933295,777.234988804913,777.110591087043,777.020240667846,777.020240667846,980.411939293378,980.411939293378,988.020237400598,989.251986845593,988.893454942383,989.190941885568,1002.30996020574,1003.91632463335,1140.7920682918,1166.2586982495,1165.7847056422,1165.59828282424,1165.4917068529,1170.62933005829,1170.07719389358,1170.04819282417,1169.63024996559,1169.63024996559,1171.25193116052,1171.25193116052,1303.95243540835,1303.95243540835,1304.4257338035,1308.57993700841,1318.58087895939,1322.82505118968,1342.92728879299,1478.89156597459,1496.77215219497,1496.77215219497,17.7812205861466,39.578213720479,6.79344456567803,132.602731943241,135.456277843773
2004-08-24,690.496882577204,690.496882577204,690.496882577204,692.807492948702,693.044877695398,690.48896979447,701.14752084607,702.711241967611,701.70343953744,731.391056642602,731.391056642602,738.276639130873,738.276639130873,744.201630064065,744.201630064065,743.212834824087,743.212834824087,743.212834824087,743.693690462004,753.577847687056,753.577847687056,761.730317572861,761.730317572861,760.20820102327,761.378902403255,757.247340814257,757.247340814257,755.750280117561,755.661521679611,761.899388154888,806.806012643163,806.806012643163,804.488324404998,805.076848604611,803.763406840446,803.469284884767,803.469284884767,1028.65219925042,1028.65219925042,1038.64275579734,1039.92917786656,1039.36263675511,1039.44152217413,1051.27222399679,1051.9271384668,1187.63479884802,1210.37522460616,1209.25062020041,1208.66182232824,1208.28498150843,1213.07463169177,1212.12588576102,1211.71735726463,1210.98304909161,1210.98304909161,1212.52914952473,1212.52914952473,1323.51989379601,1323.51989379601,1323.61960691598,1326.48332815438,1336.61016133736,1339.69107767521,1356.8732445372,1490.94742159213,1506.97987513544,1506.97987513544,24.7874376604791,48.9536453715381,6.3212639325508,111.615129375571,134.657063205641
2004-08-25,723.055490402925,723.055490402925,723.055490402925,724.494435751413,724.646688507903,719.800225688607,727.821873727527,727.473141227526,725.623528291632,758.295512287184,758.295512287184,769.391089197546,769.391089197546,776.25963096771,776.25963096771,773.868542049578,773.868542049578,773.868542049578,774.799530397493,784.88514506635,784.88514506635,784.896959114776,784.896959114776,783.061392772312,783.58893161436,779.904954156088,779.904954156088,778.413251635109,778.341151365236,784.565808619545,841.977472636489,841.977472636489,838.749718938612,838.880946105705,835.836965424135,834.258076618193,834.258076618193,1067.39050867364,1067.39050867364,1077.34632635005,1078.62919426673,1078.16740547163,1078.43225388582,1090.14431310169,1091.09529911337,1226.8630414069,1247.88775246974,1246.93067292155,1246.40787133944,1246.07699961897,1250.59335225169,1249.73025186179,1249.36768406136,1248.64464905975,1248.64464905975,1250.1298415548,1250.1298415548,1344.67601358104,1344.67601358104,1344.69972723883,1347.15623638084,1357.41539157577,1360.10218040064,1375.33482227167,1508.41929176287,1523.32351196195,1523.32351196195,27.5205178066467,62.4569433583474,5.90362616026667,95.2317428222634,133.931162867087
2004-08-26,751.899606454779,751.899606454779,751.899606454779,752.678333490413,752.80526048989,747.483993445211,754.054804738867,753.255628919409,751.018744317039,782.520455245443,782.520455245443,794.347365164521,794.347365164521,801.610974640814,801.610974640814,799.958295996066,799.958295996066,799.958295996066,800.251791903399,810.15740298006,810.15740298006,809.234061613913,809.234061613913,807.259576999552,807.726940407291,803.65981304155,803.65981304155,801.818120105512,801.706648545339,807.422667112349,882.310025038206,882.310025038206,878.354873227524,878.12163264187,873.919706057252,871.590561498912,871.590561498912,1109.58842446815,1109.58842446815,1117.21965591061,1118.23969641191,1117.7470806799,1118.00998821445,1128.99357415364,1129.85398017422,1267.43028632308,1286.80990968375,1285.81981991672,1285.28217005395,1284.92293428135,1289.15907156874,1288.27700980342,1287.88185532451,1287.14190230391,1287.14190230391,1288.57105738724,1288.57105738724,1370.12371350414,1370.12371350414,1370.04951880285,1372.08114120995,1382.37258250171,1384.69097256819,1398.20126208811,1530.292839959,1544.34215572314,1544.34215572314,27.4937155130901,80.9084683759436,5.55709627511675,82.3723312772389,133.149050130129
2004-08-27,768.898273106489,768.898273106489,768.898273106489,770.081416564474,770.25126380364,766.903219383613,773.296572402796,772.774971642306,771.066190598739,801.076120464318,801.076120464318,812.814002402457,812.814002402457,820.147482271475,820.147482271475,819.776343387548,819.776343387548,819.776343387548,819.927735097089,829.572803535669,829.572803535669,829.746936547156,829.746936547156,828.083528220489,828.577851245391,824.968768625313,824.968768625313,823.334601561368,823.239925427053,828.600206448542,924.397263473178,924.397263473178,920.234394339043,919.854469595348,915.241101695424,912.572226290318,912.572226290318,1155.93212381913,1155.93212381913,1162.27158856103,1162.91824111725,1162.32480398928,1162.50519354655,1172.56382763589,1173.03890572016,1313.79572575847,1331.46868781572,1330.28381091166,1329.65179067408,1329.19768660623,1333.15167701359,1332.14952785654,1331.63150464534,1330.7879236572,1330.7879236572,1332.16518180629,1332.16518180629,1403.21082266261,1403.21082266261,1403.00271792936,1404.51806123218,1414.7260373134,1416.56814079325,1428.43284204446,1559.19625327744,1572.48575740445,1572.48575740445,26.1348953915919,102.00546552077,5.25951452625748,72.103400989088,132.155314101782
2004-08-28,768.637967929234,768.637967929234,768.637967929234,770.809507641696,771.062785903982,771.39334059849,778.243861254328,778.432539638206,778.014046213527,807.414245974258,807.414245974258,819.778037409493,819.778037409493,827.870442195973,827.870442195973,829.640255357641,829.640255357641,829.640255357641,829.802963976875,839.659180151478,839.659180151478,842.595611546818,842.595611546818,841.586914765781,842.140014795582,839.699020743764,839.699020743764,838.671885629229,838.655185259793,843.854611937429,958.974098881423,958.974098881423,955.613222528273,955.373722580754,951.444719513701,949.128523172604,949.128523172604,1198.71644553327,1198.71644553327,1204.6097634977,1205.16191879371,1204.60364319647,1204.82516197831,1214.39059517403,1214.86014742912,1360.1521849442,1376.60037791812,1375.40906900086,1374.77140211604,1374.29886000152,1378.01066032587,1376.99555214648,1376.44713630553,1375.59062810022,1375.59062810022,1376.92913100417,1376.92913100417,1439.5661238568,1439.5661238568,1439.29018979776,1440.48542229903,1450.51938783564,1452.06383889651,1462.60892420448,1591.87777903919,1604.55985449414,1604.55985449414,24.2651726683062,120.096482703177,4.98774863247946,63.7882480815679,130.831948212296
2004-08-29,751.211478320177,751.211478320177,751.211478320177,754.487772384096,754.826545537461,759.291209428219,766.868288533057,767.907820939016,768.981835756503,798.485474426488,798.485474426488,812.190085672101,812.190085672101,821.722458756858,821.722458756858,826.413774354674,826.413774354674,826.413774354674,826.644781456134,837.243346084797,837.243346084797,844.514453128995,844.514453128995,844.470506164662,845.115762833611,844.42716518076,844.42716518076,844.331180274656,844.442273202567,849.663407134147,978.096822568935,978.096822568935,976.417147846853,976.580574077735,974.344583023491,973.036116106846,973.036116106846,1229.88810499172,1229.88810499172,1236.17945439892,1236.90496829851,1236.51128608399,1236.89591236227,1246.42329587961,1247.34723623403,1397.58550970582,1413.42819737575,1412.54410149884,1412.05382175212,1411.69098378955,1415.21461025125,1414.38002288196,1413.97505921456,1413.26883814925,1413.26883814925,1414.57911674499,1414.57911674499,1470.57542848226,1470.57542848226,1470.34990607874,1471.58804859553,1481.38875977895,1482.99019262558,1492.6915703686,1620.4927572515,1632.76972447357,1632.76972447357,22.3713552208467,131.035719057673,4.73983517969088,56.9687692688465,129.157953870873
2004-08-30,719.513790597147,719.513790597147,719.513790597147,723.771703760292,724.183241985283,732.417189000413,740.717913498861,742.557468894243,745.045026387647,774.907087715566,774.907087715566,790.12552192261,790.12552192261,801.339920959362,801.339920959362,809.198163613145,809.198163613145,809.198163613145,809.516340462075,821.160231338338,821.160231338338,833.609238231351,833.609238231351,834.716523135435,835.475892457461,836.921707923834,836.921707923834,837.975126931661,838.247631151075,843.636772308552,978.327076797739,978.327076797739,978.731226226255,979.420505980085,979.405101942129,979.463566114154,979.463566114154,1243.35547288573,1243.35547288573,1250.63510378174,1251.76112359723,1251.64183303433,1252.29400762488,1262.17678305842,1263.92604304872,1418.33089768145,1434.1025786932,1433.79915990243,1433.5909947886,1433.44487458233,1436.83053847845,1436.34959473435,1436.24706187373,1435.84143341053,1435.84143341053,1437.13300932366,1437.13300932366,1487.92602161683,1487.92602161683,1487.86206872509,1489.48411429386,1499.01664235792,1501.02108528475,1510.33687948328,1636.78677554768,1648.84594228663,1648.84594228663,20.6412770398714,134.463133294093,4.51096271846259,51.3322248452194,127.213317377131
2004-08-31,677.747517193449,677.747517193449,677.747517193449,682.738599631306,683.200982219346,694.407725041079,703.25436056049,705.735571385114,709.379369390943,739.452505438495,739.452505438495,755.943792709542,755.943792709542,768.682239572656,768.682239572656,779.428950165365,779.428950165365,779.428950165365,779.829715447162,792.532146006523,792.532146006523,810.098567707921,810.098567707921,812.364388696672,813.236035539028,816.889311531679,816.889311531679,819.145031112264,819.588244339733,825.216821985298,960.434356096503,960.434356096503,962.880675285709,964.083655343725,966.316102712069,967.782636973043,967.782636973043,1237.60205634324,1237.60205634324,1246.05268338467,1247.66242771813,1247.85144895746,1248.80062811435,1259.19985731884,1261.92161957609,1418.71457393684,1434.70776139637,1435.11950954216,1435.2612230722,1435.38521505852,1438.66666836824,1438.6290114936,1438.91303704644,1438.88813311312,1438.88813311312,1440.16966208421,1440.16966208421,1486.81761518086,1486.81761518086,1486.97940937581,1489.18862489261,1498.43614869951,1501.05148717348,1510.29950657072,1635.50374221059,1647.47000290841,1647.47000290841,19.1098746082203,132.288354706351,4.29463450053588,46.6102816863804,125.131953995483
2004-09-01,630.567240821241,630.567240821241,630.567240821241,635.996840053089,636.487075177282,649.665004888136,658.807951054648,661.715676861408,666.171020335261,696.090088910012,696.090088910012,713.373368991259,713.373368991259,727.203880005909,727.203880005909,740.196568269587,740.196568269587,740.196568269587,740.662915181361,754.203098037816,754.203098037816,776.086511149069,776.086511149069,779.362578976585,780.324895307709,785.957380422179,785.957380422179,789.301557869622,789.899908457435,795.75795500673,927.700584489868,927.700584489868,931.879919876069,933.517150171429,937.700459517609,940.405165430733,940.405165430733,1214.48606620958,1214.48606620958,1224.01388887951,1226.08133418248,1226.55778658182,1227.78016371547,1238.67359558066,1242.32017774647,1399.22539880089,1415.50189346328,1416.62330636184,1417.11356882146,1417.50873931271,1420.70113634278,1421.10902643079,1421.7838608041,1422.14395799707,1422.14395799707,1423.41814382114,1423.41814382114,1466.68323471592,1466.68323471592,1467.08157654974,1469.92297547235,1478.87748388139,1482.15101635543,1491.46592780922,1615.47662683384,1627.39860566225,1627.39860566225,17.7658674572205,126.758186241699,4.09321971586531,42.6322425999234,123.046267158573
2004-09-02,581.990379578673,581.990379578673,581.990379578673,587.554760061557,588.051136320502,602.234480057316,611.430874980917,614.564534288748,619.497125230234,648.828374396991,648.828374396991,666.367244768064,666.367244768064,680.749000316619,680.749000316619,695.201069925876,695.201069925876,695.201069925876,695.708300731905,709.744971937975,709.744971937975,734.728750686546,734.728750686546,738.772280936316,739.793179708902,746.97592078981,746.97592078981,751.180469957789,751.90113451335,757.918350974087,884.384533525186,884.384533525186,889.876910783105,891.841073784527,897.533897362122,901.208257524679,901.208257524679,1177.60412720726,1177.60412720726,1187.98016036471,1190.41557501747,1191.12918634205,1192.57217243938,1203.83467838178,1208.25038088403,1362.99845733839,1379.47635458505,1381.21253465352,1382.00544889408,1382.63747997704,1385.74714316595,1386.54462030273,1387.56120787242,1388.25943990775,1388.25943990775,1389.52701899096,1389.52701899096,1429.9417489559,1429.9417489559,1430.55085449982,1433.95669178673,1442.61767361295,1446.47881149972,1455.90114164156,1578.74673767753,1590.61816269481,1590.61816269481,16.5872277023295,119.59460063903,3.90429221938845,39.2535970763452,121.07265010848
2004-09-03,535.001022032387,535.001022032387,535.001022032387,540.480139633721,540.965201384233,555.327582985146,564.370290402171,567.555061046781,572.633627835134,600.991350455938,600.991350455938,618.286951993436,618.286951993436,632.716139672573,632.716139672573,647.854820300199,647.854820300199,647.854820300199,648.382126691208,662.556787646015,662.556787646015,689.339264162717,689.339264162717,693.877610180479,694.924384653263,703.152735404141,703.152735404141,707.947637888645,708.752812738732,714.83192220301,834.717168115595,834.717168115595,841.090481570899,843.269362517161,850.002646644105,854.354120343642,854.354120343642,1130.94005307659,1130.94005307659,1141.89345295179,1144.5977080377,1145.48565929055,1147.08540638468,1158.55519884495,1163.54429219249,1314.21947082368,1330.756785728,1332.97546545812,1334.00625295996,1334.82450768383,1337.84868032728,1338.95447844845,1340.24031667497,1341.20706785159,1341.20706785159,1342.4683892207,1342.4683892207,1380.42485792804,1380.42485792804,1381.20150594119,1385.0481187514,1393.42106632873,1397.73813010371,1407.17974988682,1528.8167957169,1540.60539352744,1540.60539352744,15.5545597707905,111.899349339717,3.73017323061267,36.3739259814795,119.206884650327
2004-09-04,491.439180206958,491.439180206958,491.439180206958,496.669572410006,497.130532814182,511.070110952678,519.804398568578,522.9102703968,527.911639713303,554.977181739504,554.977181739504,571.629983823367,571.629983823367,585.715193849513,585.715193849513,600.894466778276,600.894466778276,600.894466778276,601.422609536204,615.415564367087,615.415564367087,642.812297046526,642.812297046526,647.590700565843,648.627603425635,657.417138136604,657.417138136604,662.538890838261,663.385142337682,669.431345610376,782.332475071614,782.332475071614,789.196302084429,791.48847791221,798.829382194101,803.586454117568,803.586454117568,1078.216936346,1078.216936346,1089.48967181471,1092.37154909049,1093.38513145849,1095.09170333831,1106.63764651951,1112.01273954829,1257.2146398402,1273.64515602183,1276.20572934407,1277.40538728539,1278.35566393514,1281.29092251186,1282.61755374508,1284.09416611732,1285.25396421012,1285.25396421012,1286.50610499197,1286.50610499197,1322.30197481961,1322.30197481961,1323.19780648733,1327.34548454866,1335.4409212062,1340.06995786017,1349.4387924362,1469.85373849021,1481.51325593082,1481.51325593082,14.6484676932643,104.310462472863,3.57070240106926,33.9099961554012,117.506666271789
2004-09-05,452.386579781337,452.386579781337,452.386579781337,457.257402655979,457.685746616667,470.796582750716,479.115233014595,482.047724208561,486.801169531842,512.382617041094,512.382617041094,528.114750598671,528.114750598671,541.507769299146,541.507769299146,556.235127499411,556.235127499411,556.235127499411,556.74963817913,570.332043866436,570.332043866436,597.363074285378,597.363074285378,602.181707924938,603.186220842339,612.121603702147,612.121603702147,617.324664923456,618.180602240597,624.096964612071,730.040364028974,730.040364028974,737.073091674687,739.394689471723,746.982483128862,751.915831667763,751.915831667763,1022.5422558031,1022.5422558031,1033.91686752465,1036.88511113984,1037.97112075178,1039.73087642606,1051.20939868635,1056.7944485088,1195.65147220566,1211.83396400944,1214.61269745338,1215.92028821713,1216.95468399453,1219.79748521379,1221.26718599718,1222.86458779474,1224.14990651501,1224.14990651501,1225.39151764894,1225.39151764894,1259.27058240398,1259.27058240398,1260.24158299457,1264.56297619118,1272.38615906364,1277.19016779169,1286.40209678422,1405.58190547248,1417.0714587422,1417.0714587422,13.844537001542,97.1607857151219,3.42070256342156,31.7968535331416,115.95792692003
2004-09-06,418.171611322973,418.171611322973,418.171611322973,422.628111805166,423.019834262239,435.009670044097,442.865354078661,445.573203939228,449.978272467491,473.994518899355,473.994518899355,488.959249949098,488.959249949098,501.884196481687,501.884196481687,516.264883906738,516.264883906738,516.264883906738,516.746290052867,529.730521546866,529.730521546866,555.919483568905,555.919483568905,560.456364443702,561.39371683148,569.94773474626,569.94773474626,574.956550067851,575.780815737435,581.460795912671,680.591080107043,680.591080107043,687.456808939015,689.726632839264,697.197908201528,702.079520829664,702.079520829664,966.845263602378,966.845263602378,978.091209598654,981.655122378381,982.767838702774,984.521166243239,995.768041284977,1001.38913889367,1133.43604427967,1149.19472065863,1152.05323488523,1153.39694090412,1154.45964897853,1157.20367846444,1158.73155723052,1160.37357769803,1161.7113839504,1161.7113839504,1162.94046684704,1162.94046684704,1195.08787867883,1195.08787867883,1196.08632903515,1200.4436999636,1208.00534284127,1212.83858209866,1221.79831840948,1339.69867177784,1350.97286902286,1350.97286902286,13.1368527343851,90.6145840413997,3.28388717292007,29.9845241044209,114.53720509834
2004-09-07,388.668276586006,388.668276586006,388.668276586006,392.695672161303,393.049868748202,403.826491332698,411.197126299709,413.654073298698,417.654353482513,440.096284593063,440.096284593063,453.724236343758,453.724236343758,465.408558558267,465.408558558267,478.626360722314,478.626360722314,478.626360722314,479.094025419144,491.441289316446,491.441289316446,516.322431094939,516.322431094939,520.757066003615,521.651778541613,530.006786396437,530.006786396437,534.879546693365,535.678964748751,541.152962270895,634.10470969812,634.10470969812,640.742674557578,642.933841105049,650.180446332948,654.930538767329,654.930538767329,912.416612392953,912.416612392953,923.429085177064,926.413159511043,927.543137781723,929.29524271043,940.343273090611,945.987155968733,1071.29020708897,1086.64707541572,1089.54489129573,1090.91589979736,1091.99837129539,1094.6488333372,1096.20349213263,1097.861292421,1099.22264719528,1099.22264719528,1100.43961551094,1100.43961551094,1131.05714635223,1131.05714635223,1132.063383231,1136.39860069033,1143.7136139588,1148.51322220416,1157.19377082561,1273.90953992883,1284.95645724512,1284.95645724512,12.5104223539655,84.7284772123099,3.15823518269155,28.4217200187937,113.291764653453
2004-09-08,363.524520012883,363.524520012883,363.524520012883,367.129069682687,367.446793037658,376.999148194354,383.892702809917,386.093311128843,389.673197467106,410.58961999272,410.58961999272,423.03668807819,423.03668807819,433.632116817138,433.632116817138,445.594833678692,445.594833678692,445.594833678692,446.02740089205,457.585319313515,457.585319313515,480.546336725291,480.546336725291,484.689371754408,485.521025659179,493.378596700866,493.378596700866,497.996076384276,498.754240753871,503.984843752631,591.280219399654,591.280219399654,597.601967459267,599.691466754973,606.598930620809,611.145025651579,611.145025651579,860.25029848492,860.25029848492,870.950214461319,873.840584302187,874.939104083788,876.642434493735,887.36580993091,892.889296966018,1011.56921780136,1026.41115134452,1029.27799706437,1030.63023045089,1031.69713396436,1034.25102113115,1035.79259672019,1037.43077957558,1038.78158836291,1038.78158836291,1039.98524912189,1039.98524912189,1069.24203958085,1069.24203958085,1070.23398346931,1074.48572298236,1081.56720227279,1086.269232768,1094.61668688216,1210.16483524392,1220.96443548159,1220.96443548159,11.95226592807,79.4944757681654,3.0394405050519,27.0814464733357,112.163088442733
2004-09-09,342.352743101604,342.352743101604,342.352743101604,345.550716042781,345.833626187553,354.190084708258,360.624503609302,362.577250452239,365.740033560036,385.209913921109,385.209913921109,396.526301359455,396.526301359455,406.099767613667,406.099767613667,416.852923050962,416.852923050962,416.852923050962,417.250777898645,428.019920961305,428.019920961305,448.941407509022,448.941407509022,452.716249056927,453.477632709483,460.686703045497,460.686703045497,464.951750895423,465.654510175671,470.607517956734,552.677435965895,552.677435965895,558.551492948581,560.514277189981,566.994039654847,571.268093418037,571.268093418037,811.158896409687,811.158896409687,821.473569649259,824.256614818178,825.315585166951,826.96054255023,837.345643877881,842.707600938718,955.104405008263,969.405260709423,972.191392069364,973.504215153054,974.539138568072,976.999023608217,978.494685318078,980.083896566704,981.395631413835,981.395631413835,982.585706897433,982.585706897433,1010.62979390877,1010.62979390877,1011.58907297273,1015.70409354705,1022.5645532031,1027.11451675863,1035.11950797943,1149.42808745687,1159.96991186766,1159.96991186766,11.4516320892438,74.8704219953238,2.93113948276537,25.9349253761963,111.016710188543
2004-09-10,324.809937781581,324.809937781581,324.809937781581,327.618219181495,327.867881698207,335.066336752746,341.060515102675,342.766344112791,345.523888381769,363.635886333945,363.635886333945,373.876984779114,373.876984779114,382.476293909004,382.476293909004,392.066635544442,392.066635544442,392.066635544442,392.431300202419,402.445474724459,402.445474724459,421.343973746082,421.343973746082,424.736193120727,425.427892191967,431.936851655235,431.936851655235,435.815731317311,436.458018839579,441.124027174361,518.468435084868,518.468435084868,523.846066079303,525.665460728548,531.608121172756,535.563693231999,535.563693231999,765.685251475819,765.685251475819,775.5626689896,778.219313605394,779.225798732064,780.800897544202,790.819537518271,795.979977126647,902.502244442187,916.243964141637,918.917963550784,920.175715179876,921.166338279152,923.535073786816,924.969385774103,926.498193503475,927.752641850412,927.752641850412,928.934177730435,928.934177730435,955.911465998767,955.911465998767,956.826015788975,960.770503921362,967.422107720447,971.783096191288,979.428620120624,1092.1275550042,1102.42406821493,1102.42406821493,11.0020359480237,70.7992894589983,2.82818653751691,24.9615697043079,109.541891261448
2004-09-11,313.38058608485,313.38058608485,313.38058608485,315.846544831347,316.065715805888,321.649219214471,327.713102291836,329.268002960046,331.519082331415,348.830198491159,348.830198491159,357.656386766554,357.656386766554,365.204504907508,365.204504907508,373.309102579926,373.309102579926,373.309102579926,373.658437866703,382.992940520135,382.992940520135,399.485124914101,399.485124914101,402.302030430379,402.966660891469,408.697883846912,408.697883846912,412.199339474595,412.769903669085,417.359291279534,491.988852040066,491.988852040066,496.673901449834,498.550216221203,503.916928371856,507.290020038931,507.290020038931,731.897454877763,731.897454877763,741.359931637522,743.730356901726,744.661834732488,746.099084189501,756.033494865151,760.774715689108,863.256930077,876.877471179185,879.323408791647,880.642777236008,881.586601764846,884.008558011783,885.277997793356,886.664922238206,887.882299930512,887.882299930512,889.144786930729,889.144786930729,916.433233604513,916.433233604513,917.379353621753,921.091313660221,928.419362111511,932.997282408448,942.441681715537,1054.94333332845,1066.09065826767,1066.09065826767,11.2558304272328,69.0986064221843,2.9402821414861,25.5305433194423,109.262939121402
2004-09-12,304.958897749611,304.958897749611,304.958897749611,306.903830126435,307.074747746102,311.262060927956,316.554647434784,317.715087791172,319.480526344438,335.808842930956,335.808842930956,343.794028686134,343.794028686134,350.374362565967,350.374362565967,357.247393320733,357.247393320733,357.247393320733,357.554732410281,366.129095201683,366.129095201683,380.620931072541,380.620931072541,383.087454496194,383.665207303821,388.474752575095,388.474752575095,391.435910291733,391.942716359894,396.245227062834,467.851641719695,467.851641719695,471.986691093158,473.52322113381,478.130128630752,481.239648925845,481.239648925845,695.344309161965,695.344309161965,704.377015238507,706.771528511974,707.622686789018,709.025772110841,718.625016647449,723.290915243623,820.216665834206,833.344264750833,835.681625415922,836.779034735847,837.639090160116,840.013830835553,841.237777796933,842.565956169965,843.643807102618,843.643807102618,844.891123481446,844.891123481446,871.077241635291,871.077241635291,871.88710674196,875.677055746969,882.761420005845,886.927840467336,895.003265147575,1003.46439219818,1014.34191161484,1014.34191161484,11.1273806994506,66.7627969012659,2.90312363825795,24.4526283891618,105.514569613167
2004-09-13,301.736985826451,301.736985826451,301.736985826451,303.339508188051,303.475944224916,306.089141769612,310.981401669642,311.838754913208,312.999175178803,328.515503005065,328.515503005065,335.315091546726,335.315091546726,340.960467869305,340.960467869305,346.364290593167,346.364290593167,346.364290593167,346.697175821818,354.715185699904,354.715185699904,366.601222884183,366.601222884183,368.540019869797,369.069096382867,372.858925887702,372.858925887702,375.257460258496,375.6784409025,379.648241256456,448.202083024667,448.202083024667,451.716256113917,453.064579989556,457.022814966554,459.757581254224,459.757581254224,664.464395503634,664.464395503634,672.987848485232,675.199223762694,675.947812157556,677.2347248147,686.330782811769,690.663234140626,782.990937214995,795.551219584452,797.668764908787,798.655586474031,799.428109729094,801.729273030601,802.819133047215,804.020734242031,804.983315835465,804.983315835465,806.207817237518,806.207817237518,831.676648934215,831.676648934215,832.396758599585,835.859617224216,842.676579650615,846.483947896141,853.928229170429,957.49007537103,968.20734308585,968.20734308585,11.4854893053905,64.5342966053219,2.8236044896296,23.9333890065623,100.871271844718
2004-09-14,299.624931817492,299.624931817492,299.624931817492,300.882560052433,300.997856684693,302.665251958681,307.106348690779,307.730683651055,308.527922131432,323.643991897696,323.643991897696,330.743549803471,330.743549803471,336.068114854387,336.068114854387,339.93668275354,339.93668275354,339.93668275354,340.799018688502,349.555453398606,349.555453398606,357.870246827984,357.870246827984,359.163970541898,359.569048851031,362.363599958064,362.363599958064,364.282088052121,364.619066450745,368.439180367997,434.763190996817,434.763190996817,437.531879441551,438.807641352453,442.27768218116,444.645341768275,444.645341768275,643.394594558915,643.394594558915,652.354538592356,654.827199191555,655.41472651587,656.496027988775,666.159323258229,669.872510029094,758.631892887396,770.369911240373,772.049915060868,772.916248452618,773.539347153181,775.793334355406,776.577167106052,777.490791249797,778.2510437213,778.2510437213,779.446302589369,779.446302589369,804.474112931372,804.474112931372,805.096411106719,808.061133291214,814.911889965953,818.118498758258,825.496782893754,923.971213362935,935.191692854513,935.191692854513,11.7605918207867,63.3163405568332,2.78411465862771,23.9290543296266,95.8343843605971
2004-09-15,298.362505444744,298.362505444744,298.362505444744,299.428286026427,299.528650479536,300.63285850353,304.738338855338,305.202768758612,305.74861429594,320.217184656718,320.217184656718,327.304404746509,327.304404746509,331.834473380263,331.834473380263,334.927591331089,334.927591331089,334.927591331089,335.311452075524,343.362214551975,343.362214551975,350.892065525663,350.892065525663,351.913740043095,352.256016768326,354.311441835285,354.311441835285,355.736764352162,356.01167370093,359.55445140626,423.84665751181,423.84665751181,426.091679053487,427.133206615642,429.680799941219,431.519724304515,431.519724304515,619.235208763903,619.235208763903,627.384519770943,629.464470591384,630.095633623726,631.235544438596,640.181087516084,644.094005835554,729.815273614392,741.460267803012,743.200819538999,744.001163299017,744.622636258324,746.830939389157,747.67821871559,748.644536882017,749.389736302093,749.389736302093,750.569912066627,750.569912066627,775.387784352264,775.387784352264,775.949839850834,778.875035771715,785.463501788743,788.6294769441,795.160859429416,887.116066685098,898.201140791213,898.201140791213,11.629556849826,61.9464986899404,2.70506006261948,23.6495849993236,89.7333669562191
2004-09-16,297.46103451686,297.46103451686,297.46103451686,298.424734136664,298.517159768113,299.335347032386,303.233351899176,303.614161328325,304.017454370516,317.869355796079,317.869355796079,324.712055674798,324.712055674798,328.767955454532,328.767955454532,331.321116382501,331.321116382501,331.321116382501,331.576056822098,338.827588646601,338.827588646601,345.375007158184,345.375007158184,346.199900185136,346.508298762885,348.101148234715,348.101148234715,349.2514314311,349.481914138431,352.809425732776,415.355135672788,415.355135672788,417.183705700283,418.083344609335,420.100994240255,421.595252418033,421.595252418033,600.174655377228,600.174655377228,607.527308800573,609.348642466384,609.871041819291,610.893791558798,619.294156706186,622.860276066355,705.62483006893,716.731394866395,718.301005459334,719.017797073297,719.573814807823,721.704563114227,722.455993008598,723.333374491869,724.000371706501,724.000371706501,725.160459346321,725.160459346321,749.66366457878,749.66366457878,750.170549455416,752.876916459739,759.233070260759,762.188740633441,768.284630029338,853.768335544499,864.837161308721,864.837161308721,11.3727277345258,60.7059228379336,2.61941312626726,23.4551279522411,83.4407192524519
2004-09-17,296.241369584813,296.241369584813,296.241369584813,297.182824520532,297.273469987415,298.06940293815,301.852463755535,302.210436621184,302.57370874278,315.927077399266,315.927077399266,322.454133904737,322.454133904737,326.223305286236,326.223305286236,328.463483301363,328.463483301363,328.463483301363,328.70140371239,335.349312273077,335.349312273077,341.066670052159,341.066670052159,341.727458934477,342.008287215224,343.265173463502,343.265173463502,344.217798173679,344.415689455716,347.560515715674,408.673621986682,408.673621986682,410.193624772891,410.993687431341,412.642401815478,413.892053194579,413.892053194579,584.269295220614,584.269295220614,591.05002066438,592.690103045685,593.136212606674,594.070017020184,602.033835741507,605.304189363954,685.382970542988,695.960679863948,697.353385354222,697.982972719532,698.469670331899,700.516940443763,701.161121661948,701.936193192307,702.510772465699,702.510772465699,703.651076822617,703.651076822617,727.826508946113,727.826508946113,728.267746729955,730.732085721241,736.886943071211,739.594549197084,745.27625848638,824.347355058401,835.335083889437,835.335083889437,11.0532821660258,59.6429811199103,2.53747020717118,23.2741022886871,77.2411542220174
2004-09-18,294.046077776809,294.046077776809,294.046077776809,295.043548626003,295.138359100497,296.166434277808,299.921300449591,300.312008759196,300.729107366706,313.738823266719,313.738823266719,320.006252415527,320.006252415527,323.644762938968,323.644762938968,325.778840166868,325.778840166868,325.778840166868,326.007323203086,332.261538261241,332.261538261241,337.484770765497,337.484770765497,338.039104118989,338.299489253377,339.33245165776,339.33245165776,340.150559422182,340.325536600603,343.311862453451,403.2236729483,403.2236729483,404.52533068719,405.251566670545,406.642113489807,407.719818978657,407.719818978657,570.49325701207,570.49325701207,576.843403697796,578.352858724817,578.746805390005,579.615918806398,587.231031445374,590.283191712562,668.010597528649,678.127123853635,679.384069044582,679.946079473797,680.379055954481,682.348937002131,682.908757130187,683.601667856169,684.101927129652,684.101927129652,685.224167314399,685.224167314399,709.100651114007,709.100651114007,709.487732181119,711.74986075052,717.726363912723,720.222073413638,725.554763149429,798.554927325581,809.400313474367,809.400313474367,10.7105279359683,58.6961959927643,2.4579889653413,23.0946442343047,71.3733345118375
2004-09-19,290.538937117508,290.538937117508,290.538937117508,291.638717380508,291.741233311474,293.175930035589,296.967073554653,297.431685007187,297.97313974775,310.787060567064,310.787060567064,316.913788924721,316.913788924721,320.554213710231,320.554213710231,322.76644400084,322.76644400084,322.76644400084,322.989121097369,329.024308965361,329.024308965361,334.100802353328,334.100802353328,334.617873346924,334.866604672847,335.80014997639,335.80014997639,336.551554381037,336.71375190316,339.577545968362,398.449467682846,398.449467682846,399.620453175507,400.299501764959,401.528780198361,402.497529753481,402.497529753481,558.199927723404,558.199927723404,564.21555048907,565.627509317754,565.984739846367,566.804913233204,574.132335865442,577.020530753009,652.69350086518,662.411820496372,663.569056130714,664.081305463817,664.474419553778,666.374292764154,666.872294164552,667.503735937783,667.949093587107,667.949093587107,669.054047919039,669.054047919039,692.671632053072,692.671632053072,693.017777554996,695.121455728325,700.938702992347,703.265900076108,708.310531016286,775.75958897617,786.410640716669,786.410640716669,10.3709324969921,57.7952823355568,2.38556064278341,22.9245750054792,65.9927457279312
2004-09-20,285.588262750751,285.588262750751,285.588262750751,286.812917638544,286.92487867357,288.862071369456,292.724602153459,293.287359301242,293.997172610477,306.733818131484,306.733818131484,312.827455301906,312.827455301906,316.580017278006,316.580017278006,319.019923115148,319.019923115148,319.019923115148,319.241785524192,325.193644112857,325.193644112857,330.430359112183,330.430359112183,330.975335805484,331.220948737265,332.178312662889,332.178312662889,332.930360774332,333.089944102522,335.864077681144,393.799794981837,393.799794981837,394.927724263749,395.584323082726,396.749239929403,397.67052318458,397.67052318458,546.827922354706,546.827922354706,552.590604857289,553.933189224414,554.2666420887,555.051033471706,562.140531284791,564.909261983941,638.792238857055,648.169860097612,649.256723839656,649.733767009739,650.098613696678,651.93403962501,652.38885708079,652.976070281431,653.382796928052,653.382796928052,654.473469886689,654.473469886689,677.878788338628,677.878788338628,678.195134016966,680.17629058511,685.844218265565,688.041165247773,692.854019373458,755.364854650648,765.781340657035,765.781340657035,10.0492965756631,56.881265475825,2.31604981955271,22.7754942055463,61.1924611107272
2004-09-21,279.317693147625,279.317693147625,279.317693147625,280.661970065529,280.782941910995,283.229546205007,287.174689801515,287.840133331,288.730761900977,301.452938027788,301.452938027788,307.58616956699,307.58616956699,311.513466759584,311.513466759584,314.2793367729,314.2793367729,314.2793367729,314.503281286273,320.466261620162,320.466261620162,326.097148855093,326.097148855093,326.722497864529,326.971959150459,328.057301375742,328.057301375742,328.86878653148,329.034615763662,331.755354526741,388.803928000341,388.803928000341,389.966973566327,390.622209447802,391.810557525741,392.7405771818,392.7405771818,535.843890441702,535.843890441702,541.432813395462,542.733888822963,543.055853597672,543.816959988236,550.715896797932,553.407648545474,625.740457744555,634.830777250324,635.873968685999,636.329008807909,636.676129395647,638.453066574166,638.881471700516,639.439940231088,639.822616328553,639.822616328553,640.900328602905,640.900328602905,664.145694374661,664.145694374661,664.442261366542,666.334722078718,671.861218201696,673.961555948436,678.58457196152,736.798786566377,746.957073693439,746.957073693439,9.74969577839281,55.9158445356186,2.24880108166816,22.6556063463758,57.0009066975772
2004-09-22,271.934287098148,271.934287098148,271.934287098148,273.382285621987,273.510977942516,276.423184334784,280.444132255504,281.205670509693,282.267937723218,294.997106916213,294.997106916213,301.196732713006,301.196732713006,305.31926909957,305.31926909957,308.452322506449,308.452322506449,308.452322506449,308.680073342126,314.707618915019,314.707618915019,320.873194455257,320.873194455257,321.613943682096,321.872025366531,323.15843769363,323.15843769363,324.071298079935,324.249869260963,326.943785833384,383.113911706036,383.113911706036,384.372673716822,385.043396308614,386.325731978064,387.310341042385,387.310341042385,524.825178295477,524.825178295477,530.302048056831,531.586622160358,531.907593906082,532.656171760645,539.409784674962,542.059970130112,613.060910606746,621.908700727926,622.931697758338,623.37635904632,623.715038809191,625.440388417201,625.85715805334,626.400535288095,626.772016608331,626.772016608331,627.838305930253,627.838305930253,650.97614079384,650.97614079384,651.261817366998,653.093992024642,658.485463589135,660.519026348426,664.989491643225,719.534058386889,729.428898043523,729.428898043523,9.47549290767679,54.8830305529118,2.18683565352774,22.5676404738298,53.4047644331938
2004-09-23,266.735908081114,266.735908081114,266.735908081114,268.270929112659,268.398818222662,271.135157661184,275.596032443983,276.434093409664,277.462024279964,290.507351728767,290.507351728767,296.540895181768,296.540895181768,300.812520836418,300.812520836418,303.876679714334,303.876679714334,303.876679714334,304.182330656013,310.517811482059,310.517811482059,316.695530825218,316.695530825218,317.364444301664,317.704728617992,318.969999469188,318.969999469188,319.947031127104,320.124787203659,322.909380817556,378.594780620863,378.594780620863,379.804051034551,380.559065365189,381.979071220595,382.983914276997,382.983914276997,517.636068621564,517.636068621564,523.459785414433,524.745737573994,524.971535835402,525.617305813495,532.051177923944,534.379138606137,604.26219265485,612.618481168256,613.46705281138,613.828025764961,614.101241026611,615.762181405015,616.080008605893,616.531784891121,616.821294549257,616.821294549257,617.873732183559,617.873732183559,640.825502981564,640.825502981564,641.056180931783,642.704111475411,647.964085046582,649.810211035629,654.022956342688,705.32681613138,714.910933785301,714.910933785301,9.79537849123868,54.4873681566387,2.12848990958245,22.5085785470358,50.3560188184053
2004-09-24,260.521726136482,260.521726136482,260.521726136482,261.945952192161,262.067690236251,264.829978409549,269.108052601392,269.899130330232,270.977929064907,284.115756435391,284.115756435391,290.372156155551,290.372156155551,294.670805596958,294.670805596958,297.89254402203,297.89254402203,297.89254402203,298.159085008841,304.578406744598,304.578406744598,311.105601444808,311.105601444808,311.915675934014,312.182947819759,313.613884933316,313.613884933316,314.607849262965,314.798852505639,317.566312094333,372.800191952133,372.800191952133,374.10565437593,374.809711707444,376.166206112015,377.19561179569,377.19561179569,506.345311492119,506.345311492119,511.993283861599,513.334689858498,513.661224073254,514.394064019348,520.998378095949,523.554693235383,593.135641767994,601.461363188906,602.391869275961,602.789534280176,603.090449123832,604.71539079494,605.074029221811,605.555632486399,605.873738096529,605.873738096529,606.917286567152,606.917286567152,629.87076036081,629.87076036081,630.114121932972,631.767542907471,636.906652362261,638.745894691069,642.868692362036,691.586698252411,700.927349117321,700.927349117321,9.78816848996203,53.8947446325327,2.07446728264439,22.4722784769096,47.7938683927856
2004-09-25,255.294383823828,255.294383823828,255.294383823828,256.573800031451,256.684797745282,259.193180061832,263.282149141558,264.009477597283,265.020326169219,277.951134479467,277.951134479467,284.124821976244,284.124821976244,288.396973833179,288.396973833179,291.681687293622,291.681687293622,291.681687293622,291.930374375189,298.360075275282,298.360075275282,305.063126714208,305.063126714208,305.947809492555,306.219056767486,307.77475974167,307.77475974167,308.831035778354,309.029501377407,311.778415016876,366.546830070857,366.546830070857,367.915160786006,368.616477848921,370.02081057019,371.086373072217,371.086373072217,495.506299579086,495.506299579086,500.969184496419,502.276456516278,502.597974246629,503.318868086348,509.820849451161,512.380187501182,581.704667243543,589.882154948511,590.837217426621,591.247662946917,591.559012568398,593.146834011545,593.525271308686,594.021428896602,594.356969655746,594.356969655746,595.391652961922,595.391652961922,618.351571122325,618.351571122325,618.604940594136,620.26536755529,625.290149794013,627.132840920366,631.186678872118,677.773798914584,686.897396252072,686.897396252072,9.70548121136768,53.3364760808708,2.02251020088421,22.4505017438479,45.6508821225737
2004-09-26,250.655718813181,250.655718813181,250.655718813181,251.831320348847,251.934229342919,254.196583676191,258.105690325381,258.773618419256,259.698767475124,272.297697962115,272.297697962115,278.24133156469,278.24133156469,282.376907025332,282.376907025332,285.597461876547,285.597461876547,285.597461876547,285.834129833387,292.185217554467,292.185217554467,298.888169808767,298.888169808767,299.800903794606,300.072726087565,301.699688035584,301.699688035584,302.793726053927,302.996190054221,305.710506341384,360.066399887977,360.066399887977,361.473716987877,362.175643596758,363.625901741881,364.721068264174,364.721068264174,485.051240280253,485.051240280253,490.346653963387,491.618748326182,491.931614083788,492.634934643339,499.007733251574,501.520246329128,570.713278388973,578.689113412315,579.627068798053,580.02973108281,580.335253709145,581.881865607854,582.254171418598,582.741998705014,583.073088031619,583.073088031619,584.09845541995,584.09845541995,607.037644522693,607.037644522693,607.287214037273,608.916319608027,613.832258042663,615.641038416767,619.599660128912,664.386216979491,673.296156280125,673.296156280125,9.56277606858005,52.8677044894656,1.97390244015319,22.4351578131277,43.871689289471
2004-09-27,246.247493144787,246.247493144787,246.247493144787,247.363948706358,247.462325754523,249.579706203896,253.351672783335,253.97945956088,254.841801727856,267.093197098652,267.093197098652,272.778887430553,272.778887430553,276.737331616283,276.737331616283,279.826298205717,279.826298205717,279.826298205717,280.052355948246,286.262937243991,286.262937243991,292.817792416185,292.817792416185,293.724155585891,293.991939317052,295.628515683662,295.628515683662,296.727394621373,296.929188933539,299.589871587685,353.568695810594,353.568695810594,354.983094761891,355.677506240113,357.144802785614,358.252464580519,358.252464580519,474.948380209839,474.948380209839,480.09991798994,481.338290171718,481.642897166471,482.329092434768,488.576579969607,491.036352370616,560.25533042289,568.028641274957,568.940108635447,569.329716761876,569.625272742871,571.132179835468,571.490768096741,571.963079872052,572.28235156215,572.28235156215,573.298497176967,573.298497176967,596.203418837305,596.203418837305,596.443937795471,598.026143085441,602.838096215452,604.595925593717,608.446533303106,651.68398024543,660.389181191822,660.389181191822,9.38002142782458,52.4803169336268,1.92851047914951,22.4186776197217,42.3622115854676
2004-09-28,241.851555057699,241.851555057699,241.851555057699,242.939510935871,243.035603835428,245.103169349028,248.778807376011,249.387628891171,250.219581559299,262.158731506177,262.158731506177,267.616375514278,267.616375514278,271.41548237439,271.41548237439,274.372708952474,274.372708952474,274.372708952474,274.58940154136,280.636155049128,280.636155049128,286.978034512872,286.978034512872,287.858274479879,288.119244178298,289.722869786799,289.722869786799,290.802622886051,291.000190960831,293.597825135925,347.210004132956,347.210004132956,348.604401133826,349.284823191145,350.739649525438,351.841227033978,351.841227033978,465.266266343367,465.266266343367,470.276986538301,471.480385881098,471.775561790504,472.443703098723,478.564120903411,480.978231773869,550.372269571996,557.946702573116,558.828516436713,559.203675233024,559.4879471275,560.956589280936,561.299073160183,561.753698697016,562.058826503873,562.058826503873,563.066005086565,563.066005086565,585.924454240079,585.924454240079,586.154380279014,587.685542019469,592.402672232678,594.104163584566,597.844285853049,639.759095426376,648.269197394936,648.269197394936,9.17689633928464,52.1374608444093,1.88359077126132,22.3937734732775,41.086437741447
2004-09-29,237.346083857002,237.346083857002,237.346083857002,238.424613342983,238.519059773714,240.602839065206,244.214481678991,244.820319655235,245.648477673005,257.323449070375,257.323449070375,262.600933613094,262.600933613094,266.275039721626,266.275039721626,269.138822676614,269.138822676614,269.138822676614,269.348207618109,275.238739129021,275.238739129021,281.380008928018,281.380008928018,282.230494244298,282.484030892252,284.039320215015,284.039320215015,285.089804784824,285.281409665131,287.813177685639,341.03829949582,341.03829949582,342.401582454632,343.065865808909,344.492974115487,345.57780008557,345.57780008557,456.072858013605,456.072858013605,460.942079878704,462.108676601701,462.392715596226,463.041326709424,469.032074838678,471.376859016099,541.084715711254,548.464138758452,549.314611736936,549.674496497676,549.946922522499,551.37886237639,551.704081337713,552.140063863324,552.429988537369,552.429988537369,553.428464908418,553.428464908418,576.22501782679,576.22501782679,576.443791281953,577.922962863809,582.547040192685,584.19102591749,587.817760107456,628.592954416777,636.927354513853,636.927354513853,8.96854921503984,51.7846064808353,1.83890266099913,22.3549870999299,39.9934142481119
2004-09-30,232.648399973133,232.648399973133,232.648399973133,233.730660577196,233.825891737771,235.972526779861,239.542351793191,240.15620012206,240.999761984291,252.455920873037,252.455920873037,257.594188687384,257.594188687384,261.184528300068,261.184528300068,264.002142713941,264.002142713941,264.002142713941,264.206094333082,269.961917425435,269.961917425435,275.957741776103,275.957741776103,276.785736292325,277.032717606944,278.546838707625,278.546838707625,279.571002518405,279.757253642293,282.224029385409,335.001951515064,335.001951515064,336.340264401198,336.989922747805,338.391150185648,339.459470037649,339.459470037649,447.362741255589,447.362741255589,452.09649557192,453.227282357429,453.499874392023,454.128824151437,459.991947149036,462.276649116502,532.42377345819,539.610921699858,540.428757052785,540.772342029746,541.032135577282,542.429274616733,542.735883569722,543.152130282507,543.425707727911,543.425707727911,544.415884810695,544.415884810695,567.130987094186,567.130987094186,567.338017255194,568.764385430219,573.301777095699,574.886852909134,578.407439275298,618.181388318508,626.35088062463,626.35088062463,8.76405437765138,51.3598473030379,1.79551433285074,22.2982826162291,39.0394371980795
2004-10-01,227.711782284357,227.711782284357,227.711782284357,228.80614300649,228.902074686141,231.141904621562,234.683753110175,235.313079415939,236.185640354447,247.461244259275,247.461244259275,252.498910423036,252.498910423036,256.038522061034,256.038522061034,258.853293949287,258.853293949287,258.853293949287,259.053376181596,264.700804357117,264.700804357117,270.619570785059,270.619570785059,271.437155039511,271.679096598475,273.171227441315,273.171227441315,274.178761535407,274.361164199127,276.770389209895,329.012573631906,329.012573631906,330.339882650655,330.978452178542,332.367022066921,333.425998927184,333.425998927184,439.076745073433,439.076745073433,443.687168558337,444.785622064229,445.047839412748,445.658373334208,451.400130355027,453.62889493286,524.317096964386,531.328061071441,532.114064288693,532.442532765754,532.692307345077,534.054942315094,534.344263656252,534.742012651324,535.000260815954,535.000260815954,535.982059701392,535.982059701392,558.596443588379,558.596443588379,558.792487823897,560.169118342763,564.624167614731,566.153122489994,569.568600506616,608.453814831382,616.470657115431,616.470657115431,8.56724846307343,50.8265285064118,1.75382177103168,22.2206634388885,38.1939446941894
2004-10-02,222.519092988224,222.519092988224,222.519092988224,223.630810299936,223.72779055577,226.077634762312,229.600585970382,230.247419861896,231.157172270815,242.282950656837,242.282950656837,247.250986508112,247.250986508112,250.764049568082,250.764049568082,253.609847708318,253.609847708318,253.609847708318,253.807591670427,259.37109397868,259.37109397868,265.277759724766,265.277759724766,266.097812569573,266.336370097659,267.829297036845,267.829297036845,268.832369572012,269.012775926952,271.371007950869,322.960880729441,322.960880729441,324.296096127196,324.929001697235,326.323659620476,327.384637129399,327.384637129399,431.120323843024,431.120323843024,435.623919916184,436.695282995539,436.94920978739,437.543590737869,443.173251062068,445.354430667576,516.673247056456,523.51013219412,524.270081498093,524.585833324285,524.824116964136,526.155277197222,526.430325759691,526.812357586778,527.057787590937,527.057787590937,528.031776828989,528.031776828989,550.525655686118,550.525655686118,550.712467218409,552.044888127674,556.421722981057,557.900465958389,561.222162031738,599.308007491149,607.185407416474,607.185407416474,8.37995231377132,50.1510098947749,1.71333595657124,22.1192437451778,37.43140294213
2004-10-03,217.096962758115,217.096962758115,217.096962758115,218.224811372163,218.322808053654,220.784118639098,224.291022151008,224.96118476427,225.909858557944,236.905072072202,236.905072072202,241.823756782022,241.823756782022,245.324401389741,245.324401389741,248.222562794145,248.222562794145,248.222562794145,248.419153002972,253.91851727414,253.91851727414,259.862903433724,259.862903433724,260.696184069197,260.932795375956,262.44723339354,262.44723339354,263.457327108597,263.637508087503,265.956270557774,316.768360045676,316.768360045676,318.126200659487,318.75802096134,320.175794899272,321.249591801421,321.249591801421,423.395884910589,423.395884910589,427.808750020838,428.858851469698,429.10688234149,429.687700572621,435.214927080029,437.3542428248,509.371627740115,516.058521612972,516.797410220295,517.106706713728,517.337884921617,518.63878798612,518.902399768441,519.275785891615,519.514926003286,519.514926003286,520.481391715098,520.481391715098,542.833308721957,542.833308721957,543.012498229476,544.306089826222,548.608844567901,550.043074959641,553.280606949912,590.637423165149,598.385064337566,598.385064337566,8.20301632494086,49.3310710847855,1.67498533799723,21.9927266254831,36.7322843929651
2004-10-04,211.553366617921,211.553366617921,211.553366617921,212.687070719429,212.785266288264,215.331279993717,218.817623400191,219.504775483403,220.486853136698,231.356190456378,231.356190456378,236.232593290602,236.232593290602,239.723561541335,239.723561541335,242.680370772731,242.680370772731,242.680370772731,242.876696804955,248.322778915173,248.322778915173,254.333903761518,254.333903761518,255.187652441186,255.423328991927,256.97407394342,256.97407394342,257.999980448821,258.181289636768,260.467399585456,310.378111543822,310.378111543822,311.76988031752,312.403655641028,313.858183873471,314.953646565047,314.953646565047,415.807980620312,415.807980620312,420.145440886444,421.179641468886,421.424225059264,421.994131673104,427.431043497896,429.539027898905,502.283059802957,508.828064180459,509.553371691646,509.852339049474,510.077837259669,511.351268591694,511.613172546359,511.973610611502,512.202584353533,512.202584353533,513.161871227936,513.161871227936,535.354722807476,535.354722807476,535.52946476043,536.794069296501,541.027482747892,542.427205110675,545.589456774433,582.277831321542,589.906552553246,589.906552553246,8.03606537253214,48.3732468910022,1.6376248402364,21.8416602563473,36.0825242489708
2004-10-05,206.035833721302,206.035833721302,206.035833721302,207.161752320412,207.258835153205,209.839481855779,213.309759771087,214.003121253664,215.001901349236,225.749791628244,225.749791628244,230.572067685515,230.572067685515,234.048181904065,234.048181904065,237.042306042812,237.042306042812,237.042306042812,237.237119103672,242.628913884498,242.628913884498,248.698646187706,248.698646187706,249.573827253036,249.810466402246,251.400857663254,251.400857663254,252.445183461172,252.628139657481,254.885956773939,303.784084075739,303.784084075739,305.213686851583,305.850310306716,307.347442233785,308.468804051855,308.468804051855,408.288825378084,408.288825378084,412.564632644651,413.58719719485,413.830178603527,414.39124030013,419.747277393273,421.830979683804,495.32467095187,501.744166791359,502.466682989911,502.760866342633,502.982843875886,504.230011792984,504.48289391305,504.837081740846,505.061900868278,505.061900868278,506.014204241358,506.014204241358,528.029266374278,528.029266374278,528.203723914546,529.443685674441,533.609364445862,534.97964076319,538.073118197595,574.135279913626,581.653783526656,581.653783526656,7.87850468323005,47.3016949212945,1.60231955272848,21.6691463570469,35.4685472243841
2004-10-06,203.918517552621,203.918517552621,203.918517552621,205.133834893731,205.234266128192,207.242791010953,211.325178973566,212.175319651903,213.042787156192,224.312898446101,224.312898446101,228.831399564736,228.831399564736,232.581275193915,232.581275193915,235.327823554661,235.327823554661,235.327823554661,235.645766176117,241.574984515576,241.574984515576,247.086915369537,247.086915369537,247.510091844731,247.861384051698,249.423374042688,249.423374042688,250.575364195648,250.734529338353,253.481252338061,303.101199727628,303.101199727628,304.218852385545,305.586827246685,308.611000903405,310.885853143351,310.885853143351,430.011099095265,430.011099095265,436.889066701409,437.956063381113,437.833008873116,437.826592938202,442.726916240168,443.18255382532,520.185569889223,526.384245346707,526.139405422777,526.363501566867,526.323677260461,527.777618824518,527.177508735105,526.730359768707,526.510962477451,526.510962477451,527.440315552265,527.440315552265,549.587920149806,549.587920149806,549.197973863652,548.826264917827,552.896717550226,552.679594768979,554.298596084772,588.203262167171,595.037787607446,595.037787607446,8.74798993332272,48.5285774009865,2.00042518421437,23.1413406342404,34.9015868191313
2004-10-07,200.194709636552,200.194709636552,200.194709636552,201.274173737397,201.360268246721,203.318106331744,206.926393103959,207.611853995239,208.483233709496,220.045559973741,220.045559973741,224.853657888423,224.853657888423,228.268737142318,228.268737142318,230.928233079988,230.928233079988,230.928233079988,231.177216771462,237.020182536088,237.020182536088,242.93514619569,242.93514619569,243.585238635003,243.80182088634,245.085967861022,245.085967861022,246.011670604051,246.18952976071,248.952902789173,297.724488275712,297.724488275712,299.054980414853,299.786342362003,301.455204473125,302.846423309159,302.846423309159,414.664699909082,414.664699909082,422.163375573154,423.933005192503,424.339624084378,425.061924734924,431.671169760083,434.094111344037,511.833652102623,519.006863993903,519.691755629954,519.973497317831,520.175938157816,521.792333642567,521.977440555442,522.250815904391,522.385075846973,522.385075846973,523.338105386969,523.338105386969,547.366545763898,547.366545763898,547.42614264389,548.250343203024,552.290125969318,553.149559514918,555.631544928514,589.87094552365,596.934834674204,596.934834674204,8.75620560438255,47.4176433917502,2.05415511644611,23.9231814655384,34.3484040600856
2004-10-08,197.869129232427,197.869129232427,197.869129232427,198.73536670055,198.806220846658,200.344139839431,203.664208032063,204.208018654929,204.918603772895,216.144280153984,216.144280153984,220.972801768061,220.972801768061,224.247376551647,224.247376551647,226.772334752541,226.772334752541,226.772334752541,226.988629334761,232.641704825239,232.641704825239,238.48856243515,238.48856243515,239.209570329965,239.42858567372,240.722980324405,240.722980324405,241.621069787092,241.793846341981,244.543834322281,292.130602367992,292.130602367992,293.51487078388,294.213480532485,295.622819620334,296.769060452599,296.769060452599,406.799982082418,406.799982082418,413.043249844623,414.495259426043,414.800158715528,415.438658789808,421.774959119352,424.245104708836,503.431746510925,510.602568077386,511.382227427083,511.709052596742,511.956043989563,513.599071167635,513.887400624442,514.270552647648,514.518406832509,514.518406832509,515.469706964792,515.469706964792,540.09548380859,540.09548380859,540.260057494097,541.424482909351,545.418749143495,546.673950959848,549.536430941656,583.801561580343,591.000273880316,591.000273880316,8.6296704904174,46.1824999336517,2.00605383828553,24.285486752909,33.8228576839406
2004-10-09,197.299592743849,197.299592743849,197.299592743849,198.061946513821,198.132432269085,199.063047466689,202.663636255205,203.269612955589,203.83603200177,214.619248250167,214.619248250167,219.201934374329,219.201934374329,222.396627612256,222.396627612256,224.672197690302,224.672197690302,224.672197690302,224.887693310616,230.397082396613,230.397082396613,235.913219542586,235.913219542586,236.435332569395,236.708472095438,237.850562480955,237.850562480955,238.768359925694,238.927894749394,241.85750342677,288.980046686088,288.980046686088,290.168812740931,290.971622497256,292.763015032867,294.126783767955,294.126783767955,412.31167388676,412.31167388676,418.797364452695,420.720017442553,420.874709503115,421.256145150498,433.675804731902,435.480719711667,518.951859007715,526.541861083044,526.379976655835,526.294225056397,526.158033194717,527.735380935398,527.308729857703,527.055458231281,526.781534491418,526.781534491418,527.703170448727,527.703170448727,551.54537382367,551.54537382367,551.351840938939,551.495011189649,555.415005904546,555.686287080933,557.638714937981,590.492710528077,597.296392370206,597.296392370206,8.55767634094594,46.0364366293339,2.39891621625016,24.3712080903869,33.3212365576407
2004-10-10,197.61072372253,197.61072372253,197.61072372253,198.318108307733,198.364941094051,198.883548732671,202.02938185075,202.422788697296,202.783266134377,213.472331733482,213.472331733482,217.866965511382,217.866965511382,220.736824238824,220.736824238824,222.593432755062,222.593432755062,222.593432755062,222.839180452568,228.217131281045,228.217131281045,233.176485147013,233.176485147013,233.675234707593,233.872968885581,234.834989485133,234.834989485133,235.598515143218,235.752062000281,238.654371896153,285.187480022032,285.187480022032,286.303509970435,286.964937174731,288.165740251077,289.209651240296,289.209651240296,406.35601166089,406.35601166089,412.691625130111,414.118562249646,414.360376831171,414.929801185977,424.395008968216,427.489218660714,512.19542802168,520.053846772898,520.735898584027,521.055090979697,521.269634665794,522.952129413164,523.186974912618,523.524250626547,523.646034637449,523.646034637449,524.649471124171,524.649471124171,548.933444871638,548.933444871638,549.025666070093,549.907246797,553.858337468502,554.944674658934,557.882642339363,590.963354679452,597.907279889131,597.907279889131,8.74497297668946,45.5173634520658,2.39222990441542,24.0857259018909,33.0686184674611
2004-10-11,197.844839185157,197.844839185157,197.844839185157,198.427105767511,198.470363486706,198.768843563188,201.676272306967,201.968048651798,202.205487830985,212.540311349009,212.540311349009,216.825057090592,216.825057090592,219.41891671984,219.41891671984,220.959461774594,220.959461774594,220.959461774594,221.163036610889,226.276192072945,226.276192072945,230.796595959346,230.796595959346,231.245194970726,231.435722012413,232.264339175179,232.264339175179,232.932952163516,233.071164373828,235.908374673538,281.819252768173,281.819252768173,282.846096671596,283.464887403647,284.478525148049,285.377705702215,285.377705702215,404.019984977468,404.019984977468,409.558207520871,410.769263855675,410.927634502718,411.419532189922,420.04319675262,422.992686345819,509.679788770709,517.173517882102,517.66328336872,517.85237367392,517.992704201641,519.627670664877,519.753718767827,519.99474522345,520.115184670636,520.115184670636,521.10662861003,521.10662861003,544.894080625842,544.894080625842,544.995949580078,545.981184822121,549.88389578545,550.998193127522,554.008458214133,586.840128647207,593.863900273804,593.863900273804,8.60115349150545,45.0058669075723,2.30142947457071,23.5978473951364,32.5286624054997
2004-10-12,198.55868753602,198.55868753602,198.55868753602,199.044447486392,199.081338369925,199.156195714201,201.892879073037,202.116345569631,202.252941025928,212.180258135177,212.180258135177,216.342659960325,216.342659960325,218.767914466554,218.767914466554,220.016446421938,220.016446421938,220.016446421938,220.224318563863,225.13875975669,225.13875975669,229.070987933359,229.070987933359,229.426555498806,229.614402532941,230.268490548699,230.268490548699,230.813664117567,230.936398710938,233.647617484206,278.957436552646,278.957436552646,279.884248091614,280.467466637718,281.363013951065,282.175552010759,282.175552010759,403.294935991922,403.294935991922,408.236405122198,409.291127382578,409.395071851194,409.831600991588,417.434447863586,420.250680550322,509.063860815427,516.275968532799,516.664326320098,516.801873731993,516.897356349622,518.490741949986,518.562663716464,518.75169586624,518.831321331004,518.831321331004,519.822998436065,519.822998436065,543.558189569736,543.558189569736,543.658161661425,544.558641404802,548.602126799872,549.617813436692,552.938127636184,585.877972549366,593.220158107907,593.220158107907,8.42887120629877,44.5372285543979,2.21383526331047,23.6271599103372,32.4589940370889
2004-10-13,199.599595471912,199.599595471912,199.599595471912,200.052934254342,200.085439532022,199.996544009193,202.644520991883,202.811047257231,202.857680299598,212.4723513478,212.4723513478,216.453292033449,216.453292033449,218.66777895266,218.66777895266,219.642525223451,219.642525223451,219.642525223451,219.827160833939,224.49956419326,224.49956419326,227.995264501457,227.995264501457,228.26223321674,228.45874254977,228.940666646703,228.940666646703,229.375054364612,229.479480287777,232.051609309925,276.858267945987,276.858267945987,277.663337951339,278.221104194286,278.973144855892,279.686923836455,279.686923836455,404.221406806976,404.221406806976,408.680783659142,409.591729000456,409.656703232823,410.048468612668,416.947489136648,419.571425452502,510.56549308302,517.55142563839,517.954707681104,518.201779918264,518.336813746045,520.000252457697,520.066383481215,520.249347312733,520.368275929524,520.368275929524,521.398748391948,521.398748391948,545.818035110065,545.818035110065,545.880353071732,546.66668614975,551.050603417344,552.101619936837,555.422864667852,588.150077734333,595.794606141147,595.794606141147,8.30658763397625,44.2057123854522,2.16378115246823,24.3845768813794,32.293763199484
2004-10-14,204.060651633856,204.060651633856,204.060651633856,204.702826378437,204.741442000399,204.056737928459,207.505091412072,207.844852859141,207.676754997989,218.348720863888,218.348720863888,222.225753942797,222.225753942797,224.24472685844,224.24472685844,224.208973437178,224.208973437178,224.208973437178,224.565309633756,229.603768307028,229.603768307028,231.271465156093,231.271465156093,231.018844338115,231.264525236131,231.158269671821,231.158269671821,231.420495624719,231.477147615867,234.194661771793,279.184957103089,279.184957103089,279.562590019869,280.29133966641,280.755056126552,281.090519953813,281.090519953813,414.384064569776,414.384064569776,418.889886200895,419.458019095996,419.498994077101,419.782692943476,427.338058445221,429.683148742573,527.297479880294,535.450233063855,535.624365092815,536.036133060126,536.172003164751,538.128676154951,537.968915383281,537.967608909666,538.07149889139,538.07149889139,539.31212231359,539.31212231359,564.246136636236,564.246136636236,564.132355070683,564.365742835905,569.549152393054,570.650925132062,574.393003932099,606.846862213135,614.838352390778,614.838352390778,9.76418335113774,45.0529770642596,2.75221718413483,25.3810798782631,32.929396789187
2004-10-15,211.796588022342,211.796588022342,211.796588022342,212.772146521044,212.800488598679,211.51517091677,215.562565381914,215.964391600579,215.458307401434,228.34679142808,228.34679142808,232.031181486535,232.031181486535,233.194010522308,233.194010522308,231.568983058569,231.568983058569,231.568983058569,231.882841765285,236.661068537815,236.661068537815,236.676088931779,236.676088931779,236.136978516603,236.378362163386,235.447235774839,235.447235774839,235.190905129238,235.195571027342,237.805785470802,283.051023984111,283.051023984111,282.996495025436,283.53444168341,283.608697038379,283.847524596864,283.847524596864,424.041431249378,424.041431249378,428.336560090227,429.032076040034,428.87807919754,429.065767467365,435.508961185143,437.47052626349,537.255627221658,544.898978004311,544.853512670411,544.829208076372,544.814194490962,546.862584998726,546.633654524022,546.559015368491,546.362476082075,546.362476082075,547.607505697247,547.607505697247,571.653977129729,571.653977129729,571.551708634615,572.220750726048,577.451427376287,578.302590497894,581.478632155425,613.520650130962,621.621790032833,621.621790032833,12.0772117231384,45.9234542341263,3.03563122901284,24.3644016124178,32.5010524665339
2004-10-16,216.190255713786,216.190255713786,216.190255713786,217.312748077223,217.358043274434,216.30841201889,220.445010811135,220.75033936838,220.315471767308,235.278605346627,235.278605346627,240.519428094138,240.519428094138,242.498909545162,242.498909545162,240.355452481708,240.355452481708,240.355452481708,240.651790292318,245.537804489113,245.537804489113,244.251562299392,244.251562299392,243.48319448183,243.798628672198,242.22244761922,242.22244761922,241.538300183763,241.480599899902,243.950892581498,290.418301981384,290.418301981384,289.812125805586,290.27118978137,289.640220041722,289.418743408935,289.418743408935,437.541731059073,437.541731059073,441.215128354222,441.805878211282,441.558530547701,441.659289700636,448.035621185881,449.561076444403,552.757903719289,559.878008035804,559.588684306721,559.510703609334,559.461479782694,561.616824382002,561.237616966376,561.026519573388,560.70016312617,560.70016312617,561.956929313709,561.956929313709,585.672364346212,585.672364346212,585.473195390984,585.853900093622,591.108650360545,591.814808938289,594.816526327909,626.259980106441,634.491753558022,634.491753558022,13.5157552430239,47.9499482097491,3.18225290030704,24.2664186451939,32.2504188734979
2004-10-17,220.248314219472,220.248314219472,220.248314219472,221.493702359304,221.554842246662,220.703693397619,225.174206794143,225.47187702644,225.047080847006,241.390982731296,241.390982731296,247.629346050238,247.629346050238,250.863063992217,250.863063992217,248.993899663223,248.993899663223,248.993899663223,249.265186650366,254.454688140777,254.454688140777,252.710758909965,252.710758909965,251.805650353317,252.158902856493,250.178498038331,250.178498038331,249.199330014427,249.102867827786,251.386561826997,300.567423881728,300.567423881728,299.419308170847,299.699672515619,298.324796583113,297.682010161701,297.682010161701,454.92667685564,454.92667685564,457.524633196367,457.799854343578,457.452832973032,457.463725367806,462.862763006379,464.001502089693,570.810396040106,577.60052951608,577.037652411602,576.710465385974,576.50559034259,578.656739268748,578.121986243381,577.767058381935,577.322850080809,577.322850080809,578.534729186113,578.534729186113,601.840542631197,601.840542631197,601.574742607606,601.802198923583,606.94421639995,607.312773030122,610.023263268493,640.964866697529,649.307632915938,649.307632915938,14.5291104824992,51.4083223128705,3.23953197399657,24.0292221706491,31.9490179155782
2004-10-18,226.900933737136,226.900933737136,226.900933737136,228.687747694309,228.770156122198,227.890981659791,233.987859801222,234.461566409881,233.748670885098,252.605814926749,252.605814926749,259.259581462626,259.259581462626,264.025410787489,264.025410787489,261.632610699465,261.632610699465,261.632610699465,261.955605799825,267.370594201297,267.370594201297,264.725840714184,264.725840714184,263.484273897478,263.993283629842,261.474677588507,261.474677588507,260.24630615948,260.096958688066,262.400194278939,317.519222577656,317.519222577656,315.503406008798,315.802625619419,313.962645427859,313.023645204256,313.023645204256,491.676419129305,491.676419129305,493.998985316937,493.832295628262,493.375188213601,493.11841576262,501.033296260494,501.481758236313,613.882563218314,621.488137260783,620.042063377338,619.545039773198,620.483521550618,633.952729731971,632.391561495347,631.843316610122,630.552135135487,630.552135135487,631.760838064813,631.760838064813,707.16537732233,707.16537732233,705.413963813031,701.251514770305,707.912852265787,704.190552137544,702.950604310936,728.931722969718,736.291235132522,736.291235132522,16.7004699029153,58.602568855986,3.67172558723488,79.7085724016656,31.7473503479532
2004-10-19,240.074979073634,240.074979073634,240.074979073634,243.182073730126,243.273981784049,241.95296911948,251.707711330228,253.620352064796,252.366948071951,274.010679931612,274.010679931612,279.637887746324,279.637887746324,284.441766054416,284.441766054416,280.414874367196,280.414874367196,280.414874367196,280.720037221486,285.613349292777,285.613349292777,281.048470946876,281.048470946876,279.380609301607,280.009739193672,276.480021752888,276.480021752888,274.672770069161,274.44946097109,276.610838546277,341.855069113547,341.855069113547,338.65273433314,338.646341836094,335.281021057559,333.426231161821,333.426231161821,530.809198934991,530.809198934991,532.290531603877,531.922575286583,531.260809097733,530.900573736919,537.981261535066,538.439858984051,654.355377111679,663.866953962359,662.332758356038,661.638889936279,662.388676535375,677.006514915481,675.725949350945,675.357175406837,674.272831701643,674.272831701643,675.460679738116,675.460679738116,776.777926652302,776.777926652302,775.621308375184,773.163844314395,781.109705874073,778.502299430029,778.099479745872,804.900838367532,814.0114281427,814.0114281427,19.5172576110583,70.4295944239341,4.04151970346605,104.166708713877,31.6617164586908
2004-10-20,248.583332822026,248.583332822026,248.583332822026,252.129125221658,252.282180985879,251.686201248041,260.062296252823,261.175152598519,260.404226688836,284.844343575798,284.844343575798,292.810136705471,292.810136705471,300.207888357481,300.207888357481,297.251428126198,297.251428126198,297.251428126198,297.510698857071,302.605021573514,302.605021573514,298.491191924117,298.491191924117,296.767820530113,297.569600747863,293.534099108593,293.534099108593,291.33587635438,291.060995578942,293.024742654547,373.350847976322,373.350847976322,369.068924338046,368.766895613432,364.009791564224,361.275263947567,361.275263947567,583.02458759277,583.02458759277,582.710857409775,581.710453483757,580.675796208004,580.007260064189,585.135984138591,584.742165701851,702.337056563914,712.343779466649,710.498923607468,709.639223432241,710.155639791354,722.556148608663,721.223409019519,720.758742738656,719.649762888763,719.649762888763,720.794623357325,720.794623357325,821.826412327321,821.826412327321,821.118009283563,820.013908738982,829.038008314865,827.8256689035,828.77545478346,857.232345944375,868.889956315177,868.889956315177,20.5724672961891,86.9903145624779,4.06004642812948,102.826394776771,31.6963887048193
2004-10-21,255.979913067155,255.979913067155,255.979913067155,259.126578367446,259.314613017096,258.986025401826,266.598746289717,267.362664928291,266.681945718759,291.560557548316,291.560557548316,300.233629411775,300.233629411775,309.094114206197,309.094114206197,308.047096242531,308.047096242531,308.047096242531,308.33236925723,314.300812264094,314.300812264094,312.312528368793,312.312528368793,310.933306196447,311.784724802871,308.316504993124,308.316504993124,306.377799556294,306.138391190104,308.12059309862,405.935490981584,405.935490981584,401.451118536784,400.968289223545,395.632741940276,392.514493659058,392.514493659058,643.366812388749,643.366812388749,641.826259663632,640.443764719187,639.228319468489,638.379194334973,642.345677676586,641.251276776751,761.173608672977,771.253126689304,769.020998460579,767.988611521272,768.262751362874,778.631496296274,777.096505324978,776.417400898778,775.155226195717,775.155226195717,776.294509829263,776.294509829263,866.710193680438,866.710193680438,866.025241989619,865.04655998788,875.008454707944,874.068420582648,875.254652489229,904.258967086202,917.887944574259,917.887944574259,20.6673698208592,104.567492526008,3.91831018446674,92.1277926193254,31.8479639119207
2004-10-22,262.56416084,262.56416084,262.56416084,265.419240042096,265.635984313643,265.327895413583,272.538935526138,273.160962405874,272.541329229202,296.950874351495,296.950874351495,305.582745898023,305.582745898023,314.544011771896,314.544011771896,314.864651178698,314.864651178698,314.864651178698,315.167074798524,321.807664969704,321.807664969704,322.191911785172,322.191911785172,321.280197866968,322.202677202655,319.66506704385,319.66506704385,318.219609597942,318.049794983825,320.15406712294,433.798249397999,433.798249397999,430.089292665114,429.757355583442,424.972985173293,422.120498269897,422.120498269897,709.248043793138,709.248043793138,707.071938826646,705.461209229746,704.155042249894,703.209880113847,706.402515975344,704.883331791457,827.664617518566,837.568789500564,835.026970822816,833.798957752767,833.810742769156,842.679027047819,840.903499514492,839.955022733503,838.494727798444,838.494727798444,839.587590483618,839.587590483618,917.70061650541,917.70061650541,916.932347333444,915.707987875401,926.389029180369,925.169969827152,926.16742821111,955.253101018501,969.989450049483,969.989450049483,20.3637419512099,119.199881380456,3.73823106859175,80.0579056273285,32.1043053844957
2004-10-23,267.466976627161,267.466976627161,267.466976627161,270.242969378799,270.488561296747,270.412872572012,277.353788237339,277.942462042031,277.4582118463,301.189083099325,301.189083099325,309.593672251873,309.593672251873,318.105592366704,318.105592366704,319.198898367443,319.198898367443,319.198898367443,319.507986321415,326.491160672768,326.491160672768,328.660020108986,328.660020108986,328.170596162078,329.126585216657,327.498006508323,327.498006508323,326.56072514386,326.46428189106,328.70207508482,453.143913669518,453.143913669518,450.782130765685,450.76982100054,447.2899934945,445.207470047372,445.207470047372,772.6195833146,772.6195833146,770.694944802994,769.173680030121,767.936831557218,767.05586038744,770.045506653778,768.604540979492,894.900035033003,904.67019043185,902.174700833979,900.961287761842,900.86688923937,908.680571461561,906.900287719535,905.91821776565,904.427382851017,904.427382851017,905.484013454434,905.484013454434,973.114548239184,973.114548239184,972.292377990428,970.891786861169,982.01151882971,980.620752149728,981.442835908106,1010.67962175608,1025.76030575216,1025.76030575216,19.8381625129264,128.143624662131,3.55327689763249,69.696339198452,32.4468103341086
2004-10-24,270.280234182141,270.280234182141,270.280234182141,273.080916740316,273.352290950692,273.742152704607,280.486079193617,281.103118350974,280.835225917847,303.900739135133,303.900739135133,312.142511867877,312.142511867877,320.150717809729,320.150717809729,321.757990194618,321.757990194618,321.757990194618,322.066521906925,329.1934519521,329.1934519521,332.819804977933,332.819804977933,332.712900810662,333.794665706975,332.79512721965,332.79512721965,332.233547279431,332.191577894434,334.504431212066,463.664137802534,463.664137802534,462.691247350037,463.021008654154,461.027779410713,459.871070119155,459.871070119155,826.800550296451,826.800550296451,825.792527464844,824.6119106938,823.574948536073,822.889988685666,826.158240546091,825.248480627359,955.615575290635,965.450388010382,963.295034200911,962.243417494101,962.161661511487,969.202587545085,967.610720824481,966.784280041623,965.439514590626,965.439514590626,966.469550535328,966.469550535328,1026.0071529981,1026.0071529981,1025.2390328714,1023.97293303057,1035.24739213402,1034.00349688127,1034.9337293902,1064.72781790338,1079.67506253065,1079.67506253065,19.1858012872852,131.057525574876,3.37465410139557,61.4662389708488,32.8573707325147
2004-10-25,354.553899063445,354.553899063445,354.553899063445,371.792241456138,373.276734676436,361.786962682242,420.778630106709,432.00783807058,428.939697952216,496.473991039305,496.473991039305,511.039409838991,511.039409838991,524.633098378173,524.633098378173,499.814612412635,499.814612412635,499.814612412635,504.643819451302,515.147702016372,515.147702016372,508.129762586822,508.129762586822,494.116734690056,497.826363018096,479.2517731479,479.2517731479,473.181644566301,472.052991609096,499.47561857764,686.412378607238,686.412378607238,664.731547258986,664.051262184468,647.092323320956,638.015553585188,638.015553585188,1141.67997388127,1141.67997388127,1201.11235023148,1232.57156106612,1247.00241933671,1244.28971161718,1351.46775065669,1368.35038834825,1648.65249116992,1794.89258401532,1790.94149863497,1790.61546424092,1794.67583873786,1833.97614495367,1819.00251923232,1810.23405050589,1805.58292638564,1805.58292638564,1806.36357961451,1806.36357961451,2001.12945842827,2001.12945842827,1988.92133766896,1953.60329557222,1973.51645258808,1939.14995533824,1910.07669293632,1905.14785556939,1907.33126649583,1907.33126649583,65.1797943817056,216.244853837265,63.23026179523,224.637559597373,35.8366950576479
2004-10-26,436.940358276498,436.940358276498,436.940358276498,450.217723812897,452.501706989461,440.420727962175,505.471812644562,506.748675172238,500.271914691138,605.573570236247,605.573570236247,634.173148740636,634.173148740636,668.127355425502,668.127355425502,646.489859067088,646.489859067088,646.489859067088,649.786811078191,669.980389562389,669.980389562389,651.857707942965,651.857707942965,639.116873001827,642.584861043644,616.600145624537,616.600145624537,604.350469451425,603.39200278522,636.637501170411,940.601356945163,940.601356945163,914.74550140444,909.901192751513,880.520843055758,862.617392513324,862.617392513324,1399.27815156246,1399.27815156246,1434.40267554944,1446.10940002247,1446.07513894447,1445.76077590202,1524.52319104599,1548.44606309421,1808.6896906893,1940.55638930141,1939.41790447609,1939.15862576008,1943.14141978734,1982.46861258987,1981.26945930623,1983.32407690254,1980.57913488315,1980.57913488315,1982.1505030516,1982.1505030516,2231.92347860819,2231.92347860819,2229.42018277657,2222.1873895626,2249.24452677235,2241.13596992391,2235.12825632237,2256.68670093065,2269.76422949962,2269.76422949962,86.2616464299664,342.133606869982,36.7598273625614,255.863916827971,36.7258220817953
2004-10-27,472.889714978016,472.889714978016,472.889714978016,482.99956455993,485.099161570006,479.823167395297,528.714859243057,529.751633939789,527.411372012569,630.478152994908,630.478152994908,664.484182726931,664.484182726931,705.231654191576,705.231654191576,704.636352536431,704.636352536431,704.636352536431,705.695863068803,733.154299734001,733.154299734001,738.126708915413,738.126708915413,729.947277805757,732.923956799767,715.510670472726,715.510670472726,706.407518875407,705.877327270872,735.654480971565,1147.6070019947,1147.6070019947,1128.37683074089,1125.09235108906,1099.91548818869,1083.65909370866,1083.65909370866,1716.77775509631,1716.77775509631,1733.90811675259,1738.74213921273,1736.62499187291,1735.20323942933,1806.8970581569,1831.67514758128,2104.3309241057,2278.90519312788,2277.49887622849,2277.43405013985,2286.43835233339,2343.82045484171,2342.57063356404,2354.62416922707,2370.78165236964,2370.78165236964,2372.51085765371,2372.51085765371,2871.90212120481,2871.90212120481,2872.30019622221,2855.21649948249,2965.27165409085,2946.68958403733,2933.13179071113,2946.2800746239,2977.32259158197,2977.32259158197,78.1831938100058,440.114429489648,24.1773035255981,514.278959000687,39.1112338728474
2004-10-28,500.803487165607,500.803487165607,500.803487165607,510.533468909748,512.488000841275,510.401146602575,550.180345797007,551.654787343916,550.210435815999,643.706047343383,643.706047343383,679.693797293948,679.693797293948,719.298602868729,719.298602868729,728.625799788127,728.625799788127,728.625799788127,729.938486464853,759.331470629294,759.331470629294,784.193815994849,784.193815994849,781.059857951556,784.32131278676,777.759870643205,777.759870643205,773.243897358614,773.285454225138,800.930283226441,1323.59201598165,1323.59201598165,1310.67352222741,1311.05561163261,1292.22578319032,1279.72244725269,1279.72244725269,2113.01723368581,2113.01723368581,2125.01885018971,2125.89591995326,2122.8532994273,2120.45489582734,2199.52699567152,2252.00335807073,2533.42471960115,2711.1469701394,2705.58531788776,2703.15270073401,2704.53117432285,2756.16396678833,2752.64116870613,2758.05668007964,2752.94414163029,2752.94414163029,2755.0023126123,2755.0023126123,3306.43764056723,3306.43764056723,3306.86880203952,3297.24206763786,3449.6149936469,3439.18688794255,3435.00294468282,3459.55152511078,3538.46141775718,3538.46141775718,69.9457465648216,543.64560058407,21.0658138466033,561.22391578007,42.8425691919053
2004-10-29,512.616742568577,512.616742568577,512.616742568577,522.893440002687,524.745275114696,526.299308994834,559.833434717699,561.907521538233,561.642843441941,645.448156318129,645.448156318129,681.473486195259,681.473486195259,719.568374712165,719.568374712165,733.608990710851,733.608990710851,733.608990710851,735.062991559549,763.789341768092,763.789341768092,799.607825062467,799.607825062467,799.713762503755,803.535473490888,802.835529866595,802.835529866595,801.98640642225,802.527057735217,828.243657340036,1398.89365484764,1398.89365484764,1396.65135583277,1399.5755094877,1392.25902555507,1387.71805982153,1387.71805982153,2491.76254540632,2491.76254540632,2508.28435770343,2509.97204341411,2508.43051589576,2506.96757276632,2593.30024169003,2640.31605333406,2967.30867304127,3140.26118018697,3136.10416984597,3133.96903040126,3135.19174837808,3191.18738607111,3187.77724103374,3193.65093197315,3188.81174055267,3188.81174055267,3191.19755230723,3191.19755230723,3727.98243359837,3727.98243359837,3727.24615176635,3719.51553852864,3871.07491858108,3864.00495933177,3869.55083498114,3902.0332580576,4022.50011746912,4022.50011746912,62.2375307864914,577.783811353183,23.5616875338195,545.834734140368,47.4019641778514
2004-10-30,510.389761671231,510.389761671231,510.389761671231,520.558681431151,522.274971976867,527.044698298131,554.975500992417,557.232841251671,558.24480981476,632.268257394276,632.268257394276,664.292724950192,664.292724950192,699.235089836042,699.235089836042,715.851887881337,715.851887881337,715.851887881337,717.202804342304,745.144122024612,745.144122024612,784.101366117,784.101366117,786.235495771121,789.630676045026,793.101338775999,793.101338775999,795.501249459053,796.462582218352,820.304223144761,1369.91944529305,1369.91944529305,1377.50368946094,1382.53892004853,1385.61132584627,1386.83221113075,1386.83221113075,2705.82922885574,2705.82922885574,2728.4088497202,2731.05215262372,2730.11493177922,2730.68295119077,2799.41056810114,2849.94794321289,3159.76021072753,3309.67053167179,3311.87102485402,3312.56849885687,3314.94976911997,3364.81543037342,3363.11374827198,3370.17546554904,3368.19297829519,3368.19297829519,3370.76429837348,3370.76429837348,3834.24309150845,3834.24309150845,3835.50556461933,3836.80125504523,3970.59028123952,3972.21178466327,3997.21743672803,4045.20709560254,4185.28416541903,4185.28416541903,54.0271645511313,543.819758719332,23.2193262000725,465.774517544412,52.7790493805022
2004-10-31,501.536294198457,501.536294198457,501.536294198457,511.487687373845,513.062329370264,519.58903470789,544.152120714752,546.559545962102,548.253392491787,614.466945919082,614.466945919082,647.164014241005,647.164014241005,678.966246810082,678.966246810082,696.176452865709,696.176452865709,696.176452865709,697.702778039526,724.948574049396,724.948574049396,766.700309374369,766.700309374369,769.445409769118,772.734864043047,779.350090215818,779.350090215818,783.137196281329,784.25017107288,808.371555090623,1307.17471730622,1307.17471730622,1319.38320310344,1326.61427573647,1336.57915662944,1343.97546910566,1343.97546910566,2870.15617366763,2870.15617366763,2913.48579305213,2919.8399092484,2922.7458346271,2925.29764164303,3030.31694403672,3112.81971326459,3459.54749808776,3638.48696627679,3644.51486910833,3650.07360342483,3660.14687190565,3725.65012388775,3728.84869014929,3736.16796180817,3740.46030188827,3740.46030188827,3744.06271155949,3744.06271155949,4135.97279791586,4135.97279791586,4135.05292422911,4133.16253808489,4253.66976306687,4253.4030823956,4296.9548402461,4354.83309223157,4491.69816984668,4491.69816984668,47.912323144211,487.504792461586,45.9729261841424,397.927949511408,67.8060894285487
2004-11-01,489.89079997075,489.89079997075,489.89079997075,499.47187649733,500.924267045609,508.27644799129,530.322956037918,532.80962844186,534.869091219673,594.687041487353,594.687041487353,624.464665482876,624.464665482876,653.367270815278,653.367270815278,670.639093551524,670.639093551524,670.639093551524,672.066786181597,698.120101787663,698.120101787663,738.871534091542,738.871534091542,742.35385504946,745.341307730411,752.332883666602,752.332883666602,756.892579969173,758.127338915524,780.93430037638,1218.28101075386,1218.28101075386,1233.10333974955,1240.86341487503,1252.92308253552,1260.10271321564,1260.10271321564,2842.502100118,2842.502100118,2888.19489550042,2896.54886329851,2898.93417840009,2903.47525432664,2987.0277494364,3059.2213616365,3404.56065193261,3565.61817202825,3575.59280240387,3579.93966586595,3584.49088872068,3643.09261704038,3645.65846761676,3655.57634917072,3657.22305413526,3657.22305413526,3661.6812503439,3661.6812503439,3992.08715967776,3992.08715967776,3994.63416791634,4005.66869366699,4110.54378991425,4122.62071440314,4194.55405680122,4283.45670114675,4414.61973358591,4414.61973358591,43.2521668553759,423.219846148119,39.878369460495,327.37243663799,86.4256150680907
2004-11-02,475.227249597547,475.227249597547,475.227249597547,484.352552131183,485.694164085131,493.652751025478,513.599876530462,516.114663286463,518.441072815172,573.01185193474,573.01185193474,600.902901385458,600.902901385458,626.672521805989,626.672521805989,643.197991739618,643.197991739618,643.197991739618,644.430808006992,669.069490020158,669.069490020158,708.223682067627,708.223682067627,711.960929487578,714.71403434808,723.13744091864,723.13744091864,728.076224256871,729.331789857113,750.856841305168,1131.46676961993,1131.46676961993,1146.84221601829,1155.12060104742,1168.93513107339,1180.3101829632,1180.3101829632,2858.98054421322,2858.98054421322,2918.82978725693,2930.02030614708,2934.21541748569,2940.31307207371,3040.9216370592,3118.72246633453,3481.26012571224,3648.28730420334,3656.81842651491,3660.78920489583,3666.41513872301,3728.90696981439,3731.19627174295,3741.20653357156,3741.75397623957,3741.75397623957,3746.86401163643,3746.86401163643,4057.99592957635,4057.99592957635,4058.74659053111,4067.317852415,4171.36655227433,4181.06411346665,4257.28544120719,4364.32321065499,4484.22833247764,4484.22833247764,39.3714451851851,366.210076163236,39.222236605979,312.255520777194,109.235828547091
2004-11-03,459.004036217999,459.004036217999,459.004036217999,467.653548369948,468.897840388562,477.13900804557,495.478520316374,498.049893208827,500.535519509781,550.798984810078,550.798984810078,576.76325481818,576.76325481818,600.025004295447,600.025004295447,615.717582377116,615.717582377116,615.717582377116,616.806704819927,639.993395962106,639.993395962106,676.839499957766,676.839499957766,680.614650326166,683.075261953346,691.10011299244,691.10011299244,696.248059843288,697.50657749002,717.553858592229,1047.21461413895,1047.21461413895,1062.35152200421,1070.38873032361,1083.46659350668,1091.20026463949,1091.20026463949,2788.94093683192,2788.94093683192,2847.27279612954,2857.57326305597,2861.49072856387,2868.1122335542,2981.63283899641,3090.33545678389,3431.4434657063,3606.46998966191,3617.86840194958,3623.99444076389,3631.81324956373,3697.26731309713,3700.38943268507,3712.28464923681,3713.81424013481,3713.81424013481,3719.79969320773,3719.79969320773,4081.79220264338,4081.79220264338,4085.36854872445,4097.38835117863,4208.95282707058,4221.17353010423,4296.32151026396,4425.03658681979,4538.06041813642,4538.06041813642,36.2159922684976,315.75424651178,37.4566813829404,362.246333886263,130.489990558957
2004-11-04,441.971947969421,441.971947969421,441.971947969421,450.180073221845,451.340214358471,459.691069024169,476.793240212011,479.344582987272,481.917889276328,528.654017644966,528.654017644966,552.937237035355,552.937237035355,574.209109904074,574.209109904074,589.027801340117,589.027801340117,589.027801340117,590.006814703126,612.00145346507,612.00145346507,646.803716853339,646.803716853339,650.483375961858,652.775945085256,662.068754204349,662.068754204349,667.181091003258,668.394908709869,687.387528709322,976.962110637636,976.962110637636,991.589086465846,1000.14032800053,1013.45245905446,1023.41505960172,1023.41505960172,2818.35616601111,2818.35616601111,2900.96926594535,2917.26305405885,2924.66313981734,2932.41848513055,3056.62932505785,3160.90473734439,3530.34301892649,3752.81985835168,3763.13917202374,3769.4615560703,3779.68116322278,3869.17101583435,3869.77601115879,3880.46646425271,3879.61496875914,3879.61496875914,3885.70771054047,3885.70771054047,4402.49989865517,4402.49989865517,4404.09068004137,4409.94526520568,4596.20133651171,4599.58677776696,4659.28428573129,4795.08455705532,4960.09594566025,4960.09594566025,33.630691389389,276.789056896711,52.5131507546625,523.224183645386,147.497826095915
2004-11-05,424.521043898153,424.521043898153,424.521043898153,432.293856106605,433.377704166993,441.746004610981,457.837106618836,460.36288080303,462.987883045691,506.792193075029,506.792193075029,529.615170817995,529.615170817995,549.216608464825,549.216608464825,563.25746547263,563.25746547263,563.25746547263,564.151115129891,585.049393128591,585.049393128591,617.756345410538,617.756345410538,621.361088074605,623.413569332738,631.230927777244,631.230927777244,636.389357471887,637.59579454761,655.459737924464,909.762764718096,909.762764718096,923.789886042736,931.888866911741,943.621425346302,950.572549517008,950.572549517008,2622.56897592784,2622.56897592784,2700.79409764731,2714.57924271261,2720.57320226442,2729.96677790237,2831.01495777572,2932.55677780587,3270.65826937278,3480.1135974862,3497.83051556529,3505.94787362544,3514.62514658293,3587.14462325396,3593.12077012232,3607.13606680376,3611.70305650977,3611.70305650977,3617.81482047806,3617.81482047806,4093.24383106969,4093.24383106969,4098.9716503427,4121.08803905003,4298.69575471385,4320.22914491515,4389.19917765439,4556.11632327026,4750.79961622776,4750.79961622776,31.4905935354611,242.392022008011,39.6489407041898,468.92443688745,159.388556225577
2004-11-06,407.089442620138,407.089442620138,407.089442620138,414.435548759486,415.448665788666,423.730052189608,438.973729670474,441.461755454395,444.103431336125,485.442821980216,485.442821980216,506.992723922823,506.992723922823,525.194645872943,525.194645872943,538.521549936591,538.521549936591,538.521549936591,539.345080580389,559.297095626582,559.297095626582,590.108930649984,590.108930649984,593.564310027807,595.430880510419,602.819653585096,602.819653585096,607.756490283142,608.905231105226,625.583867473122,850.522198230729,850.522198230729,863.551599328125,871.242249851684,881.957412935077,888.305660167913,888.305660167913,2427.0034067422,2427.0034067422,2494.39386590761,2505.77331864367,2510.83319560941,2519.34430179077,2603.11697842856,2691.72685021071,3016.45626861579,3197.98698139681,3215.76407959027,3224.03126041771,3231.64794369452,3290.82469357324,3296.83682564507,3309.36818892041,3314.35821961887,3314.35821961887,3320.13456220497,3320.13456220497,3712.6977866823,3712.6977866823,3718.35956998651,3742.82997128002,3890.63946068389,3915.85440214483,3981.74648208435,4160.60586995737,4345.74370021385,4345.74370021385,29.6742921515214,214.188618679168,33.1258815010235,384.33188641085,166.04260223547
2004-11-07,389.960121658488,389.960121658488,389.960121658488,396.898780452164,397.845745110331,405.971510298528,420.485507903817,422.918615807505,425.545568817964,464.699692046282,464.699692046282,485.134272631741,485.134272631741,502.140507146624,502.140507146624,514.847207925065,514.847207925065,514.847207925065,515.609765274678,534.750829351361,534.750829351361,563.854607457881,563.854607457881,567.170397079053,568.874771646827,575.894763423468,575.894763423468,580.68327451088,581.783111504923,597.387470168177,798.26683397493,798.26683397493,810.30115344659,817.563422187484,827.397943218921,833.317261952326,833.317261952326,2239.95101279326,2239.95101279326,2298.99674198152,2308.93482565394,2313.28046412026,2320.89608257837,2391.74529553578,2467.29395188092,2779.69343548224,2935.74269300634,2952.70988410975,2960.52069523726,2967.08988220756,3016.30151703629,3021.84076541587,3032.74676408983,3037.48649648775,3037.48649648775,3042.8698679001,3042.8698679001,3361.06527696575,3361.06527696575,3366.04491373714,3389.63228830617,3510.58985009605,3535.36481233271,3594.98998541239,3776.09856975284,3938.14176959903,3938.14176959903,28.1039474496423,191.152885247889,29.4817910232712,310.292373662075,168.202239303111
2004-11-08,373.277688166316,373.277688166316,373.277688166316,379.833216668033,380.721103868007,388.652852962912,402.529436050863,404.899933478325,407.492122180728,444.702734321361,444.702734321361,464.135324965131,464.135324965131,480.0871729482,480.0871729482,492.183572146305,492.183572146305,492.183572146305,492.890535439924,511.332110591417,511.332110591417,538.935507133957,538.935507133957,542.119440061636,543.683782097396,550.382506335843,550.382506335843,555.03417426127,556.087722346954,570.734967908816,751.799192859133,751.799192859133,762.939601807874,769.802835041303,778.874748438963,784.39022139872,784.39022139872,2067.2209775012,2067.2209775012,2119.80216189137,2128.73335969755,2132.54006725619,2139.36467995147,2200.73634366438,2265.01363851863,2565.7239982666,2700.91462415341,2716.88198516995,2724.15795331836,2729.83997022203,2771.73767283752,2776.74226167071,2786.23155808697,2790.58475088812,2790.58475088812,2795.59710624842,2795.59710624842,3056.64915349993,3056.64915349993,3060.91844076531,3082.82238899765,3183.29692476197,3206.6457532963,3260.00516582871,3438.74572939856,3577.29154769664,3577.29154769664,26.7344591991636,172.197212618567,27.0804062395357,253.940732078051,166.987197954906
2004-11-09,357.132941982077,357.132941982077,357.132941982077,363.331841128038,364.166120916182,371.884597788007,385.198464448341,387.503168194712,390.048130669174,425.536115576244,425.536115576244,444.060821079456,444.060821079456,459.073104803694,459.073104803694,470.613631022314,470.613631022314,470.613631022314,471.272052080853,489.087691486483,489.087691486483,515.289026294383,515.289026294383,518.347935489045,519.794000718367,526.165117633949,526.165117633949,530.679141542408,531.68832960943,545.483992140095,710.052946662082,710.052946662082,720.41266910023,726.915814174959,735.33949849722,740.488613002674,740.488613002674,1910.92547459958,1910.92547459958,1958.27374805572,1966.39887083947,1969.77734352722,1975.91792752164,2030.12740082687,2085.15446280709,2374.88977182687,2493.41464591778,2508.3718030347,2515.12753206032,2520.07879745913,2556.50004525371,2561.00531686737,2569.30858096025,2573.26250882934,2573.26250882934,2577.94895969707,2577.94895969707,2796.7058302217,2796.7058302217,2800.36945446187,2820.51975193122,2905.70916676513,2927.50896847752,2975.35447344632,3149.29083567758,3267.81482870974,3267.81482870974,25.5401957498335,156.410046363239,25.3258123441113,212.456020205583,163.48641925576
2004-11-10,341.599852293821,341.599852293821,341.599852293821,347.469164681101,348.255264223139,355.749508171526,368.559950737127,370.802504437117,373.290701286192,407.246983992712,407.246983992712,424.942247657172,424.942247657172,439.113871756649,439.113871756649,450.136460753992,450.136460753992,450.136460753992,450.753891329904,467.98337391864,467.98337391864,492.914612459603,492.914612459603,495.846068966889,497.187504616658,503.255282620268,503.255282620268,507.62493594032,508.591685234897,521.617690653522,672.25335578364,672.25335578364,681.925904741559,688.102377381029,695.970117470176,700.798762205594,700.798762205594,1771.03530380976,1771.03530380976,1814.01348803835,1821.47486439782,1824.48906868933,1830.0393854537,1878.6485740026,1926.21153006798,2205.37552023103,2310.50949133732,2324.50158697332,2330.77006549038,2335.11705713481,2367.3095840654,2371.35877195358,2378.67644758181,2382.25618320774,2382.25618320774,2386.66236163941,2386.66236163941,2573.94048702148,2573.94048702148,2577.10911829706,2595.64971891864,2669.29841743227,2689.66272698361,2732.80487671871,2900.65877224549,3003.0324738238,3003.0324738238,24.4906393356703,143.085231832364,23.9335124515424,181.68941870167,158.572607594643
2004-11-11,326.724195191434,326.724195191434,326.724195191434,332.290018911276,333.033376058736,340.30015902536,352.659424701796,354.832610674839,357.258439229356,389.852518056537,389.852518056537,406.792917713888,406.792917713888,420.206643486896,420.206643486896,430.742262406743,430.742262406743,430.742262406743,431.324210415793,448.015788677688,448.015788677688,471.773767719567,471.773767719567,474.579500705696,475.826765416951,481.613121124924,481.613121124924,485.846798704197,486.77915617491,499.120802277577,637.84438178396,637.84438178396,646.903778511216,652.764524218145,660.146418349176,664.694068648969,664.694068648969,1646.31226549335,1646.31226549335,1685.61805612084,1692.5195688944,1695.22794443426,1700.27479167457,1744.43231214873,1786.01155059962,2055.15760994526,2149.47674622848,2162.57027288962,2168.3979325864,2172.24067873593,2201.07868562179,2204.72413385268,2211.21693045376,2214.45775003014,2214.45775003014,2218.62326771691,2218.62326771691,2382.01474353195,2382.01474353195,2384.77933007237,2401.87523568055,2466.61703257334,2485.69099217698,2524.84435292385,2685.98140613712,2775.49740250835,2775.49740250835,23.5707146487469,131.696874645375,22.7967032604171,158.419262648709,152.86835413934
2004-11-12,312.520252259491,312.520252259491,312.520252259491,317.808779758015,318.515091180319,325.550666570317,337.499851687834,339.607913231108,341.967232822124,373.382794530658,373.382794530658,389.615588898389,389.615588898389,402.339538869435,402.339538869435,412.411846346286,412.411846346286,412.411846346286,412.961392631248,429.150918873314,429.150918873314,451.813210732539,451.813210732539,454.496401624787,455.659191441341,461.180839954538,461.180839954538,465.271130659576,466.167152929346,477.878197643898,606.302673473737,606.302673473737,614.819667472435,620.393282774999,627.345008909839,631.644644357672,631.644644357672,1535.06811796026,1535.06811796026,1571.23221144578,1577.64973928327,1580.097843312,1584.71205837102,1625.17221537284,1661.93795698923,1921.39951590578,2006.91591572657,2019.19648473555,2024.63122224663,2028.05546494071,2054.16777823222,2057.46511799104,2063.26955728806,2066.2142320359,2066.2142320359,2070.17224332991,2070.17224332991,2215.03629890834,2215.03629890834,2217.47545656918,2233.31198729612,2291.00350126696,2308.9502582154,2344.73446092566,2498.94718154423,2578.19791352032,2578.19791352032,22.8054115435081,121.851921918633,21.8480179488034,140.406109611691,146.793946343479
2004-11-13,298.968004633714,298.968004633714,298.968004633714,303.997864483821,304.669741168277,311.478852648733,323.051958542095,325.094241740169,327.387395301724,357.715027078789,357.715027078789,373.302003333372,373.302003333372,385.407481084163,385.407481084163,395.056571340837,395.056571340837,395.056571340837,395.576169223162,411.300713190897,411.300713190897,432.938721371917,432.938721371917,435.504958718435,436.588647561292,441.857700038542,441.857700038542,445.80919083915,446.668989734117,457.792523517127,577.229819965376,577.229819965376,585.272086405592,590.571067402832,597.151455317908,601.225512879053,601.225512879053,1435.48399702754,1435.48399702754,1468.89470321861,1474.88080790567,1477.10572607923,1481.35306432024,1518.73480175402,1551.57270880852,1801.84957297103,1880.13491665082,1891.66984142303,1896.74864998099,1899.82145326599,1923.673643706,1926.66546201461,1931.89185021348,1934.57541145353,1934.57541145353,1938.35267372524,1938.35267372524,2068.50447444727,2068.50447444727,2070.67514165649,2085.40964558715,2137.3860549036,2154.34370949559,2187.26476297086,2334.59005941581,2405.52322889857,2405.52322889857,22.0862125494186,113.249013213079,21.0306515673757,126.128512599639,140.62308669828
2004-11-14,286.032956056596,286.032956056596,286.032956056596,290.815600908011,291.454426561992,298.037438040064,309.255486724167,311.232483880252,313.46313320407,342.77874680574,342.77874680574,357.752141791595,357.752141791595,369.298564363741,369.298564363741,378.562747998233,378.562747998233,378.562747998233,379.052141102733,394.341395388508,394.341395388508,415.036912347361,415.036912347361,417.495074434239,418.504187623942,423.537606632856,423.537606632856,427.356377394049,428.180801581548,438.757672534547,550.234130459966,550.234130459966,557.8221466375,562.862141434922,569.088137216711,572.969409694704,572.969409694704,1345.6745048308,1345.6745048308,1376.64466299362,1382.2386784239,1384.27123913043,1388.2012444706,1422.89723810265,1452.48684258481,1694.06789195855,1766.29930198102,1777.16878150721,1781.93030030435,1784.70813934892,1806.6440392352,1809.3743242826,1814.1176955465,1816.57632864118,1816.57632864118,1820.19436496787,1820.19436496787,1938.44310245899,1938.44310245899,1940.395459092,1954.17637512936,2001.42042316947,2017.51862382533,2048.00164308675,2188.64206720713,2252.72801342739,2252.72801342739,21.4120941433941,105.659758036574,20.3018139151258,114.583429368077,134.530937482212
2004-11-15,273.68287598302,273.68287598302,273.68287598302,278.235540118131,278.843000584524,285.207078310492,296.109998443772,298.025739580962,300.193350446719,328.583302995253,328.583302995253,342.991950165225,342.991950165225,354.018402938129,354.018402938129,362.918647384059,362.918647384059,362.918647384059,363.382124822996,378.26073803776,378.26073803776,398.08513869802,398.08513869802,400.443267258627,401.385616395976,406.198915895905,406.198915895905,409.887037461888,410.67756551601,420.742069045388,525.169796352664,525.169796352664,532.341638256135,537.133114009971,543.036779159198,546.736803028446,546.736803028446,1264.60769768424,1264.60769768424,1293.40707337745,1298.63917958611,1300.50417059354,1304.15525603348,1336.53104237831,1363.38540079822,1596.77208292402,1663.87808780098,1674.13926612014,1678.6214517612,1681.15165718247,1701.45204161949,1703.95423758393,1708.28316309276,1710.54641874062,1710.54641874062,1714.02275164825,1714.02275164825,1822.50755189042,1822.50755189042,1824.27180028817,1837.19839830321,1880.45478109822,1895.78018174306,1924.14448430277,2058.36933467657,2116.73679296252,2116.73679296252,20.8099306865659,98.9381122228296,19.6592648523572,105.135601316856,128.633985608828
2004-11-16,261.965467840193,261.965467840193,261.965467840193,266.302398609481,266.880135893999,273.017302786455,283.621398602723,285.480217992191,287.583393529575,315.114363713183,315.114363713183,329.003804968791,329.003804968791,339.554152876588,339.554152876588,348.108330168233,348.108330168233,348.108330168233,348.550799293971,363.043157986023,363.043157986023,382.059502486486,382.059502486486,384.322107947332,385.205395220934,389.814116115696,389.814116115696,393.375133262359,394.133797752224,403.726385197776,501.902201798041,501.902201798041,508.688773905157,513.245566933164,518.849654720749,522.38383681994,522.38383681994,1191.48516773584,1191.48516773584,1218.35975986929,1223.26328366756,1224.9796697509,1228.37519255667,1258.72392357569,1283.25341987283,1508.92068380549,1571.66211314195,1581.36085726194,1585.59100992955,1587.90573885005,1606.79762907429,1609.09596132096,1613.06706976643,1615.15633448666,1615.15633448666,1618.50327170862,1618.50327170862,1718.88555722097,1718.88555722097,1720.48633626488,1732.650672025,1772.51374455475,1787.13612748754,1813.64015468143,1941.76561079293,1995.28896888981,1995.28896888981,20.2529418116834,92.9888476708533,19.0998272296644,97.317295517936,123.001139846079
2004-11-17,251.285866462784,251.285866462784,251.285866462784,255.377455726857,255.923916720332,261.726968498568,272.02545913369,273.809807249577,275.819933311143,302.509770511402,302.509770511402,315.878927307611,315.878927307611,325.967052628248,325.967052628248,334.167936344402,334.167936344402,334.167936344402,334.591328985066,348.706155593066,348.706155593066,366.941915212907,366.941915212907,369.109030180856,369.938297917205,374.348476549793,374.348476549793,377.784324869788,378.511275881096,387.669168238038,480.290482542201,480.290482542201,486.72015935711,491.056943856696,496.379940054085,499.759427834724,499.759427834724,1125.38107855346,1125.38107855346,1150.53693027592,1155.13966978401,1156.71946365854,1159.88471681072,1188.43797917534,1210.97060283689,1429.30923712844,1488.2870882197,1497.4681564096,1501.46529210104,1503.59365950059,1521.25309324954,1523.36857344737,1527.03144097521,1528.96466416046,1528.96466416046,1532.19810012366,1532.19810012366,1625.77455363699,1625.77455363699,1627.23458364544,1638.71225987266,1675.64624268529,1689.63673791331,1714.51403737314,1836.90206266476,1886.28163075851,1886.28163075851,19.7413244441505,87.7169711988753,18.5924733105709,90.7605401487923,117.674399526138
2004-11-18,242.10125308333,242.10125308333,242.10125308333,246.069653126035,246.595193594891,251.934499782583,262.340090389814,264.139556643705,266.022129014685,292.359320057007,292.359320057007,305.168411324305,305.168411324305,314.841457728657,314.841457728657,322.435449837578,322.435449837578,322.435449837578,322.866824224428,336.65308528639,336.65308528639,353.877602110673,353.877602110673,355.859685262968,356.715842102752,360.743126508109,360.743126508109,363.955961455131,364.636328521986,373.380814725547,461.346131600584,461.346131600584,467.321461656866,471.440146106992,476.38488048003,479.5358016889,479.5358016889,1067.36687952879,1067.36687952879,1090.90705859964,1095.20132754083,1096.6350289253,1099.5689386226,1126.47115344241,1147.17226889456,1358.52973035067,1414.15189178409,1422.80284547554,1426.56098776263,1428.50551181118,1445.07718549862,1446.99912559963,1450.36434616573,1452.131564437,1452.131564437,1455.26079269372,1455.26079269372,1543.01009641112,1543.01009641112,1544.33136321031,1555.14010496546,1589.52285259791,1602.89802160645,1626.29315669033,1743.25230066786,1789.03440360997,1789.03440360997,19.7206006299902,83.5080200031117,18.1334128368953,85.1927770580787,112.658311628455
2004-11-19,234.594391954904,234.594391954904,234.594391954904,238.496321436462,239.005905362064,243.880527554017,254.316196859728,256.147733928736,257.900682574589,284.398631116842,284.398631116842,297.156651484622,297.156651484622,306.651954225993,306.651954225993,313.518382405497,313.518382405497,313.518382405497,314.023320319958,327.822852896824,327.822852896824,343.716483464986,343.716483464986,345.436420050955,346.320929182547,349.92318553834,349.92318553834,352.883606302972,353.512349254982,362.009636146596,446.699311702567,446.699311702567,452.131219852737,456.116716520696,460.501950495107,463.265362301607,463.265362301607,1020.98111239136,1020.98111239136,1043.05165030778,1046.95992888118,1048.19276049813,1050.84180473654,1076.28084504736,1095.13371100104,1300.34139241275,1352.81657338417,1360.82127184018,1364.29091566284,1366.01574105971,1381.61398609716,1383.2669033213,1386.27919986681,1387.81564466492,1387.81564466492,1390.84679984325,1390.84679984325,1473.45773346788,1473.45773346788,1474.60147712114,1484.64509526554,1516.78317353956,1529.4383847267,1551.36986079361,1663.13606718135,1705.71304828354,1705.71304828354,20.1034453535153,80.8968896534518,17.7512116768709,80.417933040702,108.012828816654
2004-11-20,227.050048001801,227.050048001801,227.050048001801,230.791251416733,231.277769153737,235.94485742823,245.887202960469,247.562477372485,249.229266442162,275.410562527818,275.410562527818,288.305775937146,288.305775937146,297.681157968252,297.681157968252,304.35273353406,304.35273353406,304.35273353406,304.791036881126,318.281804541482,318.281804541482,333.625916353954,333.625916353954,335.287407249233,336.08017372732,339.486073238947,339.486073238947,342.274837332457,342.876446512753,351.074473644765,433.138623668922,433.138623668922,438.237364679435,441.987870194403,446.001472298667,448.587109979409,448.587109979409,980.791798048125,980.791798048125,1001.33467049881,1004.99804762792,1006.11112471578,1008.56984905282,1032.71802486219,1050.1591868481,1249.95065905137,1299.84558556282,1307.34870773072,1310.59230498317,1312.15097100993,1326.89268283171,1328.35119964365,1331.09115565175,1332.45703032131,1332.45703032131,1335.40040874889,1335.40040874889,1413.60438789856,1413.60438789856,1414.61281926853,1424.02088705163,1454.17390052273,1466.22851001114,1486.90061135609,1593.8949304323,1633.67395951308,1633.67395951308,19.8277570577348,78.5819414602321,17.4134383430435,76.2824695273957,103.691427368337
2004-11-21,220.338623390576,220.338623390576,220.338623390576,223.908380439782,224.375838206058,228.75285445592,238.469594237065,240.031619141025,241.562293858065,267.157072772787,267.157072772787,279.848397652307,279.848397652307,289.07057181952,289.07057181952,295.585338565514,295.585338565514,295.585338565514,295.993928048031,309.139956091583,309.139956091583,324.026383076833,324.026383076833,325.622134836707,326.389780126892,329.622823857114,329.622823857114,332.310609895444,332.888083473253,340.807605629831,420.665852293957,420.665852293957,425.492261689769,429.054865641308,432.798015583573,435.241583195042,435.241583195042,945.980075878834,945.980075878834,965.311117480998,968.741828466695,969.744569740597,972.029052212872,995.036036472529,1011.22576256012,1206.02889331386,1253.65785713443,1260.71784989008,1263.76282683247,1265.1820357166,1279.15652904914,1280.45574242296,1282.96765196914,1284.19422036646,1284.19422036646,1287.05775884188,1287.05775884188,1361.43917339783,1361.43917339783,1362.3369812508,1371.19760385502,1399.58550346518,1411.12561240018,1430.7039606815,1533.33341807883,1570.6520555458,1570.6520555458,19.5130245012768,76.6165708938005,17.0992327129633,72.6794467073522,99.6928213517416
2004-11-22,214.396240437684,214.396240437684,214.396240437684,217.81421981206,218.263190341414,222.327658123835,231.833115149159,233.310781061103,234.726947733223,259.755768260297,259.755768260297,272.084224187661,272.084224187661,281.066453113201,281.066453113201,287.361116917307,287.361116917307,287.361116917307,287.750462268728,300.571060233396,300.571060233396,314.94950834644,314.94950834644,316.4751936355,317.215960282821,320.304006145575,320.304006145575,322.901618011203,323.457123728763,331.108100251002,409.18237001555,409.18237001555,413.773045973403,417.183674980065,420.70655737475,423.024073750409,423.024073750409,915.789446341375,915.789446341375,934.0454309045,937.2685256135,938.173039982589,940.302224284097,962.270714256288,977.350066307884,1167.61239850948,1213.22234053996,1219.8847103521,1222.75666982861,1224.05629273311,1237.34245798305,1238.50580961955,1240.81906939745,1241.92608341359,1241.92608341359,1244.71671949843,1244.71671949843,1315.75620260761,1315.75620260761,1316.55907183319,1324.93450415233,1351.74136514923,1362.82363721451,1381.43231205956,1480.06542995914,1515.2007170373,1515.2007170373,19.2558356308467,75.0377339089478,16.8032026861671,69.526277993112,96.0110589599972
2004-11-23,209.168935409569,209.168935409569,209.168935409569,212.415992452315,212.847034952836,216.607906473516,225.890614445315,227.288203332738,228.603259632596,253.101667775712,253.101667775712,265.016220612286,265.016220612286,273.71834951218,273.71834951218,279.753136429284,279.753136429284,279.753136429284,280.125645257561,292.648737616702,292.648737616702,306.457142052121,306.457142052121,307.903051539144,308.61426639653,311.546835435013,311.546835435013,314.049441838192,314.582354800218,321.96626461404,398.565389385423,398.565389385423,402.939803112026,406.21070011076,409.547278800016,411.754151901508,411.754151901508,889.458521229658,889.458521229658,906.736675370351,909.771368929137,910.589915518237,912.582229673348,933.591644294465,947.688257613749,1133.8657353937,1177.65571837328,1183.95326686565,1186.66464159094,1187.85768311636,1200.51748386578,1201.56105298794,1203.70050895162,1204.70251540078,1204.70251540078,1207.42618636959,1207.42618636959,1275.52630230655,1275.52630230655,1276.24774450884,1284.18747633118,1309.5718554724,1320.24295874228,1337.98734646783,1432.96775949442,1466.14860739509,1466.14860739509,19.0154347762715,73.7500417863781,16.5179888528314,66.7494764314594,92.6298963747306
2004-11-24,204.543575008695,204.543575008695,204.543575008695,207.632598644373,208.045907368504,211.520110536887,220.582890508946,221.908444425994,223.128591572813,247.096616424023,247.096616424023,258.589852898683,258.589852898683,266.995038229348,266.995038229348,272.761529856866,272.761529856866,272.761529856866,273.117708096383,285.362431121134,285.362431121134,298.580499230268,298.580499230268,299.939855989596,300.619301555964,303.387337414634,303.387337414634,305.787831580266,306.298089049786,313.418584169269,388.75478279706,388.75478279706,392.921368107341,396.060318032698,399.218630434683,401.325155341721,401.325155341721,866.269208150732,866.269208150732,882.670467079544,885.537801933149,886.2841727106,888.154920732499,908.288410327853,921.512172144696,1104.07865903891,1146.24877936503,1152.21577665478,1154.77721622319,1155.87325700633,1167.96010056924,1168.89880244897,1170.88516406788,1171.79621116184,1171.79621116184,1174.45758306684,1174.45758306684,1239.9584532897,1239.9584532897,1240.60906331181,1248.15845179644,1272.25589341447,1282.55482806177,1299.52331375454,1391.16761342386,1422.60319585713,1422.60319585713,18.7626256791002,72.6663474433657,16.244408874843,64.2921901201784,89.5315325605348
2004-11-25,200.449425644696,200.449425644696,200.449425644696,203.390773363737,203.786070788706,206.995875355919,215.85122941352,217.109023456725,218.241964024587,241.685499190427,241.685499190427,252.763514688402,252.763514688402,260.864293633477,260.864293633477,266.364876996894,266.364876996894,266.364876996894,266.706251857907,278.688204721137,278.688204721137,291.322042086015,291.322042086015,292.593401162915,293.241686540965,295.840792601563,295.840792601563,298.135789813888,298.623148021192,305.487591366106,379.699468974787,379.699468974787,383.665287321333,386.674710899915,389.664529898329,391.677029466062,391.677029466062,845.629683271332,845.629683271332,861.253401818922,863.977640785697,864.665262063,866.429433965957,885.772059891001,898.223937763847,1077.60150513832,1118.31300160827,1123.97736365842,1126.41891742533,1127.4389334398,1139.00641703322,1139.85169024458,1141.69918455676,1142.52885167511,1142.52885167511,1145.13304070616,1145.13304070616,1208.33118831774,1208.33118831774,1208.92085401372,1216.11647368636,1239.04452372751,1249.00865711828,1265.27819704081,1353.88237152071,1383.74453931389,1383.74453931389,18.5040398714755,71.7111932667083,15.9864345458092,62.1108593800463,86.6974418808333
2004-11-26,196.822155712448,196.822155712448,196.822155712448,199.62082384284,199.999592599536,202.968622336623,211.628224121406,212.824464640904,213.878591952048,236.816774782932,236.816774782932,247.490461163798,247.490461163798,255.285371157895,255.285371157895,260.527504374074,260.527504374074,260.527504374074,260.855248469804,272.573988939985,272.573988939985,284.648394091738,284.648394091738,285.834243814453,286.45116185012,288.883770627805,288.883770627805,291.074302084326,291.539248896015,298.162899916417,371.325501533507,371.325501533507,375.100732903687,377.985558129691,380.817277775003,382.741370832146,382.741370832146,826.983107715003,826.983107715003,841.917089186486,844.521345321662,845.160630671249,846.832288314254,865.456066874926,877.223499167398,1053.78331832569,1093.18684980904,1098.59671838995,1100.92874304949,1101.88191836256,1112.97264239233,1113.75190707613,1115.48969655476,1116.26066774184,1116.26066774184,1118.81259818142,1118.81259818142,1179.96527958685,1179.96527958685,1180.503536895,1187.38248856891,1209.24543566274,1218.91153771186,1234.55365095206,1320.39312881895,1348.83427657747,1348.83427657747,18.2479415026151,70.8177525821289,15.7403288803743,60.1668082481617,84.1082545966981
2004-11-27,193.570150564133,193.570150564133,193.570150564133,196.252198264122,196.615247064795,199.370311327287,207.847183093226,208.987980680134,209.972196007557,232.419738891802,232.419738891802,242.714560003489,242.714560003489,250.212600545605,250.212600545605,255.209665751892,255.209665751892,255.209665751892,255.524764814473,266.978220095352,266.978220095352,278.521854978383,278.521854978383,279.626806096404,280.213204624766,282.485471121552,282.485471121552,284.574244000602,285.017497416285,291.412463937671,363.549182872951,363.549182872951,367.146942294336,369.915908595164,372.601613093822,374.444049328896,374.444049328896,809.823788618843,809.823788618843,824.146328808877,826.650048209696,827.250781927356,828.842740855491,846.813294771209,857.974620545126,1032.03055126156,1070.25168133157,1075.42823273008,1077.66202913399,1078.55898337917,1089.21151306286,1089.93285482017,1091.574221195,1092.29427744546,1092.29427744546,1094.79875777775,1094.79875777775,1154.12342323666,1154.12342323666,1154.61745201802,1161.22063267509,1182.11757764552,1191.5185324146,1206.60286146868,1289.93770171187,1317.09508561623,1317.09508561623,17.9899534452631,69.9314606933399,15.5012380422412,58.4177760611563,81.7445793011953
2004-11-28,194.709837061145,194.709837061145,194.709837061145,198.294166698519,198.680351511963,200.577110864587,211.815245495579,213.60056211792,214.206022851657,238.732644856965,238.732644856965,248.053837968814,248.053837968814,256.167012436117,256.167012436117,259.0270432444,259.0270432444,259.0270432444,259.438079499491,270.656728715976,270.656728715976,280.110864283695,280.110864283695,280.520558313937,281.512628800016,284.134802108665,284.134802108665,285.749462090589,286.092546426437,292.877677944018,374.605728031487,374.605728031487,376.852021304107,380.638756037005,381.827112744633,382.40928038429,382.40928038429,834.534813606524,834.534813606524,848.560154754476,850.245254383177,850.663147772426,851.678558144927,870.182133850026,879.673213718304,1054.458306663,1092.54189557331,1096.14317611097,1097.61653166367,1097.89978950072,1108.14212361151,1107.84371529125,1108.52997002893,1108.40000780301,1108.40000780301,1110.84580783834,1110.84580783834,1167.57753331201,1167.57753331201,1167.50690817607,1172.3286537365,1192.33589244178,1200.02320459142,1213.53776708553,1293.35629408607,1318.75718417064,1318.75718417064,20.2683515960831,82.1952542369203,16.3644146365978,57.1595768290929,79.9871223310107
2004-11-29,194.487127513742,194.487127513742,194.487127513742,198.196096289641,198.586024632296,200.70580899454,211.879338474666,213.354630637633,214.033941317804,240.488349883749,240.488349883749,253.162421632435,253.162421632435,263.205856271517,263.205856271517,266.200530984999,266.200530984999,266.200530984999,266.657062043526,278.385638770881,278.385638770881,287.518514949467,287.518514949467,287.270074248143,288.13111180644,289.598270158464,289.598270158464,291.162315236891,291.506280013642,300.07783012792,393.077565493515,393.077565493515,394.291998208091,397.314108547819,397.982732897855,398.893162075651,398.893162075651,879.902469969952,879.902469969952,899.662366813041,902.589147904454,902.625734259997,903.079403805099,923.860732214451,931.636670660453,1105.17837532215,1141.17394621429,1143.52284474206,1144.38333024322,1144.22161138159,1154.10679423067,1153.14021953507,1153.17473060385,1152.43347442031,1152.43347442031,1154.83854410094,1154.83854410094,1209.33228991002,1209.33228991002,1208.85202868317,1212.31903814306,1231.51966710116,1237.88026150838,1249.92116211022,1326.55906127169,1350.38682699715,1350.38682699715,21.3855045671324,94.9536629054646,16.877684401934,55.8759990253691,78.3470383838227
2004-11-30,194.285638899516,194.285638899516,194.285638899516,197.923335544015,198.327811109756,200.533187717513,211.650348049896,213.134430999119,213.826632202281,241.078885115412,241.078885115412,254.270439956154,254.270439956154,265.447665662254,265.447665662254,269.485625051499,269.485625051499,269.485625051499,269.906801026146,281.973585360573,281.973585360573,292.59679240698,292.59679240698,292.495758849273,293.391282738737,294.194167999745,294.194167999745,295.37565701005,295.731000438178,304.996357575912,408.181022269682,408.181022269682,409.761586655288,412.832401565732,412.586860311625,412.760196174604,412.760196174604,901.531862963295,901.531862963295,921.367337008852,924.612977408158,925.177672327172,926.206055402158,949.15235720082,958.690861888675,1136.29487136095,1174.34690042209,1177.33307074958,1178.59162630518,1178.72477927397,1188.65551707794,1188.05460720292,1188.35160477668,1187.89076607619,1187.89076607619,1190.3457869778,1190.3457869778,1244.71289136212,1244.71289136212,1244.39208687878,1248.20501084838,1267.10682434636,1274.05958099506,1286.47513678412,1361.91025672717,1385.13947126653,1385.13947126653,21.7250458810517,104.726762614288,17.5722141721818,55.4034668347842,77.077819226653
2004-12-01,193.897569522224,193.897569522224,193.897569522224,197.534646508951,197.957225831527,200.257718161434,211.042392258922,212.454348053892,213.154540282034,240.728805565532,240.728805565532,253.996959137829,253.996959137829,265.37174698985,265.37174698985,270.065392544289,270.065392544289,270.065392544289,270.497691473488,282.83706562446,282.83706562446,295.004913086478,295.004913086478,295.22554991769,296.201115028124,297.133087657044,297.133087657044,298.445220891105,298.837948927761,308.432765558726,418.754716372556,418.754716372556,421.049733488348,424.2666236682,424.218080757651,424.343765168462,424.343765168462,923.607129319606,923.607129319606,943.12833016152,946.450744290532,947.103898114105,948.213044631428,972.46470794256,982.591337626909,1162.54993207679,1202.12574876044,1205.43203296916,1206.92777486249,1207.29003592857,1217.46817840801,1217.11726184981,1217.57820290253,1217.33407110329,1217.33407110329,1219.87906381122,1219.87906381122,1274.41566537513,1274.41566537513,1274.18109796089,1278.39371073823,1297.00150332661,1304.52402944929,1317.25503868014,1392.14580085005,1415.12240618656,1415.12240618656,21.7484515697408,111.06551166634,18.2646565854005,55.3320479964165,76.1814478169824
2004-12-02,193.912423523321,193.912423523321,193.912423523321,197.625779813572,198.060726167107,200.308906496112,211.193469469008,212.58106266044,213.202752453649,240.675351285858,240.675351285858,253.582281201162,253.582281201162,264.820370643286,264.820370643286,269.691293749585,269.691293749585,269.691293749585,270.109682503743,282.360727286481,282.360727286481,295.415439083917,295.415439083917,295.891114541769,296.942247446216,298.343386999514,298.343386999514,299.874412716186,300.309719390296,309.976968339163,427.073425185505,427.073425185505,429.884485427999,433.339630606333,433.756605963837,434.123490312749,434.123490312749,949.793969969957,949.793969969957,968.606459611594,971.689566395891,972.438183111385,973.57866521791,1007.77432334745,1020.59528604966,1201.12195876041,1242.64681775545,1245.20943684515,1246.25059168506,1246.32296102131,1256.41355083079,1255.71826569069,1255.84282412886,1255.31283323553,1255.31283323553,1257.8236860809,1257.8236860809,1311.78608158218,1311.78608158218,1311.37928879521,1315.18081863299,1333.08867258304,1339.92792553607,1351.93674844269,1425.45681997452,1447.80285001287,1447.80285001287,21.6506171808969,117.350942865163,18.3625907096572,55.1452473079477,75.1879119259969
2004-12-03,193.178263755703,193.178263755703,193.178263755703,196.884880891647,197.329554078921,199.699542770252,210.48046829254,211.832790985649,212.495806903794,239.660394254714,239.660394254714,252.357351395982,252.357351395982,263.521074106095,263.521074106095,268.584612051571,268.584612051571,268.584612051571,268.996252003105,281.122274524136,281.122274524136,294.461242282895,294.461242282895,295.090624959643,296.135004524626,297.736628090644,297.736628090644,299.498243113484,299.976727591784,309.571740394926,432.320655798251,432.320655798251,435.51415978303,438.998334456766,439.78759366105,440.399910156007,440.399910156007,971.369645677141,971.369645677141,989.870290307559,992.778751066355,993.376009813658,994.546246613445,1026.28136365265,1041.42845515616,1222.43337062473,1265.33462505468,1268.36645174992,1269.62548956489,1269.88049876016,1279.87959444023,1279.51299424618,1279.90248074309,1279.64120705928,1279.64120705928,1282.1190637425,1282.1190637425,1336.77820835168,1336.77820835168,1336.53633477721,1340.72660546345,1357.99534756929,1365.15037198005,1377.34727334125,1450.51154067934,1472.58389253702,1472.58389253702,21.3080215301588,122.550205950983,18.1312572161905,55.4426288600458,74.4064376351375
2004-12-04,192.117034928677,192.117034928677,192.117034928677,195.779191774687,196.227747956212,198.689422807212,209.287899490675,210.602962660696,211.308123951576,238.019049142949,238.019049142949,250.42932140995,250.42932140995,261.419274920807,261.419274920807,266.679286807836,266.679286807836,266.679286807836,267.086501780192,279.131770531823,279.131770531823,292.574128713748,292.574128713748,293.298284476213,294.32488050907,296.073288842622,296.073288842622,297.979524453044,298.483879757801,307.911023274469,434.78511080835,434.78511080835,438.313493823963,441.855994711337,443.069598481242,443.936404030751,443.936404030751,990.070860226536,990.070860226536,1008.20553065537,1011.02979782301,1011.5884820197,1012.79394434781,1043.11617971489,1059.14913504219,1240.16096235281,1283.19023810392,1286.29875605205,1287.61389026562,1287.92059334984,1297.7405400721,1297.50184239221,1297.99343005576,1297.85129959655,1297.85129959655,1300.288978555,1300.288978555,1355.54826823016,1355.54826823016,1355.39000462348,1359.76077423711,1376.44928419331,1383.79352935072,1396.06453943727,1468.96246787042,1490.76168724593,1490.76168724593,20.9155988162976,126.185248596022,17.799046343055,55.8374729723456,73.8048435008728
2004-12-05,190.747170180177,190.747170180177,190.747170180177,194.354669314791,194.804001341222,197.333033174163,207.76089678865,209.05368354829,209.796961623718,235.994378319268,235.994378319268,248.059236456852,248.059236456852,258.756460438194,258.756460438194,264.129207029045,264.129207029045,264.129207029045,264.527866487415,276.484116745476,276.484116745476,289.939855173056,289.939855173056,290.734378732552,291.733129629789,293.592631835672,293.592631835672,295.602244482802,296.12355224547,305.350509852218,434.486155586628,434.486155586628,438.315640352068,441.901721309919,443.548098538467,444.675542015268,444.675542015268,1003.10982782639,1003.10982782639,1021.09833385747,1023.93091247001,1024.51391003546,1025.78955382801,1054.91392267022,1071.3392446472,1252.18682350989,1294.96428833589,1298.18297770658,1299.56233400087,1299.92735338618,1309.54059103149,1309.43115641547,1310.02611148355,1309.99867496254,1309.99867496254,1312.39811040596,1312.39811040596,1368.06440301517,1368.06440301517,1367.98813569216,1372.52020198575,1388.681251087,1396.19338514892,1408.51428607666,1481.25214777708,1502.76039323621,1502.76039323621,20.50935840556,127.952956512064,17.4385368911723,56.0419060291438,73.3363795291885
2004-12-06,189.087011633585,189.087011633585,189.087011633585,192.631998149646,193.07833050915,195.657237559271,205.916940305936,207.190484349248,207.971584367729,233.627674922726,233.627674922726,245.346897981228,245.346897981228,255.689876254604,255.689876254604,261.103364898699,261.103364898699,261.103364898699,261.489548197692,273.324785383516,273.324785383516,286.707186427829,286.707186427829,287.556333528137,288.520112872242,290.458014015937,290.458014015937,292.541581142164,293.072769322252,302.086111144507,431.593543825463,431.593543825463,435.684587697741,439.293698201893,441.352495065073,442.73246721574,442.73246721574,1008.80734652502,1008.80734652502,1026.77875278491,1029.69115486158,1030.34189553811,1031.71358260912,1059.82514833242,1076.35635471146,1256.94121948006,1299.31212081733,1302.69452368214,1304.1627391714,1304.60748402122,1314.00944585626,1314.05843709722,1314.78276885662,1314.89326105106,1314.89326105106,1317.25773305193,1317.25773305193,1373.03443695919,1373.03443695919,1373.05694145429,1377.79869258255,1393.47141854986,1401.1918321365,1413.59204166585,1486.31014474968,1507.52375694865,1507.52375694865,20.0946661497248,127.859482124766,17.0812969837192,55.9101929528729,72.9584966639216
2004-12-07,187.119583089782,187.119583089782,187.119583089782,190.600414253119,191.041376704827,193.67066319869,203.76758707358,205.02573461152,205.844669967925,230.959332323736,230.959332323736,242.360494981839,242.360494981839,252.328710348117,252.328710348117,257.737136213159,257.737136213159,257.737136213159,258.110782048401,269.803230680316,269.803230680316,283.038030879496,283.038030879496,283.922758613092,284.848811166266,286.838186183381,286.838186183381,288.969363949472,289.506602880125,298.299329421792,426.435909838451,426.435909838451,430.73928438481,434.350638549567,436.780118888959,438.391949023389,438.391949023389,1006.81289320702,1006.81289320702,1024.82924216804,1027.85949006277,1028.59721474169,1030.07047013054,1057.34687785105,1073.8199352381,1253.92116403617,1295.84484971127,1299.41525966835,1300.9861161267,1301.52273329856,1310.71205391395,1310.93362809465,1311.79944846701,1312.05916070122,1312.05916070122,1314.39183399327,1314.39183399327,1370.00821685791,1370.00821685791,1370.19158474037,1375.26402027401,1390.67558618303,1398.68785199111,1411.61630539759,1485.04009570056,1506.56413522051,1506.56413522051,19.6844970405248,126.080008414558,16.7472346183036,55.4779196433549,72.8964503958845
2004-12-08,184.914226553875,184.914226553875,184.914226553875,188.323436991341,188.757038579406,191.424291064214,201.361780888557,202.606305216128,203.458809669869,228.044030330148,228.044030330148,239.153162897826,239.153162897826,248.748436602959,248.748436602959,254.124009035706,254.124009035706,254.124009035706,254.485931345279,266.025921763611,266.025921763611,279.067518536625,279.067518536625,279.972642337624,280.857475292245,282.874725773702,282.874725773702,285.03235818634,285.570191969463,294.140632983444,419.43964474434,419.43964474434,423.895999314845,427.487019553924,430.225963649327,432.034414142661,432.034414142661,997.635744842612,997.635744842612,1015.68575992717,1018.83667575311,1019.66104209229,1021.2279899051,1047.75553285833,1064.06176135774,1243.47625907693,1284.92852793135,1288.68150421882,1290.35270688434,1290.9802231609,1299.96154172643,1300.35072062641,1301.35336017704,1301.75822495496,1301.75822495496,1304.06176706083,1304.06176706083,1359.17211614543,1359.17211614543,1359.41301034232,1364.66679430029,1379.61738371477,1387.80805690402,1400.66950536455,1473.93348873835,1495.04869423229,1495.04869423229,19.2881645934738,122.910478975775,16.4391460515126,54.7336421735445,72.6734897606303
2004-12-09,182.534452871274,182.534452871274,182.534452871274,185.866315343077,186.291035655462,188.977636709121,198.75540435625,199.985721014022,200.865430826561,224.936544947637,224.936544947637,235.768999105048,235.768999105048,245.003689306701,245.003689306701,250.326962443168,250.326962443168,250.326962443168,250.677225256129,262.054133169003,262.054133169003,274.880781704922,274.880781704922,275.798374045354,276.6410695735,278.667691956382,278.667691956382,280.835315940919,281.369521377143,289.717415330809,411.072854035361,411.072854035361,415.619012800282,419.168426986698,422.142384938996,424.102447694321,424.102447694321,982.294297190834,982.294297190834,1000.30707902918,1003.55813034361,1004.45813308803,1006.1026185638,1031.94552410858,1047.99650805696,1226.49394207612,1267.44207188069,1271.35161840037,1273.10933857198,1273.81742577741,1282.59155856692,1283.13074357305,1284.25544875073,1284.79078532268,1284.79078532268,1287.06708977335,1287.06708977335,1341.45922435898,1341.45922435898,1341.78569394672,1347.19698195937,1361.71514755813,1370.07410205254,1382.89621474902,1456.07839492354,1476.9088085975,1476.9088085975,18.9061110229522,118.722168309359,16.1519606068214,53.7925207493326,72.2878582608711
2004-12-10,180.032209993291,180.032209993291,180.032209993291,183.279999672564,183.694848936264,186.385451295099,196.003997470215,197.219194214498,198.119045126684,221.684168705163,221.684168705163,232.253051079728,232.253051079728,241.145884941753,241.145884941753,246.405546341494,246.405546341494,246.405546341494,246.744821690431,257.954130275519,257.954130275519,270.548594105626,270.548594105626,271.47205695406,272.273153926362,274.296137865228,274.296137865228,276.461062864108,276.990236489537,285.116218634785,401.793422472049,401.793422472049,406.366945304504,409.853782103974,412.988905066592,415.055875443129,415.055875443129,962.107748092546,962.107748092546,979.997421786223,983.31824586398,984.276384368956,985.97680494976,1011.1318556145,1026.85295218832,1204.26813757692,1244.65856131419,1248.68494903806,1250.50741059301,1251.27930786315,1259.84869386313,1260.51009455843,1261.73351612033,1262.37656528239,1262.37656528239,1264.62668850489,1264.62668850489,1318.14944510817,1318.14944510817,1318.55148076751,1324.08769118778,1338.22207128683,1346.70303747137,1359.50817413279,1432.54614918878,1453.10498982743,1453.10498982743,18.538734551831,113.885661039127,15.8815065512587,52.7382008305158,71.8556365195083
2004-12-11,177.450405120782,177.450405120782,177.450405120782,180.611956350615,181.016323370522,183.695832013783,193.158403966581,194.357351293719,195.270689130753,218.358022293951,218.358022293951,228.678482170915,228.678482170915,237.246196820961,237.246196820961,242.424094719303,242.424094719303,242.424094719303,242.753466268045,253.791769470664,253.791769470664,266.139661880477,266.139661880477,267.061911698603,267.822636522794,269.831948446848,269.831948446848,271.984279436265,272.505827184018,280.414202341367,392.008915621391,392.008915621391,396.554431751796,399.963559273155,403.190077756208,405.321057480874,405.321057480874,938.439957199262,938.439957199262,956.119222484719,959.478063665653,960.474763018253,962.208558933638,986.683053780643,1002.01024088997,1178.21941711638,1218.00041856516,1222.0957543254,1223.96016156346,1224.77792884799,1233.14607164817,1233.89969410771,1235.19516991539,1235.91975030036,1235.91975030036,1238.14420349715,1238.14420349715,1290.67805369055,1290.67805369055,1291.13771601379,1296.75176611187,1310.53995992656,1319.08872158838,1331.84028888111,1404.62133855569,1424.88832000938,1424.88832000938,18.1890111852667,108.721397637181,15.6252551505549,51.6079485290878,71.3698130117153
2004-12-12,174.820940312163,174.820940312163,174.820940312163,177.895637156679,178.289213442589,180.94682486144,190.256650057013,191.438370116541,192.359767083439,214.986419878621,214.986419878621,225.073855545318,225.073855545318,233.339240717552,233.339240717552,238.428995036386,238.428995036386,238.428995036386,238.748274112365,249.614632915654,249.614632915654,261.70553058264,261.70553058264,262.621142647879,263.343278877797,265.328858383525,265.328858383525,267.460377564282,267.971800068282,275.667808865476,382.037724069321,382.037724069321,386.511274205117,389.830605371123,393.090369505803,395.249084484542,395.249084484542,912.429808147021,912.429808147021,929.826945682211,933.195759987055,934.214494198842,935.962526706383,959.764500956055,974.651695193783,1149.64785374288,1188.77338779503,1192.89497590175,1194.77986590727,1195.62644840442,1203.79484451854,1204.61249438015,1205.95450064079,1206.73581918534,1206.73581918534,1208.93444496813,1208.93444496813,1260.39236330676,1260.39236330676,1260.89221585985,1266.53688586165,1280.00426186037,1288.56838855815,1301.22485188281,1373.63348856258,1393.58427069512,1393.58427069512,17.8546836288379,103.476638707966,15.3820253414451,50.4318497950787,70.8306740253514
2004-12-13,172.169310061538,172.169310061538,172.169310061538,175.156002172893,175.53786133994,178.16585663619,187.324051231685,188.487243565027,189.403763531152,211.588125388143,211.588125388143,221.449728141772,221.449728141772,229.435569260474,229.435569260474,234.437414790185,234.437414790185,234.437414790185,234.749064025857,245.446244097066,245.446244097066,257.2818020228,257.2818020228,258.187345280948,258.873154788493,260.827699589633,260.827699589633,262.932100892968,263.432913126921,270.92425359786,372.112670694072,372.112670694072,376.481787724246,379.702319824267,382.949789974027,385.107561986203,385.107561986203,885.095134409363,885.095134409363,902.152651621157,905.504959601971,906.529531903803,908.274696830175,931.401594730273,945.823918895146,1119.47192515879,1157.92620837728,1162.04483781777,1163.92951508203,1164.78905088746,1172.75915382039,1173.61949168707,1174.98901785267,1175.80828365086,1175.80828365086,1177.98182193882,1177.98182193882,1228.30566592585,1228.30566592585,1228.83302870096,1234.47217931592,1247.63718421671,1256.1766024559,1268.70408852522,1340.64963358361,1360.26466950208,1360.26466950208,17.5342252430959,98.3217465975972,15.1472008389587,49.2287066849293,70.2511151389901
2004-12-14,169.511082029615,169.511082029615,169.511082029615,172.409494134803,172.780424908919,175.373231748223,184.384432094409,185.528071731584,186.45297085172,208.204965870176,208.204965870176,217.847338350235,217.847338350235,225.573749514128,225.573749514128,230.482992762931,230.482992762931,230.482992762931,230.786919772941,241.3168993276,241.3168993276,252.897449433094,252.897449433094,253.790383751358,254.44236006744,256.361104757216,256.361104757216,258.433955588366,258.924108536816,266.21632840138,362.389495220314,362.389495220314,366.633108213338,369.750459703665,372.954240318091,375.091486481595,375.091486481595,857.211095917875,857.211095917875,873.890573051671,877.207205427645,878.225437363678,879.954548576056,902.41230701043,916.350076483661,1088.63623839411,1126.38001765284,1130.45635767779,1132.33505522802,1133.20139330253,1140.98007912309,1141.85655189786,1143.22963455563,1144.06368398138,1144.06368398138,1146.21306081857,1146.21306081857,1195.37329715753,1195.37329715753,1195.9156033769,1201.5103877086,1214.38923802096,1222.86580570472,1235.23236170257,1306.64616498392,1325.91582277887,1325.91582277887,17.2268993053033,93.3642855420846,14.9163072205157,48.0260916679395,69.6500669831326
2004-12-15,166.875831010762,166.875831010762,166.875831010762,169.687605945747,170.047586405066,172.596496785518,181.464234960783,182.587554049518,183.510307696295,204.852250904422,204.852250904422,214.2871327613,214.2871327613,221.771254219013,221.771254219013,226.584160957387,226.584160957387,226.584160957387,226.881124440629,237.246283317064,237.246283317064,248.578991936919,248.578991936919,249.457874676125,250.0829128581,251.963449339965,251.963449339965,254.001094488035,254.479372976446,261.582109053104,352.985939194326,352.985939194326,357.091319412969,360.103941063642,363.242644176697,365.346031079597,365.346031079597,829.48553925984,829.48553925984,845.76118296169,849.027835156306,850.03736745756,851.742758591161,873.564580565316,887.023675319561,1058.06059091824,1095.2481522864,1099.41199407529,1101.46926449244,1102.45582524682,1110.26083684518,1111.23139846576,1112.66909244645,1113.52276063331,1113.52276063331,1115.73928960855,1115.73928960855,1164.90901436517,1164.90901436517,1165.69120922612,1171.70939105484,1185.48900786319,1194.45530772675,1207.81963059298,1279.25618748041,1300.059912445,1300.059912445,16.9323156537854,88.6720698689854,14.7407959287193,47.9121160689592,69.1998103762374
2004-12-16,166.033353504259,166.033353504259,166.033353504259,168.922247540014,169.28253244402,171.424152511571,180.798759352371,181.999573039708,182.779468387482,205.024565272838,205.024565272838,214.660146659862,214.660146659862,222.139614754895,222.139614754895,226.227629635548,226.227629635548,226.227629635548,226.6911492461,237.521268476645,237.521268476645,247.633005685743,247.633005685743,248.175608538025,248.908406826993,250.340627153424,250.340627153424,252.166342897892,252.60154155796,259.710891602,347.67457112735,347.67457112735,351.32274602016,354.323191988672,357.058909610081,358.813288857073,358.813288857073,810.011514145235,810.011514145235,825.889843064845,828.899890341339,829.82504900959,831.390992453811,852.738645287064,865.449079305218,1036.601124315,1073.35469216191,1077.18170994083,1079.03732871121,1079.90184474623,1087.68555150459,1088.5066077987,1089.78595633599,1090.59267986233,1090.59267986233,1092.86376295145,1092.86376295145,1140.60958093476,1140.60958093476,1141.09387172302,1146.69305658715,1160.20932673476,1168.77632624005,1180.92951508975,1251.40028527613,1272.49734257477,1272.49734257477,18.0316263297027,85.864482970745,14.9496444425265,46.788562483304,68.7445684031746
2004-12-17,167.750525758358,167.750525758358,167.750525758358,170.849528530484,171.229544074725,172.81349640804,183.177803960303,184.635086061625,185.21780483333,209.629525021717,209.629525021717,220.384878180539,220.384878180539,227.749782812745,227.749782812745,230.779759836615,230.779759836615,230.779759836615,231.294248997761,242.483133242584,242.483133242584,251.249737767199,251.249737767199,251.295218021512,252.079247038898,252.812563613525,252.812563613525,254.281163868617,254.660622673376,262.116890955967,348.296460839727,348.296460839727,351.223579589228,354.191340383092,356.552568225782,358.123729615731,358.123729615731,811.733766334619,811.733766334619,828.003501597989,830.978384344101,831.535833433305,832.673421511689,853.828634107042,865.01159024952,1036.64217973277,1072.24656859063,1075.17793005162,1076.57849077174,1077.11653366712,1084.80831120122,1085.09409457601,1085.86959368876,1086.21750122194,1086.21750122194,1088.47018681356,1088.47018681356,1134.50818204075,1134.50818204075,1134.70667831243,1139.41860017255,1152.55166266067,1160.10911420386,1171.27254915529,1240.21185684293,1260.8154088685,1260.8154088685,20.0862691544813,85.0969793709504,15.4295254552297,45.7768756298631,68.317710862748
2004-12-18,169.195389989465,169.195389989465,169.195389989465,172.464834071148,172.851208346689,174.319409261061,184.686459032098,186.171980725927,186.683423641344,212.928491783138,212.928491783138,225.147685738027,225.147685738027,233.066914243835,233.066914243835,235.76329673722,235.76329673722,235.76329673722,236.291198707711,247.629627207549,247.629627207549,255.680395385209,255.680395385209,255.588513358705,256.375573239908,256.474784900296,256.474784900296,257.469123252464,257.802734936598,265.197265651882,350.505545094407,350.505545094407,353.003052333929,355.741775353815,357.230559088546,358.303679334517,358.303679334517,810.35194374633,810.35194374633,825.427579628806,828.179717089305,828.763470060506,829.942697313206,850.612055146162,861.53812831943,1034.98572797304,1070.42698924805,1073.21792687812,1074.51282099832,1074.98925919429,1082.59679639992,1082.81303229275,1083.5068585063,1083.7564182093,1083.7564182093,1085.97796034567,1085.97796034567,1131.00121824303,1131.00121824303,1131.15706377341,1135.6395083551,1148.44715229832,1155.69524254339,1166.52805194132,1234.74061633771,1254.99740450374,1254.99740450374,21.31219296352,84.8310063495919,15.7171240864412,44.8670123526697,67.9138443638041
2004-12-19,185.626332461382,185.626332461382,185.626332461382,189.496290452122,190.11480631002,191.615158739647,206.646766110532,208.196739966798,206.94131914272,240.376701928145,240.376701928145,258.840197015204,258.840197015204,267.248184542307,267.248184542307,264.490600200159,264.490600200159,264.490600200159,267.452221707771,280.30327939074,280.30327939074,278.95637589911,278.95637589911,276.820581302411,277.719222829941,275.033349179155,275.033349179155,274.435470178581,274.527523778825,281.987560608088,373.592071737596,373.592071737596,373.716253009909,376.415186113689,375.588550962607,375.08496388435,375.08496388435,854.964183247519,854.964183247519,868.550866733114,870.607233090735,870.423310038876,870.771469465812,890.662202483581,898.887370502055,1075.1169247975,1108.52335470256,1109.74316494627,1110.27021012252,1110.15117192189,1117.52112906275,1116.82269621822,1116.69287075883,1116.18353744815,1116.18353744815,1118.3415099024,1118.3415099024,1161.35786226491,1161.35786226491,1161.024700832,1164.03198232589,1176.52974642013,1182.3300264953,1191.76627588877,1258.11311125524,1277.51858524541,1277.51858524541,28.7965362729542,94.9382184276427,16.3098075705741,44.0256287539497,67.5734897355779
2004-12-20,189.512738165455,189.512738165455,189.512738165455,193.979872301497,194.7086704528,197.45911280745,212.306903809292,213.721748199012,213.458423962725,250.46038494581,250.46038494581,270.390332047321,270.390332047321,283.745231835357,283.745231835357,283.307103993597,283.307103993597,283.307103993597,284.575735729194,298.238070150326,298.238070150326,299.258961894369,299.258961894369,297.099566203624,297.91420291601,294.196737989512,294.196737989512,293.077198744698,293.119782886149,300.523817921121,402.816942087892,402.816942087892,401.613279609014,403.647819295151,400.818199125321,399.214045322476,399.214045322476,895.432136783829,895.432136783829,907.858138510728,909.531994212188,909.379053798008,909.76974125292,929.075473922984,936.885704623821,1117.8159470632,1150.93852244286,1151.91253301863,1152.32538164633,1152.11832016776,1159.41635285634,1158.57936720816,1158.29797094244,1157.60238226066,1157.60238226066,1159.76089211347,1159.76089211347,1201.66077527191,1201.66077527191,1201.18740389847,1203.71162520976,1215.94859041208,1221.36691672192,1230.26701368416,1295.6764198802,1314.48478315646,1314.48478315646,29.8470556390558,107.399944628616,16.6763384087399,43.2102114221989,67.3652838629878
2004-12-21,191.712835865026,191.712835865026,191.712835865026,196.08787022524,196.853701557319,199.864250969505,214.18220654958,215.672185758346,215.988271921288,252.892439048268,252.892439048268,273.552395875155,273.552395875155,289.149423392176,289.149423392176,292.142519184566,292.142519184566,292.142519184566,293.114139055545,307.298231985909,307.298231985909,312.905512420867,312.905512420867,311.515594033442,312.426962076903,309.641603709667,309.641603709667,308.985890394444,309.094307102811,316.672053716557,430.804585603803,430.804585603803,429.702586049002,431.683171349917,428.484787424646,426.542034626969,426.542034626969,947.343854280071,947.343854280071,958.440618898823,959.669078105317,959.305011161969,959.506132828314,978.132725707881,985.044030261513,1168.94316299649,1201.53273110768,1202.1377932502,1202.37495671521,1202.03759370074,1209.23536742631,1208.18249399306,1207.70048038848,1206.85241280507,1206.85241280507,1208.97493733299,1208.97493733299,1249.79327155867,1249.79327155867,1249.21078931768,1251.38024888037,1263.37480843797,1268.37538854295,1277.00176321861,1341.80795335303,1360.12028884527,1360.12028884527,28.6921016295713,118.852031532575,16.8361861504646,42.4073161774446,67.1821037751633
2004-12-22,192.099954796551,192.099954796551,192.099954796551,196.41080828089,197.193017251362,200.284367895473,213.838538881945,215.379737982835,216.046144877534,251.636589411292,251.636589411292,271.785944272943,271.785944272943,287.853571865291,287.853571865291,293.274815419113,293.274815419113,293.274815419113,294.159383952073,308.746885534417,308.746885534417,318.925765055984,318.925765055984,318.50363618359,319.5129757304,318.406131187426,318.406131187426,318.663993792628,318.906769751852,326.780394511819,450.507683374775,450.507683374775,450.582309414926,452.822847767752,450.63757268293,449.238040182948,449.238040182948,998.928529438368,998.928529438368,1009.76687012868,1010.90994526983,1010.51690723879,1010.70538705087,1029.14013973707,1035.67599297852,1220.9661652895,1253.27858147823,1253.80145582123,1253.99197598799,1253.62569318785,1260.73238671499,1259.64419460486,1259.11815631139,1258.23152435821,1258.23152435821,1260.32402423002,1260.32402423002,1300.28896549466,1300.28896549466,1299.68018138815,1301.73175111613,1313.49675586392,1318.37998796109,1326.95490333048,1391.47806204335,1409.3911507811,1409.3911507811,27.0491170451723,126.664129450436,16.8140741880516,41.6093809406907,67.0460750565248
2004-12-23,190.962400272702,190.962400272702,190.962400272702,195.281778846991,196.07074223334,199.268731050391,212.186305081657,213.744316818604,214.616655236995,248.75845852962,248.75845852962,267.955046372269,267.955046372269,283.65211691331,283.65211691331,290.24872539735,290.24872539735,290.24872539735,291.068236243517,305.686515786675,305.686515786675,319.137864432097,319.137864432097,319.542722650439,320.693045167848,321.167522902595,321.167522902595,322.273523222535,322.642944458475,330.757782133534,461.04057355332,461.04057355332,462.546431340605,465.185779489817,464.49436273263,463.95923064417,463.95923064417,1047.29754979253,1047.29754979253,1058.2440227757,1059.44597173008,1059.09323755899,1059.34190269865,1077.74506604659,1084.19242615368,1269.09229362962,1301.26681470995,1301.89548125403,1302.13570129598,1301.81610676544,1308.83679429358,1307.83332572414,1307.37937935187,1306.56509834031,1306.56509834031,1308.63293519484,1308.63293519484,1347.92292342937,1347.92292342937,1347.36001398686,1349.50711889669,1361.0555060008,1366.03664849024,1374.76047607104,1439.30769506532,1456.92664857318,1456.92664857318,25.5775766961153,131.291314798212,16.6624100712941,40.8184437039231,66.9428459501465
2004-12-24,188.886774347524,188.886774347524,188.886774347524,193.193474144168,193.969768426225,197.241945972804,209.75397372012,211.305333685225,212.297575057429,245.138194955975,245.138194955975,263.293729220933,263.293729220933,278.244796066157,278.244796066157,285.285240932131,285.285240932131,285.285240932131,286.042394734244,300.457684176281,300.457684176281,315.508909539709,315.508909539709,316.41772050344,317.566557928099,319.147614147501,319.147614147501,320.921223469858,321.389620524659,329.657945622763,462.76601645157,462.76601645157,465.539543490046,468.455196640791,469.221906808603,469.648662233069,469.648662233069,1081.59130780847,1081.59130780847,1093.52023433734,1095.093281911,1094.95763762441,1095.43656355662,1114.30222918641,1121.23089203188,1304.65586001847,1337.08806978667,1338.12458697029,1338.56250748364,1338.40662370907,1345.36051423614,1344.62639010497,1344.41045263638,1343.8259744281,1343.8259744281,1345.87509418049,1345.87509418049,1384.75901574069,1384.75901574069,1384.34677823482,1386.89518793556,1398.24309249537,1403.62609808697,1412.77624349127,1477.71707851364,1495.18749137588,1495.18749137588,24.4933349507241,132.441529253583,16.4349105702251,40.046891887477,66.8402401417284
2004-12-25,193.880484943298,193.880484943298,193.880484943298,198.200441923051,199.110452842941,201.192936491136,213.402311603979,214.792954578041,215.222214073473,249.195645951187,249.195645951187,267.44167788137,267.44167788137,281.373642593781,281.373642593781,287.162538087144,287.162538087144,287.162538087144,288.249816490859,303.197722827494,303.197722827494,318.011809265071,318.011809265071,318.555685671605,319.939044527116,321.819086994738,321.819086994738,323.951697830658,324.459198710573,334.349638304071,470.629423002952,470.629423002952,473.324310114289,476.71178314258,478.780447459519,480.482831894394,480.482831894394,1134.773689451,1134.773689451,1153.00351395298,1155.37694932474,1155.75740349423,1156.09280011287,1179.27657420435,1186.3401946894,1374.41457623265,1409.62993839123,1410.24072165168,1410.80983824161,1410.7537169879,1418.32800941893,1417.18135955064,1416.50980192651,1415.59746448017,1415.59746448017,1417.80501294399,1417.80501294399,1455.89543604802,1455.89543604802,1455.13377439249,1456.75457505015,1468.28276266816,1473.55378594658,1482.66327920057,1547.42428048831,1564.49047029241,1564.49047029241,26.0559428504023,135.873568869763,18.9566464017134,40.0756418086388,67.8753882116345
2004-12-26,196.751895859689,196.751895859689,196.751895859689,201.097826988153,202.112315011383,203.707337671248,215.480726545328,216.920279435729,217.353102228991,252.15900864424,252.15900864424,270.839376982045,270.839376982045,284.438526388972,284.438526388972,289.787192031507,289.787192031507,289.787192031507,290.928396297387,305.98305956169,305.98305956169,320.643391542527,320.643391542527,321.087380050473,322.418466356494,323.785837875826,323.785837875826,325.84555728936,326.409983227251,337.508814083797,475.444511529965,475.444511529965,478.442121991714,481.782663750902,483.484795185572,484.811070564467,484.811070564467,1163.65377055784,1163.65377055784,1183.98890922172,1187.72403632615,1188.33719870169,1189.13699136418,1215.26069098874,1224.00967190683,1414.34749052295,1452.86215785987,1454.13478028347,1454.82568620715,1455.05775055633,1463.21964068596,1462.47763074917,1462.12497119008,1461.46296341184,1461.46296341184,1463.6649289093,1463.6649289093,1501.44524591413,1501.44524591413,1500.94451933625,1503.49906447903,1514.83967309939,1520.60820793842,1530.48115960963,1596.61302927306,1613.68800796198,1613.68800796198,26.6659079169257,137.18984825862,21.164981152837,39.1696324675111,68.4955084489314
2004-12-27,197.111969015125,197.111969015125,197.111969015125,201.474493728733,202.528477350978,204.81037903601,216.271913976015,217.654669922605,218.193268248648,252.924220528077,252.924220528077,272.161499388651,272.161499388651,285.741535290794,285.741535290794,291.141213256704,291.141213256704,291.141213256704,292.362118549877,307.436549535968,307.436549535968,321.97929106114,321.97929106114,322.452661299819,323.735658835174,324.858657901002,324.858657901002,326.791654044525,327.381478258218,338.80177138668,476.460025904168,476.460025904168,479.918032501122,483.27694185839,485.108925411757,486.331371090848,486.331371090848,1183.04620220852,1183.04620220852,1202.46662505182,1206.16110159981,1206.84449995323,1207.87673403249,1234.30724781696,1243.75206539649,1434.57143614363,1474.71392471328,1476.53154540119,1477.39693287629,1477.76358985037,1486.23519390589,1485.95974424985,1486.04569827088,1485.79682686278,1485.79682686278,1487.99313261748,1487.99313261748,1525.79503741451,1525.79503741451,1525.57433237925,1529.005548353,1540.15048130764,1546.91320522859,1557.94602979027,1625.89760713078,1643.07930932896,1643.07930932896,26.3908181396781,136.41279764778,21.8692521411022,38.523347661232,69.3417101392169
2004-12-28,196.776880780063,196.776880780063,196.776880780063,201.153048811111,202.224030274373,204.704108911219,215.782995110011,217.186360860801,217.884798659604,252.045738631604,252.045738631604,271.495428002129,271.495428002129,285.097153943794,285.097153943794,290.898823655215,290.898823655215,290.898823655215,292.019374007855,307.034410775782,307.034410775782,322.144601633823,322.144601633823,322.700474559077,323.947658268338,325.238749412333,325.238749412333,327.296975362308,327.930961100261,339.625787271562,475.621590580092,475.621590580092,479.394291328833,482.845218832455,485.223865827609,486.852172675627,486.852172675627,1201.00826696354,1201.00826696354,1220.77749123649,1224.63616926764,1225.34784686179,1226.41340040955,1253.76606141345,1263.39371455965,1453.66426528382,1494.69256820149,1496.68674769755,1497.74997830283,1498.28189947436,1507.09822007882,1506.96985855422,1507.16416655362,1507.01620174089,1507.01620174089,1509.24513933548,1509.24513933548,1546.66870842288,1546.66870842288,1546.51829324821,1550.24924529054,1561.25806743794,1568.60948578623,1580.56969058513,1650.28493089636,1667.44236160977,1667.44236160977,25.7761135478058,134.311704365638,22.05549394748,37.981892966023,70.7534891060791
2004-12-29,195.487971652693,195.487971652693,195.487971652693,199.880732566155,200.94980951806,203.702679488282,214.732065004123,216.264506665231,217.090516027837,250.489865843179,250.489865843179,269.772440401439,269.772440401439,283.19062491277,283.19062491277,289.426726528886,289.426726528886,289.426726528886,290.447506673521,305.3408999612,305.3408999612,321.172445554131,321.172445554131,321.843941340284,323.074205900156,324.727199370775,324.727199370775,326.879655326238,327.563530235546,339.456396227721,472.932880545988,472.932880545988,477.016595455551,480.62045321242,483.483632161476,485.432454558801,485.432454558801,1212.15527212219,1212.15527212219,1233.11044828357,1237.46852519664,1238.33315761629,1239.51490431525,1267.77355108905,1277.87965605033,1467.02430064502,1508.72640151285,1510.86478145565,1511.88363888237,1512.37215507017,1521.34652029239,1521.30492568771,1521.57771657983,1521.51961177588,1521.51961177588,1523.73405239765,1523.73405239765,1560.76898460619,1560.76898460619,1560.68582484768,1564.72785858289,1575.52924401924,1583.15199624617,1595.65451411839,1666.87529610601,1683.85007906646,1683.85007906646,25.1634751988125,131.393088748015,22.1941010725033,37.4352037953416,71.9957486960494
2004-12-30,192.591704248812,192.591704248812,192.591704248812,196.998133714671,198.046434082301,201.305487432039,212.040993570501,213.585554046581,214.609679252666,247.331128104115,247.331128104115,266.037697191069,266.037697191069,279.232225238251,279.232225238251,285.934205812745,285.934205812745,285.934205812745,286.826477224105,301.480648431679,301.480648431679,318.087621507806,318.087621507806,318.976737130006,320.159753530973,322.136073357146,322.136073357146,324.514245253514,325.238922927729,337.021903817945,466.777217170047,466.777217170047,471.257122036534,474.892079675937,478.182810425493,480.438996678897,480.438996678897,1210.00615825795,1210.00615825795,1231.82209299582,1236.19175336084,1237.24989625608,1238.67530346654,1267.28724828977,1278.0358335019,1464.75839520709,1506.6499329672,1509.2283422495,1510.48190489459,1511.12859680789,1520.20342238003,1520.47606654884,1521.03939042872,1521.25340144178,1521.25340144178,1523.46092949017,1523.46092949017,1560.42114234546,1560.42114234546,1560.52021516267,1565.15697793203,1575.77103254463,1584.02974865363,1597.36827033201,1670.40933930573,1687.3351411922,1687.3351411922,24.4568333592601,127.068454830721,21.8248842931355,36.9199664743695,73.1992460309683
2004-12-31,188.947346448943,188.947346448943,188.947346448943,193.294912052678,194.307058628004,197.929296349934,208.470659863837,210.031491319006,211.190418810081,243.068872316308,243.068872316308,261.129205309506,261.129205309506,274.030793726074,274.030793726074,281.052295013048,281.052295013048,281.052295013048,281.848662766608,296.278181845204,296.278181845204,313.371253045624,313.371253045624,314.447088572146,315.600490829416,318.08442087914,318.08442087914,320.658226066317,321.413638075402,333.011795536588,458.710409357062,458.710409357062,463.593592520024,467.415038349523,470.995072379578,473.223232897059,473.223232897059,1202.59974871548,1202.59974871548,1224.74318655896,1229.33198549763,1230.48512544852,1232.04937396223,1260.5109258825,1271.47433290869,1455.38226437613,1496.91468115467,1499.70168277063,1501.05645235047,1501.76631302091,1510.82828481949,1511.26215261042,1511.9866798631,1512.3551968255,1512.3551968255,1514.55066596635,1514.55066596635,1551.28223478801,1551.28223478801,1551.49247348986,1556.51392234311,1566.94650842577,1575.61724361092,1589.57696408583,1664.10561514098,1680.9203189718,1680.9203189718,23.7174283973394,122.506851918311,21.218326672121,36.4244149429539,74.2234100245576
2005-01-01,185.323837918354,185.323837918354,185.323837918354,189.599517494221,190.578466979466,194.493858620453,205.094315284015,206.630657240135,207.823778384975,239.496986038415,239.496986038415,256.875562594959,256.875562594959,269.790246018137,269.790246018137,276.785047556553,276.785047556553,276.785047556553,277.54514647194,291.763504624638,291.763504624638,309.105968915132,309.105968915132,310.276458459369,311.542463875832,314.073062438074,314.073062438074,316.877712026512,317.630287462992,329.146879186573,451.444803943927,451.444803943927,456.288436892045,460.105833135694,463.743285714231,465.92656943741,465.92656943741,1195.07256340479,1195.07256340479,1217.81652187773,1222.38735903085,1223.42742641903,1225.0669222972,1253.43444638883,1264.24897194982,1444.54079193714,1485.3655370623,1488.15903749573,1489.51422328018,1490.2144973275,1499.18316814898,1499.64752235865,1500.41389807468,1500.82406500349,1500.82406500349,1503.00310137295,1503.00310137295,1539.34968600625,1539.34968600625,1539.59390092835,1544.74809978024,1555.00076072152,1563.80756636729,1578.09088597004,1653.56923470396,1670.17059863176,1670.17059863176,23.6159471506703,119.355290301609,20.6673593180553,35.9553112909379,74.9727360301571
2005-01-02,181.93676790468,181.93676790468,181.93676790468,186.147506292008,187.097685314107,190.949411872326,201.697089805539,203.276624889357,204.521135317175,236.241775505386,236.241775505386,253.989434165683,253.989434165683,266.911002813867,266.911002813867,273.466423792374,273.466423792374,273.466423792374,274.348774201947,288.681452845707,288.681452845707,305.44713894522,305.44713894522,306.539279855162,307.747392591714,310.117039318235,310.117039318235,312.839976821406,313.597116588804,325.107914791073,444.875903124309,444.875903124309,449.568245712998,453.293716468025,456.750468283312,458.908238402813,458.908238402813,1187.79970789189,1187.79970789189,1210.43680944901,1214.85980102272,1215.84190938676,1217.6332632167,1245.86183084433,1256.55752982042,1434.46180293222,1474.55400485604,1477.26428417629,1478.57423272792,1479.23358774301,1488.06210663127,1488.4969798609,1489.24701254715,1489.64304448955,1489.64304448955,1491.80290708502,1491.80290708502,1527.71402823731,1527.71402823731,1527.95183019918,1533.09916326557,1543.17362532574,1551.95516498557,1566.36359762612,1642.31318786719,1658.6367996101,1658.6367996101,23.5444576828022,117.045941911165,20.2705472867259,35.5301492980612,75.4086695247674
2005-01-03,178.483093101923,178.483093101923,178.483093101923,182.57588742216,183.475175017446,187.312317786635,197.834505681313,199.363721820367,200.607301461555,231.784652409391,231.784652409391,249.497519801562,249.497519801562,262.467838143636,262.467838143636,269.166152549153,269.166152549153,269.166152549153,269.942518395962,284.198547460191,284.198547460191,300.940505707828,300.940505707828,302.069956032087,303.223261333174,305.587258280456,305.587258280456,308.310600415535,309.065721628282,320.446408873602,438.291780317114,438.291780317114,442.877155296517,446.514721093679,449.848046108862,451.916186112136,451.916186112136,1179.9723327239,1179.9723327239,1202.18082318419,1206.46105176753,1207.39415139277,1209.19657772985,1237.1514598044,1247.73017248851,1423.52516684064,1463.08396842922,1465.75899767524,1467.0448686458,1467.68276680714,1476.35174564095,1476.78169812482,1477.53454606609,1477.93310723343,1477.93310723343,1480.0737068563,1480.0737068563,1515.63188448681,1515.63188448681,1515.87243372227,1521.01219876712,1530.91509167557,1539.67155372367,1554.15711805224,1630.28443793805,1646.33131729582,1646.33131729582,23.2043735371829,115.23094813681,19.9997094238949,35.164291056156,75.5482806184039
2005-01-04,175.120845573818,175.120845573818,175.120845573818,179.076267034841,179.933552002063,183.706351029232,194.021664602885,195.50173853173,196.733143082016,227.200571533181,227.200571533181,244.456205499851,244.456205499851,257.221707147355,257.221707147355,264.090685151876,264.090685151876,264.090685151876,264.794406427829,278.923364883698,278.923364883698,295.732382927087,295.732382927087,296.914465697756,298.02543718468,300.456672690909,300.456672690909,303.223694719991,303.977179135108,315.177876159451,431.484904362166,431.484904362166,436.00050670817,439.574503503625,442.871162278882,444.903182347047,444.903182347047,1171.02669959324,1171.02669959324,1192.85483531537,1197.01477751972,1197.91190580031,1199.71532794211,1227.29284591882,1237.7377156571,1411.24299042196,1450.3786582237,1453.04389306772,1454.31998542449,1454.95007910263,1463.4472779685,1463.89019695467,1464.65887769146,1465.07320762176,1465.07320762176,1467.19427028702,1467.19427028702,1502.49042302102,1502.49042302102,1502.74195920656,1507.8860730111,1517.6224008848,1526.36750356646,1540.89585682427,1616.98581881094,1632.76844231437,1632.76844231437,22.7744211135974,113.716182706839,19.7859916967838,34.8697195194613,75.4487583249882
2005-01-05,172.827123096822,172.827123096822,172.827123096822,176.709606389891,177.538864187302,181.018268356757,191.452502210569,192.933180801737,194.068365115543,224.169425179054,224.169425179054,240.633223704504,240.633223704504,252.99677195747,252.99677195747,259.62390820666,259.62390820666,259.62390820666,260.27590447987,274.134947825467,274.134947825467,290.681067979807,290.681067979807,291.839948908416,292.933067705055,295.387457944611,295.387457944611,298.157837133136,298.90123353299,309.932267050492,425.422513537983,425.422513537983,429.797843401365,433.334424713039,436.526462810967,438.467518046219,438.467518046219,1161.16643787919,1161.16643787919,1182.70190430935,1186.75297038055,1187.61686068634,1189.4103328879,1216.57559676778,1226.8562291537,1397.95679786077,1436.68513286023,1439.33808790745,1440.6051176513,1441.23042275281,1449.5523890229,1450.00813155078,1450.78989425154,1451.21880234282,1451.21880234282,1453.31840355891,1453.31840355891,1488.42249019623,1488.42249019623,1488.68441598528,1493.81222254558,1503.38697638872,1512.11080994309,1526.62842320179,1602.50997121578,1618.03455249639,1618.03455249639,22.7370463010629,113.036738218811,19.5723438639184,34.6483403808309,75.1820032508647
2005-01-06,170.667201787576,170.667201787576,170.667201787576,174.414091756777,175.206089896435,178.483339602258,188.824192163632,190.205274135168,191.277022722467,221.080267861887,221.080267861887,237.101704417035,237.101704417035,249.260877952069,249.260877952069,255.617346125267,255.617346125267,255.617346125267,256.233695862414,269.890788913721,269.890788913721,285.849278439993,285.849278439993,286.972758023241,288.022590667727,290.366328445013,290.366328445013,293.077833432858,293.80491646536,304.601485446982,419.560721918491,419.560721918491,423.779138180034,427.204157640831,430.294107574668,432.187887867726,432.187887867726,1148.1501395979,1148.1501395979,1169.35644798967,1173.36008514435,1174.23547513318,1176.05229571592,1202.85310670172,1213.07667238475,1382.10140431375,1420.49817481444,1423.19175079819,1424.47318463218,1425.11306397327,1433.26037992557,1433.75880466172,1434.58110142153,1435.05024561226,1435.05024561226,1437.13082804456,1437.13082804456,1472.14666584754,1472.14666584754,1472.43590259149,1477.58579799299,1487.00390184323,1495.74725955703,1510.24737134347,1585.86797463047,1601.16544834759,1601.16544834759,22.6478399172425,112.643503514873,19.3457343421871,34.4905135829336,74.8145693833392
2005-01-07,168.985631174663,168.985631174663,168.985631174663,172.605759944828,173.359877275326,176.378983460919,186.645068617383,187.940611430409,188.920250468029,218.429547041057,218.429547041057,233.861158641562,233.861158641562,245.767387876834,245.767387876834,251.883976848672,251.883976848672,251.883976848672,252.449867719315,265.897066192445,265.897066192445,281.240824182129,281.240824182129,282.305022427898,283.29237223181,285.532808233743,285.532808233743,288.180997297211,288.887069577541,299.43073851824,414.218567986411,414.218567986411,418.25375268358,421.576182297855,424.533166608941,426.347036327229,426.347036327229,1132.70219242294,1132.70219242294,1153.51126931252,1157.46105474293,1158.33668278444,1160.16042581923,1186.50878788165,1196.64780105753,1364.12273701108,1402.15660115277,1404.8837010442,1406.17765246788,1406.83166019319,1414.80300039965,1415.34203002926,1416.20223564316,1416.70967165475,1416.70967165475,1418.77048106541,1418.77048106541,1453.7477771568,1453.7477771568,1454.06383279182,1459.22915362081,1468.49465053451,1477.25233417273,1491.69049119583,1567.01563984306,1582.08912939796,1582.08912939796,22.702747751888,112.636650931355,19.1223492261899,34.384217671671,74.409158289836
2005-01-08,168.050459393142,168.050459393142,168.050459393142,171.528225886487,172.240569336899,174.892439304027,185.190814148863,186.383254747406,187.253141289747,216.578383525414,216.578383525414,231.372057757617,231.372057757617,243.118358661496,243.118358661496,248.844430531758,248.844430531758,248.844430531758,249.363285678376,262.646242772261,262.646242772261,277.173928420825,277.173928420825,278.142152663037,279.072773001027,281.134633696487,281.134633696487,283.67968948344,284.359646076242,294.62018643018,409.547582164992,409.547582164992,413.366392984167,416.570760033538,419.365462598552,421.081760177693,421.081760177693,1115.17754873632,1115.17754873632,1135.48788075832,1139.37532550589,1140.25728938628,1142.08796079534,1167.93055234205,1177.95400155926,1344.60599734453,1382.27605736112,1385.01798783395,1386.31688482289,1386.97960627992,1394.77446023184,1395.34395673401,1396.23133207106,1396.76737306892,1396.76737306892,1398.80784550604,1398.80784550604,1433.77053087959,1433.77053087959,1434.10697238199,1439.25798933631,1448.37492460627,1457.12338022716,1471.44129194921,1546.47310684386,1561.32381811765,1561.32381811765,22.9531758055713,112.979852220507,18.952000868538,34.3176630393572,74.0295333947556
2005-01-09,167.857909246445,167.857909246445,167.857909246445,171.194427776207,171.864300460665,174.104914639563,184.316437606616,185.419382966739,186.182926623842,215.363768245456,215.363768245456,229.608943917279,229.608943917279,241.097643031832,241.097643031832,246.454039791007,246.454039791007,246.454039791007,246.93231907855,260.094725829324,260.094725829324,273.772307092636,273.772307092636,274.627973985147,275.499539361575,277.347550428599,277.347550428599,279.76145417575,280.41048855257,290.368711718968,405.765226087161,405.765226087161,409.332692099195,412.409604362425,415.011017817434,416.615517906235,416.615517906235,1096.44388426658,1096.44388426658,1116.19777784392,1120.00755481359,1120.88299364857,1122.70107350901,1147.97292854543,1157.84335031831,1324.3982240235,1361.71052268623,1364.44098395912,1365.7323763428,1366.394391151,1374.01115850816,1374.59418058848,1375.49226616123,1376.04200659865,1376.04200659865,1378.06169339618,1378.06169339618,1413.01415237885,1413.01415237885,1413.36086546021,1418.46741534986,1427.43952719032,1436.1419912183,1450.28008751585,1525.05908914869,1539.68233980213,1539.68233980213,23.2342217091252,113.689464592796,18.8394939816427,34.2798647252863,73.729013050866
2005-01-10,168.321145560983,168.321145560983,168.321145560983,171.522271511533,172.151167420219,173.992767917296,184.093344811124,185.103779108025,185.753648804329,214.840840589987,214.840840589987,228.55308166294,228.55308166294,239.580269375591,239.580269375591,244.603397605974,244.603397605974,244.603397605974,245.045397535618,258.128118077056,258.128118077056,270.993516426383,270.993516426383,271.739836408237,272.553606257975,274.182255283234,274.182255283234,276.456888011783,277.073492451152,286.722890868557,402.899602967246,402.899602967246,406.205432163827,409.148825410684,411.536750145803,413.016417797646,413.016417797646,1077.00433360912,1077.00433360912,1096.15375980262,1099.87373094484,1100.7365258649,1102.53275515109,1127.18220245861,1136.86857865453,1303.89302742614,1340.85877488769,1343.5644602483,1344.84175972069,1345.49809443443,1352.94004373115,1353.52741413059,1354.42728713324,1354.9824093326,1354.9824093326,1356.98182109315,1356.98182109315,1391.93176103811,1391.93176103811,1392.28292596322,1397.31953767619,1406.1518189961,1414.78726610382,1428.70854818071,1503.31100404204,1517.70591581686,1517.70591581686,23.5974940739037,114.717675594056,18.7579495054838,34.2636662888413,73.5303253648025
2005-01-11,169.190637178325,169.190637178325,169.190637178325,172.245529368656,172.837684181624,174.373008547364,184.330269108941,185.267938499585,185.827569490763,214.755084314939,214.755084314939,227.997372406022,227.997372406022,238.525947956833,238.525947956833,243.237782113897,243.237782113897,243.237782113897,243.647777489232,256.596083678521,256.596083678521,268.744034988608,268.744034988608,269.392328587868,270.151049595426,271.58090496409,271.58090496409,273.721545492364,274.307020066224,283.643447468764,400.732080846606,400.732080846606,403.805746184904,406.622406970156,408.818492886584,410.186748452184,410.186748452184,1057.34900341733,1057.34900341733,1075.86198804708,1079.48393883613,1080.32888506471,1082.09469143079,1106.0775139297,1115.55293229769,1283.28220456298,1319.90707248493,1322.58234256723,1323.84220268141,1324.49045725668,1331.76040253359,1332.34786146466,1333.24528459738,1333.80159978844,1333.80159978844,1335.78054170942,1335.78054170942,1370.73510255976,1370.73510255976,1371.08798164872,1376.04556798368,1384.74065998051,1393.29746021972,1406.98187559053,1481.47916493742,1495.64925811928,1495.64925811928,23.8309127422273,115.82721129884,18.6844383234286,34.2611504562128,73.4149736706745
2005-01-12,171.155638521145,171.155638521145,171.155638521145,174.172112786017,174.743954014329,175.90386529213,185.815544764557,186.694651552114,187.105794426785,215.970471626274,215.970471626274,228.711041297503,228.711041297503,239.102957086155,239.102957086155,243.204165319403,243.204165319403,243.204165319403,243.613631160707,256.384751701105,256.384751701105,267.519858402463,267.519858402463,268.020044637732,268.749565876555,269.961158111073,269.961158111073,271.934480876136,272.482006493051,281.521377178166,399.986524084242,399.986524084242,402.801697186612,405.529796890675,407.475373088086,408.679274762822,408.679274762822,1040.41112422907,1040.41112422907,1058.14176599245,1061.59474907528,1062.3778909996,1064.06665940317,1087.27927059989,1096.39450810414,1264.71737605613,1300.8959264884,1303.46952839699,1304.67969764772,1305.29452831632,1312.38986579839,1312.93519356794,1313.79140047172,1314.31312237195,1314.31312237195,1316.27050774044,1316.27050774044,1351.17152017238,1351.17152017238,1351.50268765039,1356.31597245389,1364.87538971626,1373.28284052203,1386.65762483244,1461.01183919177,1474.9379429839,1474.9379429839,24.1746329597085,117.479251355249,18.6155582198648,34.2569276993352,73.3334160187178
2005-01-13,172.587270309357,172.587270309357,172.587270309357,175.507906920936,176.061933755762,177.159406917157,186.942738861343,187.786691406184,188.180083060651,216.786152746606,216.786152746606,229.379015266292,229.379015266292,239.563685872846,239.563685872846,243.453155030945,243.453155030945,243.453155030945,243.829343842444,256.369840797086,256.369840797086,266.85983065525,266.85983065525,267.257559920998,267.922132808755,268.909801515301,268.909801515301,270.740834773119,271.255864090453,280.010159065145,399.670620877052,399.670620877052,402.281771766501,404.872317792467,406.644681662657,407.763833494777,407.763833494777,1023.6381245679,1023.6381245679,1040.77692782449,1044.13581514539,1044.89146575378,1046.53742603955,1069.08611315687,1077.95507347734,1246.77791783663,1282.5847845163,1285.09817032927,1286.2746930554,1286.86896581233,1293.7986121623,1294.32187552174,1295.15558467313,1295.65892782705,1295.65892782705,1297.59586929876,1297.59586929876,1332.44582675586,1332.44582675586,1332.7655005956,1337.45672295184,1345.88386959479,1354.16438355033,1367.25463699568,1441.46321022054,1455.1592768381,1455.1592768381,24.0571504085622,118.839233916575,18.5463410257753,34.2302732106529,73.2280501006318
2005-01-14,173.767797042603,173.767797042603,173.767797042603,176.624729186847,177.160041967821,178.271852619156,187.944639129048,188.776092341899,189.177082350352,217.365271411941,217.365271411941,229.82530605412,229.82530605412,239.645127249917,239.645127249917,243.528327014965,243.528327014965,243.528327014965,243.886531192507,256.247731966455,256.247731966455,266.394477526658,266.394477526658,266.744172023018,267.370006668513,268.226985879375,268.226985879375,269.954648352806,270.444152861536,278.93552036201,399.503217929731,399.503217929731,401.990519273207,404.487455419709,406.150251722636,407.209496858436,407.209496858436,1007.38380211462,1007.38380211462,1023.94866097362,1027.2125385047,1027.93974714267,1029.54267331114,1051.44087449313,1060.06419183731,1229.07953737941,1264.52454225135,1266.99415183413,1268.1451529974,1268.7254836483,1275.49376517323,1276.00613880123,1276.82787059732,1277.32250201524,1277.32250201524,1279.23968821825,1279.23968821825,1314.01402318801,1314.01402318801,1314.32984995406,1318.92428806273,1327.22252720989,1335.39661336797,1348.22446114558,1422.24963812487,1435.73345075881,1435.73345075881,23.7523642963953,119.811015995109,18.4633507935913,34.1617724842186,73.0562831774221
2005-01-15,174.589402247832,174.589402247832,174.589402247832,177.399279905476,177.916676493573,179.104247957349,188.674920679311,189.509655578424,189.943104920226,217.643470029452,217.643470029452,229.951596904817,229.951596904817,239.333899687468,239.333899687468,243.266821887836,243.266821887836,243.266821887836,243.611255959918,255.81146929548,255.81146929548,265.81435866051,265.81435866051,266.162860948149,266.75815681071,267.573892000002,267.573892000002,269.245906157457,269.716202368114,277.968484817247,398.884632598094,398.884632598094,401.342838530963,403.769650467283,405.423211699391,406.482953056576,406.482953056576,991.225779884482,991.225779884482,1007.27630995171,1010.46280393967,1011.1714803566,1012.73893600797,1034.02291522088,1042.42894432527,1211.23028817979,1246.32933270186,1248.77177930728,1249.90670401393,1250.48038315977,1257.09334455814,1257.605510335,1258.42365764941,1258.91834469582,1258.91834469582,1260.8165223222,1260.8165223222,1295.4763996147,1295.4763996147,1295.79397195649,1300.30652623236,1308.48134063766,1316.5650698995,1329.15194725895,1402.9368974127,1416.2230776111,1416.2230776111,23.3466537584602,120.097727246843,18.3697921520468,34.0411215471344,72.8059553177199
2005-01-16,175.092124125107,175.092124125107,175.092124125107,177.853602248566,178.352993479266,179.62913510852,189.098307522203,189.942061791009,190.418071287315,217.605346177167,217.605346177167,229.733048618099,229.733048618099,238.684169346733,238.684169346733,242.667037336361,242.667037336361,242.667037336361,242.998746459373,255.034615471697,255.034615471697,264.974496367634,264.974496367634,265.34456035293,265.913993613869,266.746997042569,266.746997042569,268.396486264787,268.8524303464,276.883967764096,397.331185277856,397.331185277856,399.841888040882,402.224169508864,403.958165129162,405.075901629052,405.075901629052,974.591047585436,974.591047585436,990.210136942795,993.34436951543,994.045502335185,995.588589817425,1016.31319585451,1024.53913349547,1192.68177385496,1227.45916496341,1229.89606175343,1231.02671097413,1231.60290848797,1238.06812718912,1238.59383170965,1239.41998500307,1239.92617632209,1239.92617632209,1241.80730699639,1241.80730699639,1276.31244720279,1276.31244720279,1276.63911403064,1281.09660204065,1289.14900736422,1297.1632277595,1309.53442572186,1383.01621019533,1396.12081455358,1396.12081455358,22.8980410855107,119.462408975812,18.2588014725859,33.8626118906822,72.4667008155521
2005-01-17,175.877449500448,175.877449500448,175.877449500448,178.5295741734,179.006200717713,180.207537761141,189.546590781426,190.372527261367,190.850943415756,217.463370451111,217.463370451111,229.351181097159,229.351181097159,237.88666349033,237.88666349033,241.870062976991,241.870062976991,241.870062976991,242.190393465291,254.045884673179,254.045884673179,263.905622790319,263.905622790319,264.298516891532,264.845910671083,265.711900638928,265.711900638928,267.348774868213,267.79380426446,275.615660989786,394.667347114714,394.667347114714,397.27182522506,399.621589740663,401.486299678185,402.696092305358,402.696092305358,957.122701546724,957.122701546724,972.380902039472,975.480294568317,976.181843285742,977.708865296286,997.920298118747,1005.99801636702,1173.05278575305,1207.51106811641,1209.96070237784,1211.09575919542,1211.68136778575,1218.00830363042,1218.55824020617,1219.40184369701,1219.9285168149,1219.9285168149,1221.792062572,1221.792062572,1256.09907670014,1256.09907670014,1256.44102978557,1260.86428633545,1268.79931017094,1276.76231090613,1288.94154820323,1362.0707612134,1375.00838760364,1375.00838760364,22.4482723484787,117.855739741905,18.1237201283667,33.626105793546,72.0561346826032
2005-01-18,179.748445363141,179.748445363141,179.748445363141,182.449760902145,182.936220242904,183.45615394748,192.851118349972,193.656650938221,193.890933468993,220.435857795032,220.435857795032,232.303799622514,232.303799622514,240.550658474702,240.550658474702,244.035685915965,244.035685915965,244.035685915965,244.473413766874,256.648006185307,256.648006185307,265.890548735179,265.890548735179,266.000101960181,266.661488629943,267.345819296768,267.345819296768,268.985762432534,269.410573693653,277.612826653031,395.982014683085,395.982014683085,398.317187368131,400.803073431169,402.493563202655,403.450436559977,403.450436559977,953.5911775149,953.5911775149,969.085225150558,972.250189199047,972.855656848018,974.181032194669,994.709941962668,1002.1400229426,1169.11400828883,1203.29063867032,1205.25410079985,1206.19797282299,1206.62187383669,1212.86068037655,1213.0976391222,1213.65799292404,1213.90357225121,1213.90357225121,1215.76977430302,1215.76977430302,1249.46364052621,1249.46364052621,1249.61796606952,1253.44743823297,1261.26811698866,1268.74800613505,1280.26235126488,1352.45690422043,1364.9991206442,1364.9991206442,22.9202746232147,117.569311886367,18.4104701864455,33.4304146097456,71.6958767605126
2005-01-19,181.472626398764,181.472626398764,181.472626398764,184.084881830172,184.588600364439,185.316939472898,194.496605442527,195.284023250962,195.580463130991,222.172838291654,222.172838291654,234.175447061005,234.175447061005,242.075020622483,242.075020622483,245.384001642091,245.384001642091,245.384001642091,245.776329011402,257.727487310523,257.727487310523,266.926451746071,266.926451746071,267.09068881804,267.673042826138,268.259735400406,268.259735400406,269.711459223736,270.129747302523,278.322036596867,395.377820794557,395.377820794557,397.78136926996,400.143724365499,401.79950631158,402.846326962803,402.846326962803,946.234590399578,946.234590399578,961.199098238842,964.275548816361,964.86470207243,966.210945217967,986.247705064283,993.6290003921,1159.89411164884,1193.9297693067,1195.98107201028,1196.95134003668,1197.41288889283,1203.61938019698,1203.92342233011,1204.52506459311,1204.82413584531,1204.82413584531,1206.68045472921,1206.68045472921,1240.1358487972,1240.1358487972,1240.32437315384,1244.17076404842,1251.88784909135,1259.28886517741,1270.72260668573,1342.53214376387,1354.90217059824,1354.90217059824,22.7984773505942,116.120643855871,18.4988518269745,33.1316758724328,71.293566595594
2005-01-20,184.234949358922,184.234949358922,184.234949358922,186.83954697859,187.353098920396,188.087970236129,197.462358648579,198.276942148878,198.494280415281,225.559479938023,225.559479938023,237.897837298687,237.897837298687,245.665557000833,245.665557000833,248.451187566693,248.451187566693,248.451187566693,248.942497183868,261.016640183485,261.016640183485,269.45708966374,269.45708966374,269.486326224261,270.120098804865,270.515021721569,270.515021721569,271.83890494865,272.231674172752,280.468842314021,397.510545496897,397.510545496897,399.650410507572,402.011411858221,403.343333498803,404.141327655422,404.141327655422,943.976095337137,943.976095337137,958.480653685171,961.356323725414,961.8482907545,963.094522952469,982.644761441875,989.583316039284,1154.99274025935,1188.50903860301,1190.35047605534,1191.1920211718,1191.5699966119,1197.67120946084,1197.88785683159,1198.41054528165,1198.64699828713,1198.64699828713,1200.48253947184,1200.48253947184,1233.53171935378,1233.53171935378,1233.68219374511,1237.3596767329,1244.96822873112,1252.18994981175,1263.40693208084,1334.66514397304,1346.82776031691,1346.82776031691,23.2793823833077,116.555792404862,18.4747657456818,32.8191393565255,70.8466868517795
2005-01-21,193.622007287662,193.622007287662,193.622007287662,196.317782544418,196.890563160055,196.197734027502,206.705053365802,207.608341403487,207.236275073965,238.508712200036,238.508712200036,255.677015661355,255.677015661355,265.09924709315,265.09924709315,265.368016169764,265.368016169764,265.368016169764,267.30047955814,281.730691286066,281.730691286066,284.992428648811,284.992428648811,283.986208314175,285.093428429531,283.374013203422,283.374013203422,283.554811882238,283.778244828251,292.056858579301,419.840712934546,419.840712934546,419.600313012807,421.720654049184,421.006580860325,420.508506900704,420.508506900704,982.602182164198,982.602182164198,995.771171668352,997.837627691767,997.680623916563,998.286486446122,1016.71137531356,1021.44982106773,1186.6824248084,1218.22362170214,1218.73953866873,1218.92842870991,1218.79969853981,1224.67023372192,1224.10587306248,1223.92967331348,1223.51642578772,1223.51642578772,1225.30813708366,1225.30813708366,1257.01351291604,1257.01351291604,1256.74382121975,1259.13920332005,1266.61552028669,1272.54135921923,1282.49192011227,1351.96084288868,1363.48096347167,1363.48096347167,27.3918320289122,131.073143205978,18.6069372172063,32.4832059818056,70.3491569007501
2005-01-22,208.605858554806,208.605858554806,208.605858554806,211.409858459775,212.168273765043,209.827400649436,220.219252237276,221.089516736968,220.149784108487,256.747074370938,256.747074370938,279.653008761597,279.653008761597,290.688774744386,290.688774744386,289.590005045947,289.590005045947,289.590005045947,292.262603524204,309.479474738196,309.479474738196,310.244209510854,310.244209510854,308.613530139434,310.178669392112,306.963385042032,306.963385042032,306.116873539262,306.197745917339,315.414009664304,466.817339601675,466.817339601675,463.629015657423,465.489035193423,461.915460685142,459.914431500952,459.914431500952,1085.14064792869,1085.14064792869,1099.30692891438,1100.42120050794,1099.22405359151,1099.02912206816,1115.95868107979,1117.0002446213,1283.57259687237,1311.29267063131,1309.4288825186,1308.46222764896,1307.42782320189,1312.95260786852,1310.96233525251,1309.49929882831,1307.87493409092,1307.87493409092,1309.60020225407,1309.60020225407,1339.03631378273,1339.03631378273,1337.96359489669,1337.93159678846,1345.2521602105,1348.68551067318,1356.20342611398,1422.44511522204,1432.80519093668,1432.80519093668,32.0414721993539,158.874008943261,18.8487191359981,32.1287440875173,69.8057272962169
2005-01-23,217.246210188617,217.246210188617,217.246210188617,220.582681882615,221.473147144436,219.95884478637,230.526175685015,231.319993580278,230.606948211021,269.868967825562,269.868967825562,295.697615565385,295.697615565385,309.326381822757,309.326381822757,309.681759951901,309.681759951901,309.681759951901,312.167981929457,331.77770727256,331.77770727256,334.910048139482,334.910048139482,332.708737298254,334.218168992992,330.786136371783,330.786136371783,330.0090951593,330.145813598341,340.997680725085,516.621338342087,516.621338342087,513.170667377174,514.946923779826,509.757281550476,506.497058228771,506.497058228771,1175.31622401754,1175.31622401754,1192.51035444129,1194.69982636264,1193.82967475473,1193.81919145799,1213.04873877783,1214.26753879077,1391.00434324279,1418.96895738788,1416.63866391832,1415.42922366765,1414.19505427396,1419.62035089243,1417.258967696,1415.43881322776,1413.44553162144,1413.44553162144,1415.16002589811,1415.16002589811,1443.67216910044,1443.67216910044,1442.32185738229,1441.36179756638,1448.58908834985,1451.07310420845,1457.4929797658,1521.99960052832,1531.7301705283,1531.7301705283,32.9626559662557,183.237752520298,19.6969697978949,31.8299010939466,69.4008920314244
2005-01-24,222.715711610471,222.715711610471,222.715711610471,226.235173220419,227.175825304144,226.892985381204,237.436307408628,238.328589811761,237.961972383075,276.955920082846,276.955920082846,303.094042918822,303.094042918822,318.545967468893,318.545967468893,321.420116747085,321.420116747085,321.420116747085,322.932812103283,342.688591224889,342.688591224889,350.85959786841,350.85959786841,349.627658668002,351.264524258737,348.484523793578,348.484523793578,348.214972891361,348.485159237459,360.050882195463,550.858821698261,550.858821698261,549.502821120774,551.571664648231,547.702077962793,545.122029862094,545.122029862094,1252.74602954213,1252.74602954213,1269.09407873289,1271.56181592828,1270.98572867503,1271.29899803206,1292.22421739197,1294.43887872034,1481.43540688029,1510.91784333077,1509.17532206466,1508.26910325819,1507.27396646317,1512.74364159754,1510.72565853876,1509.18829528787,1507.46915168748,1507.46915168748,1509.1800391183,1509.1800391183,1537.70285338578,1537.70285338578,1536.51829258,1535.97297274879,1543.11529644069,1545.93119779224,1552.64470995755,1617.00183004491,1626.68798251909,1626.68798251909,31.8412774636177,195.595099861345,20.3061159233578,31.4452799403905,68.9345409982783
2005-01-25,225.34438364562,225.34438364562,225.34438364562,229.031863204729,229.988067063641,230.855835776603,241.440421791024,242.477413891763,242.509697316262,280.432458236738,280.432458236738,305.369352941753,305.369352941753,321.223719734522,321.223719734522,326.168961619584,326.168961619584,326.168961619584,327.319964637008,346.45239234612,346.45239234612,358.854814840528,358.854814840528,358.498481766826,360.132251455047,359.004309065475,359.004309065475,359.66128850592,360.086391989833,372.054434216708,567.627466538025,567.627466538025,568.761038703438,571.418976811752,570.002694121947,568.885877017837,568.885877017837,1309.38087430455,1309.38087430455,1327.2957152196,1330.1967358839,1329.92382949566,1330.56670897783,1353.00697566257,1356.25882731325,1549.98045301751,1580.90106932508,1579.94167261229,1579.38789575133,1578.68608638337,1584.18778131288,1582.67674848341,1581.59515116659,1580.31389042706,1580.31389042706,1582.02550544216,1582.02550544216,1610.88522156301,1610.88522156301,1609.9929804084,1610.26138379536,1617.32655929501,1620.98038023945,1628.4579431227,1693.36358269666,1703.27582809818,1703.27582809818,30.3335204968071,197.126487965679,20.545095123799,31.085121039464,68.5069610571058
2005-01-26,225.308306332863,225.308306332863,225.308306332863,229.145721597817,230.09950064088,232.026996477742,242.650836317378,243.836674587782,244.262514199308,280.999273233567,280.999273233567,304.511643045825,304.511643045825,320.127410678131,320.127410678131,326.296961762798,326.296961762798,326.296961762798,327.252582534571,345.64779556995,345.64779556995,360.771177495246,360.771177495246,361.115371419033,362.713814742855,363.029921720661,363.029921720661,364.533971523504,365.094763244401,377.213020525301,569.531790400066,569.531790400066,572.728991736269,575.896100281102,576.825902850863,577.1808205146,577.1808205146,1338.32010336912,1338.32010336912,1357.92641320928,1361.48550472761,1361.63183624865,1362.72328799614,1386.76904535311,1391.44958389265,1588.1945597891,1620.72937520923,1620.80638851815,1620.75717906618,1620.45878213529,1626.00889844531,1625.15233307649,1624.65959230705,1623.94046142108,1623.94046142108,1625.65753791944,1625.65753791944,1655.07044861588,1655.07044861588,1654.55769177409,1655.90454632087,1662.89949416427,1667.67344901269,1676.17858295343,1742.07829471396,1752.36028356434,1752.36028356434,28.8950299180907,191.240539727007,20.5102871004005,30.7349822861887,68.1611499014288
2005-01-27,223.306270802952,223.306270802952,223.306270802952,227.223548889337,228.15925202585,230.921972892536,241.549491785505,242.858522834884,243.619199043266,279.226052953534,279.226052953534,301.454631017082,301.454631017082,316.591919289773,316.591919289773,323.450844865481,323.450844865481,323.450844865481,324.287280171038,342.00018597838,342.00018597838,358.652997996056,358.652997996056,359.465953483629,360.998416045738,362.341320609568,362.341320609568,364.45674486975,365.111710464184,377.190687583987,561.380219358368,561.380219358368,565.948071300714,569.449366873334,572.103067906424,573.573483330463,573.573483330463,1341.31008537139,1341.31008537139,1362.31747050113,1366.46181186815,1366.99967429956,1368.50783544052,1393.81378093915,1399.8732103088,1596.36782737081,1630.26041312032,1631.35483473246,1631.80385602453,1631.90484771478,1637.49304640695,1637.28825137909,1637.38505727443,1637.23083415661,1637.23083415661,1638.95346443141,1638.95346443141,1668.94155190963,1668.94155190963,1668.81366477385,1671.26382738393,1678.19125886234,1684.11067906677,1693.6636914993,1760.71465718379,1771.39715603337,1771.39715603337,27.6488999770175,181.369063443137,20.2987785128784,30.3963476095305,67.9051709731528
2005-01-28,220.035856199624,220.035856199624,220.035856199624,223.965184575076,224.872563292555,228.203900389437,238.790972650613,240.187080901439,241.197365025898,275.747069510679,275.747069510679,296.852055996969,296.852055996969,311.429418928876,311.429418928876,318.667518921607,318.667518921607,318.667518921607,319.420219296705,336.547562947058,336.547562947058,353.995220609896,353.995220609896,355.099062774602,356.551710625158,358.568655254427,358.568655254427,361.082221998059,361.794306581164,373.728480301987,547.5413325706,547.5413325706,552.866986677478,556.543588116081,560.273018113588,562.456968985357,562.456968985357,1324.22377762309,1324.22377762309,1346.20671798327,1350.78066017665,1351.62694582745,1353.4544415814,1379.55290474175,1386.70226272319,1580.60815082849,1615.41814579522,1617.32722699697,1618.17695031614,1618.60055349142,1624.19963817101,1624.52520817693,1625.10241980273,1625.4110141077,1625.4110141077,1627.13830251162,1627.13830251162,1657.55339635557,1657.55339635557,1657.74364090639,1661.10429216649,1667.96230766782,1674.82637058626,1685.22897207023,1753.29312010179,1764.3024818759,1764.3024818759,26.6019022988777,170.005677849527,19.9981594086776,30.0697067787221,67.7146732369695
2005-01-29,216.061880397414,216.061880397414,216.061880397414,219.943079331062,220.813505577826,224.471236898603,234.963999362958,236.404553465013,237.581451503299,271.107144488709,271.107144488709,291.190164056104,291.190164056104,305.172119888955,305.172119888955,312.597493953249,312.597493953249,312.597493953249,313.279574829752,329.896677508086,329.896677508086,347.683240785914,347.683240785914,348.962114961263,350.323669705626,352.767651074416,352.767651074416,355.529112346356,356.272612369162,367.999759075659,530.900128549563,530.900128549563,536.565709065849,540.298470581454,544.604466193513,547.178471987801,547.178471987801,1292.59701062929,1292.59701062929,1315.10664836913,1319.96184892288,1321.02749562082,1323.08493902959,1349.56184950004,1357.50212173679,1547.53989607415,1582.86313071924,1585.36634020721,1586.50793658387,1587.16817109689,1592.74704160158,1593.46544415616,1594.39835355465,1595.05098501294,1595.05098501294,1596.77814490437,1596.77814490437,1627.44737132161,1627.44737132161,1627.87537858942,1631.90755382734,1638.69261579127,1646.24667448416,1657.24765581672,1726.05987131491,1737.2904229425,1737.2904229425,25.6953602994743,158.616383690845,19.6622504691034,29.7610346139578,67.5434967068683
2005-01-30,211.798379703596,211.798379703596,211.798379703596,215.585928520732,216.41653707623,220.20678224367,230.560047112336,232.009391795923,233.280778263852,265.792427976245,265.792427976245,284.936158856586,284.936158856586,298.295090275283,298.295090275283,305.76089963685,305.76089963685,305.76089963685,306.384828814203,322.540495474662,322.540495474662,340.348730900439,340.348730900439,341.728059247846,342.995535849814,345.691992169054,345.691992169054,348.594126106727,349.350534852793,360.826373269035,513.206237594897,513.206237594897,518.949956046378,522.65785799065,527.219696297766,529.974571824692,529.974571824692,1251.47629334787,1251.47629334787,1274.11467813827,1279.1129172336,1280.32040059307,1282.52578649609,1309.02483335048,1317.48107985816,1503.12024186995,1538.61447729966,1541.51476092718,1542.85123666694,1543.67126178261,1549.20528128937,1550.19273212403,1551.36882487477,1552.25782838795,1552.25782838795,1553.98104394257,1553.98104394257,1584.75034598054,1584.75034598054,1585.3426191755,1589.82611531243,1596.53581753842,1604.54332350316,1615.90464850065,1685.16194658404,1696.5133482509,1696.5133482509,24.8903994489329,147.931487850602,19.3129047357656,29.4724032704143,67.3406433482551
2005-01-31,207.556033477075,207.556033477075,207.556033477075,211.223650482895,212.013575478638,215.793595148581,225.98281605237,227.41504760289,228.721889263695,260.240368026931,260.240368026931,278.51465625964,278.51465625964,291.245698701504,291.245698701504,298.621440492186,298.621440492186,298.621440492186,299.200671059416,314.930655403249,314.930655403249,332.526606675601,332.526606675601,333.952968706282,335.137427800844,337.987135321694,337.987135321694,340.950084299151,341.704421755818,352.906676687249,495.68624588502,495.68624588502,501.355834813756,505.01397407623,509.674464243001,512.502994842079,512.502994842079,1206.73513171606,1206.73513171606,1229.2456576472,1234.24336879028,1235.50099573983,1237.75798585827,1263.9509267941,1272.60801312582,1453.71280872252,1489.04368805878,1492.14339214259,1493.57187068934,1494.47015114649,1499.93745816598,1501.06262065345,1502.36273697129,1503.37473127935,1503.37473127935,1505.08977746031,1505.08977746031,1535.79058906981,1535.79058906981,1536.47024355335,1541.17480527737,1547.80622119482,1556.02366780608,1567.50663555409,1636.85269314613,1648.22227937387,1648.22227937387,24.1724049221031,138.352531612357,18.9726723288733,29.197674042136,67.0596490663431
2005-02-01,203.704499606759,203.704499606759,203.704499606759,207.251439918416,208.003208548605,211.625127093555,221.667762180288,223.089355430395,224.380177592669,254.91874509792,254.91874509792,272.398094904338,272.398094904338,284.527730205494,284.527730205494,291.691077504318,291.691077504318,291.691077504318,292.237319832323,307.596578808578,307.596578808578,324.841047343913,324.841047343913,326.253660946022,327.373901548017,330.49712970766,330.49712970766,333.533253699255,334.283952981028,345.402311798987,480.098404969767,480.098404969767,485.642930241845,489.400902019734,493.873930194343,496.573328310112,496.573328310112,1164.94835945718,1164.94835945718,1187.17128852263,1192.00278541924,1193.2339932867,1195.44390207165,1221.29976161103,1229.82293881407,1406.75737583607,1441.57502145846,1444.59724793001,1445.99308392889,1446.87088796848,1452.24276919444,1453.34822537109,1454.63004293263,1455.62985249299,1455.62985249299,1457.33178754778,1457.33178754778,1487.7654772234,1487.7654772234,1488.44136878207,1493.09841089456,1499.64758234104,1507.79069793719,1519.12216294138,1588.1256550561,1599.39416023462,1599.39416023462,23.5367792545212,130.363028030884,18.713454936746,28.9409363773126,66.6703590097139
2005-02-02,200.400737470033,200.400737470033,200.400737470033,203.83941737075,204.559560566727,207.922395964101,217.733778162788,219.100573525052,220.339865036941,249.948771039913,249.948771039913,266.761743502677,266.761743502677,278.338141474696,278.338141474696,285.214208159993,285.214208159993,285.214208159993,285.728072449428,300.746536013727,300.746536013727,317.416335634952,317.416335634952,318.782783016749,319.831405776405,322.822867857583,322.822867857583,325.790912254699,326.529611426901,337.420050278788,464.768037080924,464.768037080924,470.153886001906,473.748966178328,478.244134936158,480.890746755423,480.890746755423,1120.87210099407,1120.87210099407,1142.57498560974,1147.40329579135,1148.64743746212,1150.86966906695,1176.19806312796,1184.75093960378,1357.95740386769,1392.4775089461,1395.55109690442,1396.97073078802,1397.8710405109,1403.15655333249,1404.30424129012,1405.62003802647,1406.65388829928,1406.65388829928,1408.34563452268,1408.34563452268,1438.59711576856,1438.59711576856,1439.29531515141,1443.97314663748,1450.44366155239,1458.56613108591,1469.78541879446,1538.35886608234,1549.53970668679,1549.53970668679,22.9732649810982,123.237371367485,18.443838798288,28.7035688788645,66.1614482792594
2005-02-03,197.821748194818,197.821748194818,197.821748194818,201.230378292263,201.929460707571,204.929874280182,214.625315125556,216.000754027092,217.158188938206,245.942255205558,245.942255205558,262.24031457163,262.24031457163,273.355209083996,273.355209083996,279.899024189082,279.899024189082,279.899024189082,280.428996282291,295.1327413469,295.1327413469,311.105182692524,311.105182692524,312.344962614884,313.33526325211,316.033004273351,316.033004273351,318.847702490424,319.555232925209,330.156285787836,450.895006371653,450.895006371653,456.014071080065,459.471028270402,463.64318817159,466.183788925156,466.183788925156,1078.88260111315,1078.88260111315,1099.88340879565,1104.57254298402,1105.77801936868,1107.95850248681,1132.68518464348,1141.08315201414,1310.67426640607,1344.71571670099,1347.74397307037,1349.14148993391,1350.02888622046,1355.21878888605,1356.35504346813,1357.65816259444,1358.68318232909,1358.68318232909,1360.36225357013,1360.36225357013,1390.38754559581,1390.38754559581,1391.08137907812,1395.70343072666,1402.09477397465,1410.12143632086,1421.16058182403,1489.11640719688,1500.18399031609,1500.18399031609,22.5722387846353,116.963335210112,18.1668600419684,28.4871723995496,65.5387797985586
2005-02-04,194.852283192576,194.852283192576,194.852283192576,198.109510994613,198.787473737829,201.782293816787,211.250019467147,212.546813602277,213.692998052663,241.794528812319,241.794528812319,257.589251616213,257.589251616213,268.242353266405,268.242353266405,274.621521010528,274.621521010528,274.621521010528,275.101906255012,289.383859584892,289.383859584892,304.921053691385,304.921053691385,306.115598911567,307.03655306314,309.590093827502,309.590093827502,312.307418725648,312.989870332178,323.301169296186,438.166999640005,438.166999640005,443.04250501483,446.384794538614,450.318183632132,452.732678213344,452.732678213344,1039.54766588213,1039.54766588213,1059.78756366471,1064.30154926314,1065.45047034481,1067.56854404915,1091.62316056353,1099.78926451863,1266.00223392709,1299.48074909303,1302.41754717245,1303.77002645919,1304.62606821647,1309.71552326068,1310.80963362014,1312.0718324564,1313.06084558687,1313.06084558687,1314.72593591462,1314.72593591462,1344.50309458394,1344.50309458394,1345.17367984981,1349.68283099745,1355.99643642516,1363.86735631588,1374.66796546148,1441.83842110227,1452.76808142181,1452.76808142181,22.049146725057,111.351273462191,17.8765829682125,28.2934323541229,64.8198092713034
2005-02-05,192.0627231003,192.0627231003,192.0627231003,195.191875574087,195.83808891623,198.728961928128,208.02042361456,209.267111673859,210.38288664364,237.730002642194,237.730002642194,253.000643177638,253.000643177638,263.254591989602,263.254591989602,269.527554361939,269.527554361939,269.527554361939,269.97194539398,283.8759072264,283.8759072264,299.039952927778,299.039952927778,300.201106400157,301.095724473027,303.511487909769,303.511487909769,306.134862414816,306.793214267917,316.811828796982,426.414534668778,426.414534668778,431.06375491396,434.294574414975,438.02651300126,440.310126385792,440.310126385792,1002.78226562432,1002.78226562432,1022.29090019271,1026.63076857405,1027.73984377664,1029.80101954716,1053.19984496483,1061.16574278256,1224.31774596914,1257.22035687327,1260.04942084639,1261.34960975065,1262.16806647324,1267.16048666629,1268.1987616297,1269.40702755221,1270.347710727,1270.347710727,1271.9990441902,1271.9990441902,1301.53506654481,1301.53506654481,1302.17736173043,1306.55198437831,1312.80180014784,1320.48289021567,1331.02495524178,1397.30715223536,1408.11327899603,1408.11327899603,21.5312291247271,106.314800212662,17.5851367066752,28.1281868032012,64.0277835669305
2005-02-06,189.717462275146,189.717462275146,189.717462275146,192.749528512867,193.365339749027,196.053311604787,205.315439797221,206.593023717295,207.679096421726,234.658068307733,234.658068307733,249.433869432888,249.433869432888,259.243703017038,259.243703017038,265.240244345767,265.240244345767,265.240244345767,265.704117194667,279.316350637646,279.316350637646,293.773559494492,293.773559494492,294.842183938915,295.714774324266,297.958429733615,297.958429733615,300.468693448647,301.09894017077,310.81558381897,415.506573337554,415.506573337554,419.945508154971,423.069311457831,426.623569245068,428.803357221641,428.803357221641,968.505303141469,968.505303141469,987.329931235893,991.506058243915,992.55859352278,994.559005864393,1017.33566466236,1025.05955269724,1185.37171491722,1217.69411780281,1220.4186962233,1221.66863013857,1222.45074821415,1227.34470558534,1228.33004547066,1229.48644168401,1230.380725137,1230.380725137,1232.01794463188,1232.01794463188,1261.33735140521,1261.33735140521,1261.9440814092,1266.17633463237,1272.34872438728,1279.84240919971,1290.10928766397,1355.43090750816,1366.08902829255,1366.08902829255,21.4229040770606,101.600855584236,17.2983760692461,27.9854413516736,63.1867695210051
2005-02-07,187.242634952482,187.242634952482,187.242634952482,190.19025867697,190.77562533638,193.396022420404,202.457087710479,203.685898644293,204.75457513486,231.328498453335,231.328498453335,245.77699052539,245.77699052539,255.223696180112,255.223696180112,260.975518686094,260.975518686094,260.975518686094,261.398820084695,274.723822420748,274.723822420748,288.767003105055,288.767003105055,289.816593907302,290.648798493115,292.761573924893,292.761573924893,295.175650486164,295.779463650142,305.204578092194,404.658679221733,404.658679221733,408.993942866922,412.035472564597,415.511653815096,417.647858427129,417.647858427129,936.121897165958,936.121897165958,954.335677303923,958.380762889434,959.390646081871,961.340763532504,983.534159439427,991.049017061144,1148.79150091688,1180.55133124031,1183.18232612809,1184.38699055773,1185.13505061559,1189.93087958635,1190.86938553201,1191.97951533244,1192.83246508864,1192.83246508864,1194.45729826924,1194.45729826924,1223.59337693284,1223.59337693284,1224.17169312253,1228.27300975346,1234.37106593423,1241.68502515406,1251.69937605723,1316.05019236498,1326.58238817643,1326.58238817643,21.0952403686634,96.3957621332115,17.0193070273738,27.8679980358741,62.3189924126835
2005-02-08,184.831198551719,184.831198551719,184.831198551719,187.680663624,188.23618733792,190.784797168484,199.670941421351,200.856113662424,201.90293731996,227.955327285594,227.955327285594,242.014840461922,242.014840461922,251.163913722802,251.163913722802,256.788155762431,256.788155762431,256.788155762431,257.183903887239,270.239043273583,270.239043273583,283.947920546428,283.947920546428,284.987134229765,285.805745579041,287.812688618439,287.812688618439,290.142884509643,290.724202636904,299.864751398764,393.55662634305,393.55662634305,397.845312572389,400.81971958101,404.285040304542,406.423064484455,406.423064484455,904.977612332877,904.977612332877,922.646438181548,926.569698524209,927.547044573133,929.455934894939,951.10738492052,958.450094403094,1113.84060510714,1145.11091322055,1147.67324699916,1148.83888856722,1149.56446150635,1154.2687699757,1155.16866013542,1156.2401666265,1157.05874311687,1157.05874311687,1158.67160325325,1158.67160325325,1187.66339565989,1187.66339565989,1188.22151167917,1192.21669770436,1198.24180236248,1205.40119707297,1215.18558086553,1278.58427315893,1289.0121682021,1289.0121682021,20.6857805409954,90.6016467808474,16.7498333440674,27.7701010985569,61.4430186431045
2005-02-09,182.494047284088,182.494047284088,182.494047284088,185.252809174261,185.779578477224,188.252377546526,197.044882026876,198.220709522104,199.250791077723,224.810034986108,224.810034986108,238.412548380372,238.412548380372,247.277264889766,247.277264889766,252.750919157107,252.750919157107,252.750919157107,253.123436557908,265.929613817868,265.929613817868,279.303904024461,279.303904024461,280.293449811068,281.070770548093,283.004540650469,283.004540650469,285.26619619292,285.8259430198,294.689756701274,382.442616503817,382.442616503817,386.659101151713,389.555684805872,393.00035400492,395.13993091513,395.13993091513,874.820080054954,874.820080054954,891.985014316281,895.799031782527,896.747326202573,898.618150351155,919.751834876686,926.939321417774,1080.08069498652,1110.87608701749,1113.37856353154,1114.52278189482,1115.23256191874,1119.84811567454,1120.73228983457,1121.78585930088,1122.58932293941,1122.58932293941,1124.19166974245,1124.19166974245,1153.0697344566,1153.0697344566,1153.6105623166,1157.51550438909,1163.4760372893,1170.49898011681,1180.07817145308,1242.55340642706,1252.89333861285,1252.89333861285,20.3497936388271,84.6814156798306,16.4866015706978,27.6878608234171,60.5728345882217
2005-02-10,180.696820640112,180.696820640112,180.696820640112,183.375381990186,183.880157966949,186.250203540517,195.023429778264,196.217355576982,197.205017211133,222.183658218291,222.183658218291,235.284164904906,235.284164904906,243.818054879111,243.818054879111,249.070353653959,249.070353653959,249.070353653959,249.421493264459,261.973641118331,261.973641118331,274.924599665461,274.924599665461,275.859283624309,276.612357404856,278.45086207949,278.45086207949,280.632877074531,281.169437837913,289.75880985459,371.924534862888,371.924534862888,375.983551076622,378.78453963912,382.129791842108,384.226231088767,384.226231088767,846.002982649822,846.002982649822,862.64995292917,866.351458999731,867.265492424849,869.091514490771,889.700804365649,896.719393310703,1047.68328260879,1078.00385362194,1080.45572547662,1081.57067847906,1082.26117881716,1086.78831760954,1087.64785436459,1088.67613502361,1089.45792167702,1089.45792167702,1091.04800919351,1091.04800919351,1119.81616290636,1119.81616290636,1120.34614880174,1124.1619971966,1130.05953988708,1136.94061369112,1146.31007413832,1207.87955637891,1218.1347987992,1218.1347987992,19.9722517851983,79.2390930711967,16.2284746173463,27.6186967555229,59.7178789712633
2005-02-11,184.551177915619,184.551177915619,184.551177915619,187.391591884309,187.92430637758,189.204164172224,198.322699175685,199.442906834458,200.005230613139,226.231930921882,226.231930921882,239.03820007934,239.03820007934,246.920240651081,246.920240651081,250.684525548974,250.684525548974,250.684525548974,251.139325842884,264.109572194504,264.109572194504,276.147098003132,276.147098003132,276.583082109946,277.626266684843,281.374980360419,281.374980360419,283.570841344946,284.080769278187,294.288344605107,385.099436751,385.099436751,387.552189090087,391.832631033914,393.34066395082,393.888087956285,393.888087956285,893.857016511579,893.857016511579,909.496068679754,911.287999508012,910.883045847764,911.351088729101,929.802755248608,932.625844260672,1080.5737372716,1107.25880598133,1107.33478264631,1107.28707555726,1107.07072290288,1111.27248834305,1110.72794201056,1110.50589676837,1110.12390275468,1110.12390275468,1111.65522162124,1111.65522162124,1138.57607646928,1138.57607646928,1138.35491179474,1139.96187924993,1145.75054457795,1150.39041802686,1157.61133055328,1216.06455365398,1225.40503527324,1225.40503527324,21.5241883253033,90.7537564821596,16.3760847200254,27.5611718638936,58.8842511553679
2005-02-12,203.193521660744,203.193521660744,203.193521660744,207.794787456202,208.350543217475,205.855995951991,230.597881829316,235.249097121758,235.025676111522,269.879340985888,269.879340985888,285.000630238777,285.000630238777,298.341471297352,298.341471297352,295.056059603266,295.056059603266,295.056059603266,296.427643549079,308.116022155863,308.116022155863,312.202705543822,312.202705543822,309.37972817514,310.799059485492,306.224939478983,306.224939478983,305.262258365319,305.385661024118,315.483475948128,434.997880441556,434.997880441556,431.986725261819,433.700889033258,429.670541946244,427.175598899216,427.175598899216,945.141663069778,945.141663069778,959.724958434767,961.549044324509,961.030520742956,961.370594656977,979.678568683142,981.549977070139,1131.04332310808,1156.44550083704,1155.66491026112,1155.18539063303,1154.62348963969,1158.66872362465,1157.55009119805,1156.78155690258,1155.8701165542,1155.8701165542,1157.36950807608,1157.36950807608,1183.35117079336,1183.35117079336,1182.75297271323,1183.15656398699,1188.85916101685,1192.16328107163,1197.96935990725,1254.03757752925,1262.70829124873,1262.70829124873,33.2595204062682,128.501579003032,16.6019509127945,27.5178791133458,58.0762023573995
2005-02-13,216.371455153168,216.371455153168,216.371455153168,221.066851095193,221.818775437711,219.490060750753,235.344926086372,237.607758994735,238.214887452603,287.17400084792,287.17400084792,307.861228624919,307.861228624919,325.198707579973,325.198707579973,324.742043417156,324.742043417156,324.742043417156,325.693987220548,341.61631898347,341.61631898347,342.707770101297,342.707770101297,340.171600841937,341.825400568092,336.396344994974,336.396344994974,334.64384693873,334.664816270259,345.389398803241,518.645077139553,518.645077139553,510.980284430476,511.632864166849,501.980166929985,495.926367689393,495.926367689393,1054.92333923144,1054.92333923144,1065.20828111035,1065.62957580356,1064.29101784316,1063.77023045832,1081.30627245989,1080.35393445581,1233.49490578294,1256.62539621498,1254.02986405962,1252.70341863978,1251.45758591668,1255.30515956793,1253.04835781254,1251.26100400103,1249.43121511739,1249.43121511739,1250.88663773567,1250.88663773567,1275.32570394587,1275.32570394587,1274.07220467981,1272.49874071953,1278.09972453451,1279.34136721795,1283.1039405161,1336.13389502859,1343.87936236165,1343.87936236165,39.5935615991974,188.050635171811,17.1826300809157,27.5268200383443,57.2978909609173
2005-02-14,224.78049442144,224.78049442144,224.78049442144,229.280312262073,230.159149734504,229.392038403315,242.75679558987,244.01016110749,243.997932154423,294.789320897553,294.789320897553,318.974678647014,318.974678647014,338.636805204034,338.636805204034,341.929807810495,341.929807810495,341.929807810495,342.849187572685,361.50115962622,361.50115962622,366.957561872862,366.957561872862,364.760418959001,366.381256868507,362.078479830521,362.078479830521,360.871257746441,361.023130185794,372.804960779866,596.233487930886,596.233487930886,589.453062927218,590.381725356612,580.383459645688,573.788052215879,573.788052215879,1187.99797610486,1187.99797610486,1196.25723685036,1196.04959761211,1194.36377202058,1193.46683266482,1210.65503710302,1208.15300557821,1367.17090585548,1389.05557739032,1385.35039927856,1383.49117477973,1381.82273054452,1385.57744269639,1382.60149966883,1380.13771257003,1377.61592935782,1377.61592935782,1379.03798427558,1379.03798427558,1402.38867464362,1402.38867464362,1400.69302915435,1397.73609570534,1403.24833885876,1402.9859159967,1405.19335653335,1455.71013801685,1462.70366104378,1462.70366104378,40.0504712686257,235.87233691935,17.7163283882456,27.478785631908,56.5547689071999
2005-02-15,228.763532480363,228.763532480363,228.763532480363,233.16582905043,234.085463545334,234.951107263264,247.504446608468,248.688936356686,248.780130007839,297.474210256907,297.474210256907,322.057946507226,322.057946507226,342.154458244628,342.154458244628,348.440277349232,348.440277349232,348.440277349232,349.314610347026,368.889385886947,368.889385886947,380.537039403202,380.537039403202,379.476715477671,381.128384369394,378.955012148576,378.955012148576,378.835873013668,379.174703915409,391.578079240002,640.173644969878,640.173644969878,637.977342298866,640.148176309153,634.132737088186,629.84902554774,629.84902554774,1301.05226976875,1301.05226976875,1310.61212602418,1311.02644594229,1309.63961727449,1309.06681065959,1327.66001606193,1325.89739212319,1491.86600181171,1514.38328856405,1510.96876265307,1509.19058402817,1507.60582916001,1511.3599817837,1508.56416368526,1506.25078480583,1503.85762648445,1503.85762648445,1505.27559262469,1505.27559262469,1528.77464942517,1528.77464942517,1527.14171403695,1524.28860001025,1529.74624662495,1529.49851173217,1531.59248660547,1581.30775692515,1588.1710574711,1588.1710574711,38.0688107999049,254.491315046901,17.8888588474178,27.4608940864763,55.8499906053271
2005-02-16,228.831061798308,228.831061798308,228.831061798308,233.320554514987,234.265424107672,236.570594881602,248.647160380539,249.989646461296,250.500585182456,296.476933092822,296.476933092822,320.512310909516,320.512310909516,339.88109272217,339.88109272217,347.914300331973,347.914300331973,347.914300331973,348.745272750695,368.268161970905,368.268161970905,384.624038159906,384.624038159906,384.667606504632,386.314800637637,386.197032639632,386.197032639632,387.305800854816,387.839560443043,400.61453329501,649.486369718455,649.486369718455,651.922537940403,655.239007351888,654.280059293382,653.143040235509,653.143040235509,1373.3345727322,1373.3345727322,1385.95368021865,1387.56915331437,1386.8431733231,1386.95072579849,1407.72755567443,1408.05638581083,1580.32376963865,1604.88148283545,1602.75519906803,1601.60170607435,1600.51131378974,1604.35609749096,1602.34225238652,1600.72593571498,1598.98975871857,1598.98975871857,1600.42327388928,1600.42327388928,1624.92015911501,1624.92015911501,1623.7187692224,1622.08965357775,1627.51821132056,1628.4744166329,1631.63217574888,1682.04519338568,1689.32583558299,1689.32583558299,35.5296291888135,248.761136742635,17.8395193738014,27.423811537665,55.1941658765511
2005-02-17,226.448009829878,226.448009829878,226.448009829878,230.961553028512,231.901866642547,235.238413163942,246.909355712271,248.392083960011,249.302255078172,292.556850774129,292.556850774129,315.662718593767,315.662718593767,333.926428584633,333.926428584633,342.909198467788,342.909198467788,342.909198467788,343.682872766668,362.677517183783,362.677517183783,381.877755316669,381.877755316669,382.7365693811,384.348518558137,385.834764876708,385.834764876708,387.924391641413,388.609235480532,401.518855723414,635.834362736798,635.834362736798,641.369269204782,645.454427514189,648.289437507251,649.616489622175,649.616489622175,1405.78391707754,1405.78391707754,1421.29329977997,1424.02783891964,1423.94138141317,1424.7153231395,1447.52850061554,1450.04577923902,1625.9840649474,1652.65889392036,1652.0238956145,1651.60269710802,1651.09481979903,1655.04532784899,1653.97001241923,1653.20111029639,1652.27224869451,1652.27224869451,1653.73024380833,1653.73024380833,1679.42666270919,1679.42666270919,1678.77182365803,1678.73437994462,1684.1432231954,1686.72054402856,1691.37982278323,1743.12753438801,1751.05054574167,1751.05054574167,33.069274035682,230.352707978352,17.6348471755861,27.3237569093266,54.5893087540065
2005-02-18,222.528532365129,222.528532365129,222.528532365129,227.001882492792,227.920326874963,231.907923452175,243.218357930689,244.788061289865,245.987458383739,286.726048387567,286.726048387567,308.78072756531,308.78072756531,325.882128121696,325.882128121696,335.285962666951,335.285962666951,335.285962666951,336.002606591891,354.337221884624,354.337221884624,374.954499834963,374.954499834963,376.318142369265,377.869241093253,380.461358760006,380.461358760006,383.196710744195,383.977165780038,396.832920970798,610.678509950146,610.678509950146,617.836598313274,622.331948670544,627.353971503535,630.147831643395,630.147831643395,1407.79360944242,1407.79360944242,1425.38146113693,1428.93686293965,1429.33462375784,1430.61653236721,1454.80622531244,1459.04152998724,1635.69046447809,1663.94736905176,1664.55222833642,1664.743730556,1664.72541297699,1668.74785679969,1668.46918548932,1668.42388386602,1668.18880844273,1668.18880844273,1669.66362440251,1669.66362440251,1696.30538510024,1696.30538510024,1696.12781259366,1697.48906017521,1702.87508615773,1706.8902231338,1712.90337530326,1765.89147036228,1774.40615137055,1774.40615137055,30.9104495279793,207.909942944585,17.3405205149865,27.1388577221356,54.0331495878362
2005-02-19,217.765821291652,217.765821291652,217.765821291652,222.163414140136,223.055056233883,227.40727906558,238.406112669018,240.018740665355,241.395370423328,279.929025569709,279.929025569709,300.917902713478,300.917902713478,316.91655175328,316.91655175328,326.375513763533,326.375513763533,326.375513763533,327.044859890207,344.730065734314,344.730065734314,365.860735987317,365.860735987317,367.493391304018,368.959333148762,372.206611225341,372.206611225341,375.377645660558,376.208307140413,388.921096101563,581.407306199853,581.407306199853,589.166809467216,593.766530074169,599.832896932667,603.338990708192,603.338990708192,1387.7053272526,1387.7053272526,1406.85916022529,1410.98691698361,1411.73812643229,1413.38246559734,1438.44063622275,1443.91224332369,1618.97017396198,1648.24010663389,1649.75476036708,1650.39733444418,1650.7402555195,1654.79546319474,1655.10807402638,1655.60041353905,1655.88283078127,1655.88283078127,1657.36924543721,1657.36924543721,1684.59532464205,1684.59532464205,1684.77649262622,1687.18667030601,1692.54306105475,1697.63358611108,1704.65888334558,1758.52329827387,1767.47808321857,1767.47808321857,29.1186781949289,185.817817171171,17.0135815202145,26.8750747598094,53.5186395168483
2005-02-20,212.591098157932,212.591098157932,212.591098157932,216.87416992575,217.730538920844,222.254049678595,232.975491724732,234.60218004921,236.080751396923,272.69640725497,272.69640725497,292.65671886602,292.65671886602,307.659453619058,307.659453619058,316.970100238522,316.970100238522,316.970100238522,317.59851326259,334.634917917502,334.634917917502,355.698183693207,355.698183693207,357.455500962205,358.833533824587,362.383927333939,362.383927333939,365.723654651057,366.578045294414,379.075602021848,551.91191216133,551.91191216133,559.697669992338,564.267098800839,570.706053839161,574.501581710178,574.501581710178,1353.53254924556,1353.53254924556,1373.45145715657,1378.01988150408,1379.01190229793,1380.89418396515,1406.36932606558,1412.66455876694,1584.69605610025,1614.50743167134,1616.63421822099,1617.58098506642,1618.16874480645,1622.22243228997,1622.93783836962,1623.79616078272,1624.43234746271,1624.43234746271,1625.92506707493,1625.92506707493,1653.41343907677,1653.41343907677,1653.84102818714,1656.9645208745,1662.28469763397,1668.09622343816,1675.79280427197,1730.14825068959,1739.38724984242,1739.38724984242,27.6411351369687,166.114698712464,16.6897174679709,26.5552630611591,53.03604393888
2005-02-21,207.299674262456,207.299674262456,207.299674262456,211.448742538118,212.270992122748,216.820746437503,227.283234682543,228.897641849227,230.424822898498,265.387195230588,265.387195230588,284.385268890973,284.385268890973,298.487257827576,298.487257827576,307.533489426023,307.533489426023,307.533489426023,308.124572653307,324.565405410541,324.565405410541,345.233303137533,345.233303137533,347.022153825355,348.308864829191,351.950548581455,351.950548581455,355.349863316181,356.204090671344,368.416809361554,524.065828551966,524.065828551966,531.585905579463,536.022171971089,542.352175756828,546.108394888844,546.108394888844,1308.15187016865,1308.15187016865,1328.5705155073,1333.3397081061,1334.51973012246,1336.58811496973,1362.2084639788,1369.13748203705,1537.48808940983,1567.61267954059,1570.19450908638,1571.36716113572,1572.13697139695,1576.1702096037,1577.18459113919,1578.31326966368,1579.2165394097,1579.2165394097,1580.70979183295,1580.70979183295,1608.28062107999,1608.28062107999,1608.88909717571,1612.5267685785,1617.80714288208,1624.12435980545,1632.28087642367,1686.87939376367,1696.30133576951,1696.30133576951,26.4086064322052,149.209330036675,16.3805331503148,26.2095894855545,52.5733292629041
2005-02-22,202.107489797397,202.107489797397,202.107489797397,206.107130159124,206.894852866781,211.373381072138,221.589983415384,223.178272238543,224.713145171468,258.224494418511,258.224494418511,276.345211851922,276.345211851922,289.635217648247,289.635217648247,298.35164264505,298.35164264505,298.35164264505,298.908309358992,314.806019801723,314.806019801723,334.896861230687,334.896861230687,336.662716566313,337.864054172493,341.479912285338,341.479912285338,344.864857797331,345.706273575217,357.607457729551,498.64640785749,498.64640785749,505.769502197241,510.037691635937,516.081397904926,519.676479817438,519.676479817438,1256.80173956427,1256.80173956427,1277.38210675368,1282.26111048121,1283.54882988304,1285.72153040481,1311.19142255092,1318.49295984768,1482.84704340155,1513.01821065784,1515.87966312664,1517.1917467557,1518.07555817323,1522.07089342744,1523.27530467811,1524.57520219803,1525.64008791514,1525.64008791514,1527.13045071201,1527.13045071201,1554.61499335383,1554.61499335383,1555.34034088339,1559.30142866522,1564.53858976096,1571.15955308969,1579.58331933429,1634.19344972397,1643.70943977022,1643.70943977022,25.362505028468,135.025061050854,16.0864593178284,25.8469515231454,52.117734754686
2005-02-23,197.165675278809,197.165675278809,197.165675278809,201.004913633508,201.758277750604,206.095897259414,216.077495449672,217.624634879799,219.138736882444,251.357581626294,251.357581626294,268.67518412646,268.67518412646,281.233788444716,281.233788444716,289.590948833157,289.590948833157,289.590948833157,290.11594235121,305.515911781683,305.515911781683,324.93547080705,324.93547080705,326.646517744923,327.767147830515,331.286898189199,331.286898189199,334.611735456969,335.432804647122,347.011028374594,475.76262649216,475.76262649216,482.450865042825,486.538487835529,492.232520726664,495.619549937727,495.619549937727,1203.08890146647,1203.08890146647,1223.55665903255,1228.45464196327,1229.78875332367,1232.00653680263,1257.15229400579,1264.62317655015,1424.99452976159,1455.00306946679,1458.00225359228,1459.38362949281,1460.32578105847,1464.26925752634,1465.5743641079,1466.96425933201,1468.11831289482,1468.11831289482,1469.60165283727,1469.60165283727,1496.87815352581,1496.87815352581,1497.66655893911,1501.79007409463,1506.98124924122,1513.73556137268,1522.26291626518,1576.67754093098,1586.21232393501,1586.21232393501,24.4593399132597,123.202252082954,15.8073290383539,25.4899221964758,51.6579315349713
2005-02-24,192.488564224086,192.488564224086,192.488564224086,196.164764628036,196.885302999516,201.059436787123,210.821095301269,212.321468607583,213.799600131693,244.861859427804,244.861859427804,261.433806266689,261.433806266689,273.334135349122,273.334135349122,281.321677661609,281.321677661609,281.321677661609,281.817812076512,296.758893294452,296.758893294452,315.456511948017,315.456511948017,317.097894747699,318.142593701235,321.517384147625,321.517384147625,324.751401249208,325.54628408085,336.784869654774,455.210399576776,455.210399576776,461.472551801439,465.376467930659,470.707103675585,473.876990245637,473.876990245637,1149.24876035534,1149.24876035534,1169.37927058998,1174.22342012046,1175.562913817,1177.78650406067,1202.46764981831,1209.9734864728,1366.5821232033,1396.29491516443,1399.3389435264,1400.74355430253,1401.70736890086,1405.58852660962,1406.93450769425,1408.35963987061,1409.55023430527,1409.55023430527,1411.02626326489,1411.02626326489,1438.02215951536,1438.02215951536,1438.8370441878,1443.013076257,1448.156603776,1454.93010300034,1463.4477035798,1517.51048353087,1527.01133773252,1527.01133773252,23.6698600567546,113.325653626584,15.5414063217904,25.1466107711711,51.18550201187
2005-02-25,188.081652200499,188.081652200499,188.081652200499,191.607417380208,192.294930021541,196.289515572998,205.839206903032,207.286248778984,208.721756766992,238.716440827608,238.716440827608,254.606979425676,254.606979425676,265.909479542555,265.909479542555,273.537729836998,273.537729836998,273.537729836998,274.005283067732,288.516533020042,288.516533020042,306.479281139278,306.479281139278,308.048929863487,309.027274642164,312.235324045089,312.235324045089,315.360624434827,316.126938136901,327.008306649114,436.703049773865,436.703049773865,442.564171493204,446.287366019527,451.271164335084,454.24881109586,454.24881109586,1096.79110553496,1096.79110553496,1116.41563028788,1121.16877061381,1122.4816042817,1124.67830081142,1148.78015178349,1156.21960693137,1309.34697701586,1338.67349348961,1341.69894859826,1343.09533296549,1344.05585098783,1347.86872809177,1349.21496513103,1350.63815852686,1351.82954836542,1351.82954836542,1353.29678100121,1353.29678100121,1379.96027364612,1379.96027364612,1380.77697817761,1384.93151242957,1390.02557120065,1396.73711953307,1405.1662434325,1458.76275921009,1468.19416310131,1468.19416310131,22.9458847680307,105.009499977079,15.2847181553552,24.8096651461956,50.6955459531441
2005-02-26,183.923526644043,183.923526644043,183.923526644043,187.292845007727,187.946786829617,191.76327710382,201.107673808871,202.500350025532,203.893407103186,232.881977427627,232.881977427627,248.153634017547,248.153634017547,258.910080702549,258.910080702549,266.204256971286,266.204256971286,266.204256971286,266.643004409224,280.750583482461,280.750583482461,298.00213436998,298.00213436998,299.499101122781,300.414594093006,303.458666559712,303.458666559712,306.470275517298,307.206492185933,317.724911518981,419.981069142104,419.981069142104,425.470759302421,429.021014729149,433.684638862183,436.462465553048,436.462465553048,1046.64706697604,1046.64706697604,1065.70751704216,1070.32450351574,1071.60026940468,1073.75772630375,1097.24053904632,1104.53747165151,1254.46139379787,1283.33731459146,1286.29925204241,1287.66493075416,1288.60426681063,1292.34535842506,1293.66286349647,1295.05763773068,1296.22438891039,1296.22438891039,1297.6817974044,1297.6817974044,1323.98494198857,1323.98494198857,1324.78580700158,1328.86565311609,1333.91104317375,1340.5059772677,1348.79618865001,1401.83816852081,1411.17564657106,1411.17564657106,22.2621993380217,97.9426402910259,15.0349418177304,24.4864818645921,50.1866206354482
2005-02-27,180.036340106541,180.036340106541,180.036340106541,183.253681030893,183.876262472704,187.51238736697,196.664429685286,198.007617864992,199.354130587841,227.402427663651,227.402427663651,242.100515637141,242.100515637141,252.356177312392,252.356177312392,259.327038043536,259.327038043536,259.327038043536,259.741701474185,273.478183755271,273.478183755271,290.048130418573,290.048130418573,291.468146048279,292.325804293608,295.216568923887,295.216568923887,298.115658686601,298.822366066241,308.993836175525,404.869832062782,404.869832062782,410.015365885383,413.403963399688,417.768574139241,420.37117880795,420.37117880795,999.580630226077,999.580630226077,1018.02782250438,1022.48783880567,1023.70926759261,1025.80752807961,1048.61959002606,1055.74373898644,1202.72561777688,1231.1194246887,1233.98747016124,1235.32689629346,1236.237487269,1239.90958520109,1241.17572721285,1242.52147608853,1243.64389336354,1243.64389336354,1245.09084362869,1245.09084362869,1271.01200899317,1271.01200899317,1271.78350726265,1275.74859129018,1280.74526879045,1287.18052445555,1295.29250210147,1347.71072790543,1356.93276735439,1356.93276735439,21.6346459973142,91.8966706687108,14.7961292902705,24.1736579333164,49.6601980508505
2005-02-28,176.375873113274,176.375873113274,176.375873113274,179.451729553062,180.043365108797,183.510145892417,192.477830475677,193.775728604541,195.079023506262,222.250486821423,222.250486821423,236.416798515256,236.416798515256,246.220365292114,246.220365292114,252.885665656018,252.885665656018,252.885665656018,253.28103268115,266.677137207564,266.677137207564,282.588543136367,282.588543136367,283.93171455253,284.734733299823,287.474095260925,287.474095260925,290.263509090585,290.940502685516,300.777734888264,391.123611096307,391.123611096307,395.958544118772,399.191062664504,403.286790343762,405.73455668067,405.73455668067,955.605333062075,955.605333062075,973.432216375255,977.731906383913,978.897574856428,980.932531435475,1003.07971482053,1010.00342359603,1154.27244307956,1182.15106313114,1184.91089423252,1186.17972904465,1187.04774706483,1190.64553311644,1191.85547610861,1193.14752172624,1194.22090315452,1194.22090315452,1195.65821175741,1195.65821175741,1221.19723658425,1221.19723658425,1221.93569318079,1225.77485708966,1230.72319456648,1236.98781133821,1244.90759166384,1296.66871517147,1305.77466460187,1305.77466460187,21.0526193741768,86.6607740103306,14.5604755445094,23.8690937760553,49.1196974232895
2005-03-01,172.899550432174,172.899550432174,172.899550432174,175.843578305765,176.405155608099,179.71683114875,188.504347588994,189.75782353294,191.013908607525,217.381805591041,217.381805591041,231.059046842933,231.059046842933,240.447878534685,240.447878534685,246.834460976782,246.834460976782,246.834460976782,247.210949214445,260.287729261136,260.287729261136,275.578944301221,275.578944301221,276.849696439872,277.600703814558,280.192765422102,280.192765422102,282.873416704395,283.520676478626,293.03408210191,378.528437968945,378.528437968945,383.08494785015,386.169758889174,390.028067784609,392.341198995496,392.341198995496,914.687652444919,914.687652444919,931.886527550639,936.026191706393,937.134362797145,939.104211338048,960.588969563343,967.304830499838,1109.08173405767,1136.46035229639,1139.10949784452,1140.3187734589,1141.14306747583,1144.66944442692,1145.81208889723,1147.04051500165,1148.05549623001,1148.05549623001,1149.48180208488,1149.48180208488,1174.63041176226,1174.63041176226,1175.33303929317,1179.03844228256,1183.93867663238,1190.025428817,1197.74635415563,1248.82955460252,1257.81623735573,1257.81623735573,20.5067724756319,82.0665745769296,14.3314581995119,23.562856924305,48.5696886114682
2005-03-02,169.573127862966,169.573127862966,169.573127862966,172.39294820532,172.925243143519,176.096219623104,184.708449607516,185.919774038024,187.150272296005,212.756415014527,212.756415014527,225.985818735657,225.985818735657,234.992712602186,234.992712602186,241.12319314367,241.12319314367,241.12319314367,241.480793922562,254.254225835312,254.254225835312,268.968086485702,268.968086485702,270.173154082395,270.875468561966,273.327919610743,273.327919610743,275.90212750582,276.521956485727,285.716642729455,366.897949626471,366.897949626471,371.204708688098,374.151978941376,377.797735851199,379.993376944382,379.993376944382,876.621776542675,876.621776542675,893.196669058097,897.180333284943,898.230698348189,900.136532712105,920.973303729567,927.48182082188,1066.9393663605,1093.82778691827,1096.36115218106,1097.52220445314,1098.31028042525,1101.76555929285,1102.85470981814,1104.03160502453,1104.9992160801,1104.9992160801,1106.41452896538,1106.41452896538,1131.163048275,1131.163048275,1131.82703330225,1135.39067920239,1140.24403831071,1146.14338421381,1153.65896566173,1204.06406199524,1212.93273289905,1212.93273289905,19.9910350463367,77.9784190833079,14.1054297955434,23.2536938996717,48.0180926666863
2005-03-03,166.522712779437,166.522712779437,166.522712779437,169.231684816632,169.737892408262,172.742790206395,181.181597813705,182.349374067896,183.537311299582,208.45260538777,208.45260538777,221.255753129461,221.255753129461,229.896977499345,229.896977499345,235.780930257858,235.780930257858,235.780930257858,236.123183793518,248.673652290046,248.673652290046,262.915586782043,262.915586782043,264.045621224668,264.711900058131,267.124199696832,267.124199696832,269.6983592599,270.305880033031,279.467598928343,356.988184758818,356.988184758818,361.027422473222,363.897401381142,367.402986578011,369.506093229272,369.506093229272,844.28709323208,844.28709323208,860.598529749456,864.363598725472,865.299673966315,867.082573203825,887.42769166396,893.546328494945,1030.83834073178,1057.13157331877,1059.47086315974,1060.52425017591,1061.23456094164,1064.61659237126,1065.57930944719,1066.63915420456,1067.50506479856,1067.50506479856,1068.9078816644,1068.9078816644,1093.17504457064,1093.17504457064,1093.77082192672,1097.10752252384,1101.91208684498,1107.53909846289,1114.77660065138,1164.44605182311,1173.14950666292,1173.14950666292,19.5410414315996,74.5405189874001,13.9060342533716,22.9342467862079,47.5269115667035
2005-03-04,164.101066401091,164.101066401091,164.101066401091,166.738292056238,167.226961566686,169.964663669556,178.203965886057,179.309265673192,180.416493557094,204.637739657002,204.637739657002,217.029899991698,217.029899991698,225.328691586527,225.328691586527,230.944100856145,230.944100856145,230.944100856145,231.275141002098,243.525859835039,243.525859835039,257.298849960371,257.298849960371,258.360637182171,258.982408983283,261.226295923857,261.226295923857,263.648364366393,264.235755561622,273.196425630074,347.242866929789,347.242866929789,351.123974009748,353.856399761259,357.2253411899,359.27655172581,359.27655172581,812.647391424573,812.647391424573,828.418021961612,832.153626696718,833.078810603003,834.835896734744,854.832897840678,860.858183010778,996.468361705942,1022.47556651037,1024.73041867928,1025.74474152839,1026.42043415638,1029.74156534788,1030.65526309374,1031.66751091067,1032.48252732706,1032.48252732706,1033.87507989034,1033.87507989034,1057.72107281145,1057.72107281145,1058.28555352595,1061.49965190594,1066.26092740576,1071.71868318487,1078.77052234048,1127.83714424994,1136.42545866261,1136.42545866261,19.1288626657886,71.1784276038964,13.754122910087,22.5851660380414,47.0606853306941
2005-03-05,161.518703763841,161.518703763841,161.518703763841,164.019387746276,164.494657047992,167.181118331246,175.291240131373,176.372990263558,177.451837739832,201.099121305936,201.099121305936,213.112655795297,213.112655795297,221.091254013249,221.091254013249,226.461458435576,226.461458435576,226.461458435576,226.780726887309,238.762279709035,238.762279709035,252.046263846536,252.046263846536,253.052345534509,253.641828853439,255.777676106581,255.777676106581,258.093050740834,258.656520653322,267.381662255603,338.202431355818,338.202431355818,341.92554340531,344.56914317494,347.773191256251,349.709838854506,349.709838854506,783.892292365594,783.892292365594,799.118859291157,802.734036766006,803.611250146089,805.304782564004,824.75467198318,830.58684565623,963.725866635619,989.244655025718,991.439241805627,992.432429105092,993.092080958378,996.359391706371,997.245404015121,998.229474837952,999.019150003793,999.019150003793,1000.40248983584,1000.40248983584,1023.83609002503,1023.83609002503,1024.38315291125,1027.51897037438,1032.23557886079,1037.57233109165,1044.48939106627,1093.02955943741,1101.52269777365,1101.52269777365,18.7467439531955,68.0941326703547,13.5458215913542,22.2127333980086,46.6213955591794
2005-03-06,159.164085747173,159.164085747173,159.164085747173,161.558577197894,162.015952470404,164.585013391436,172.556801779062,173.60953985174,174.658349314605,197.787339941676,197.787339941676,209.46707971913,209.46707971913,217.193660605474,217.193660605474,222.385625888895,222.385625888895,222.385625888895,222.69396826744,234.414043207042,234.414043207042,247.219508671721,247.219508671721,248.16268616013,248.71945718741,250.718965914175,250.718965914175,252.934276945177,253.475343250445,261.943670465816,329.655018836778,329.655018836778,333.221355329709,335.753243208572,338.865813964733,340.778225469271,340.778225469271,756.985519527484,756.985519527484,771.706715898536,775.260117336514,776.103699609513,777.747388004244,796.693834134406,802.357586808088,932.58324298276,957.702971414723,959.827847916132,960.785001958292,961.420783605312,964.63056818142,965.484348169634,966.436689242561,967.198122081363,967.198122081363,968.571846466818,968.571846466818,991.566865067856,991.566865067856,992.095399668048,995.150825868503,999.823537518548,1005.03937581763,1011.82491237895,1059.88501651523,1068.28678312177,1068.28678312177,18.3976085850024,65.123736045473,13.3383402093502,21.8172864093138,46.1977258819709
2005-03-07,156.92119570296,156.92119570296,156.92119570296,159.226966035821,159.668137159846,162.138994797727,169.979649548991,171.005134263864,172.02531376735,194.683254776997,194.683254776997,206.054105192744,206.054105192744,213.521993116773,213.521993116773,218.517655513402,218.517655513402,218.517655513402,218.818146182578,230.319279572883,230.319279572883,242.694407305,242.694407305,243.589339601422,244.118774537385,246.010788716243,246.010788716243,248.139565614472,248.65879810866,256.88272553419,321.643484219023,321.643484219023,325.062411675535,327.498873449199,330.441487324749,332.249858269774,332.249858269774,731.581541315129,731.581541315129,745.875190106212,749.294171850583,750.110037165852,751.7119986786,770.121744005397,775.6512293369,902.417279970267,927.180315636817,929.266541014197,930.204669096955,930.827588637308,933.980457464385,934.81567282634,935.748432181918,936.492710095221,936.492710095221,937.857075029816,937.857075029816,960.409289515111,960.409289515111,960.926391687222,963.922075331509,968.552004428414,973.669135772661,980.341972314938,1027.93394052448,1036.25470814215,1036.25470814215,18.0766942073762,62.3004981850384,13.1318047874031,21.4004918253643,45.7745761460064
2005-03-08,155.08326518903,155.08326518903,155.08326518903,157.340714914335,157.768740694544,160.049159219307,167.738423989818,168.720392267048,169.688390119987,191.875465596833,191.875465596833,202.974731041615,202.974731041615,210.255481553147,210.255481553147,215.068626436767,215.068626436767,215.068626436767,215.373076913674,226.777488689172,226.777488689172,238.787912635714,238.787912635714,239.600024676398,240.106926478793,242.033852943687,242.033852943687,244.15641159908,244.669318835526,252.916278317764,315.312926389334,315.312926389334,318.590051021542,321.076194843496,323.864306662983,325.507050057196,325.507050057196,714.686881696232,714.686881696232,728.621241227081,731.780082107889,732.426258970505,733.851458991121,751.831039951727,756.819838492295,879.64088820928,903.681950638661,905.479756782701,906.279385151957,906.796207110209,909.869866779553,910.542821961548,911.328960976222,911.938093349884,911.938093349884,913.287190028447,913.287190028447,935.198134007285,935.198134007285,935.628272610425,938.347570011989,942.930649661291,947.73533215883,954.098449599535,1000.99992554371,1009.15865789128,1009.15865789128,17.781333217797,60.0717030061717,12.9971137548933,20.9675054464559,45.3512079378833
2005-03-09,154.086904903478,154.086904903478,154.086904903478,156.357349669107,156.778417763302,158.710317474112,166.28475147925,167.275645814393,168.159700105145,190.182723837696,190.182723837696,201.055835645688,201.055835645688,208.149443752919,208.149443752919,212.614288306936,212.614288306936,212.614288306936,212.953027351059,224.281988671905,224.281988671905,235.809325082348,235.809325082348,236.509334524376,237.01648354568,238.780909090109,238.780909090109,240.927330733389,241.444678970408,249.894981947978,310.074131188621,310.074131188621,313.149739379798,315.534974604306,318.164049026039,319.649544271445,319.649544271445,699.37999743686,699.37999743686,713.174593211257,716.253046639821,716.853761041946,718.222500233042,736.077653103004,740.854750771981,860.3382172379,883.912733293475,885.541297487607,886.256708520444,886.708694729565,889.71587996976,890.286152352718,890.975515824688,891.493218094852,891.493218094852,892.830513860282,892.830513860282,914.150385499702,914.150385499702,914.517635605589,917.02320295828,921.56153895749,926.106275053038,932.198894768936,978.408358262011,986.415757248207,986.415757248207,17.884104350135,58.0053269111218,12.8839019665829,20.5239311993264,44.8955288131928
2005-03-10,152.815259826704,152.815259826704,152.815259826704,155.032326786866,155.45605828105,157.355804076663,164.834335198433,165.79471128796,166.65203355743,188.597594959852,188.597594959852,199.290880055221,199.290880055221,206.108798045687,206.108798045687,210.440745882162,210.440745882162,210.440745882162,210.762729421436,222.016632890348,222.016632890348,233.154186038387,233.154186038387,233.795836418533,234.282144205561,236.09699174937,236.09699174937,238.082559043749,238.572281708745,247.054825811152,305.362126875618,305.362126875618,308.470521704521,310.969885967524,313.297062513317,314.66212071864,314.66212071864,685.439117808422,685.439117808422,699.445975034889,702.521652237073,703.079258545622,704.400905639966,721.806940927603,726.387864180592,842.925901477864,866.15386357126,867.686227083497,868.353843411829,868.769912260664,871.720089643162,872.23466245964,872.869983484131,873.3371196171,873.3371196171,874.664211508964,874.664211508964,895.453819967513,895.453819967513,895.785548321949,898.15886240363,902.654907722931,907.022561681357,912.923333223861,958.519811715322,966.412294184151,966.412294184151,17.8200164915778,56.2611073813078,12.771690698822,20.0761025326321,44.4291785228281
2005-03-11,152.190166396492,152.190166396492,152.190166396492,154.325959465724,154.744575803412,156.524001607601,163.832335730612,164.737230146114,165.523029247546,187.238172579997,187.238172579997,197.756415500968,197.756415500968,204.368534641704,204.368534641704,208.496017073059,208.496017073059,208.496017073059,208.806425181982,219.724961622984,219.724961622984,230.65760832865,230.65760832865,231.25673423936,231.718196467235,233.379933298673,233.379933298673,235.370200577886,235.846913784182,244.311855396546,300.33583141213,300.33583141213,303.357414368198,305.690408121458,308.178222556864,309.54513927793,309.54513927793,671.73846327322,671.73846327322,685.281941569992,688.395123426598,688.95333305935,690.272153711223,707.503615794857,712.027707177768,825.987123835187,848.954971317025,850.454008117317,851.104884998561,851.509608962424,854.410716008633,854.909096962478,855.526422781107,855.977442699093,855.977442699093,857.295748749776,857.295748749776,877.609743681624,877.609743681624,877.929425758444,880.241377974755,884.697831644374,888.964484727408,894.747819768307,939.810613154334,947.620558925074,947.620558925074,17.673337749602,54.0773378280831,12.6405910769676,19.6273679421727,43.9556617571047
2005-03-12,151.157843877938,151.157843877938,151.157843877938,153.191833629336,153.609221164416,155.540792945519,162.762349724937,163.63454841009,164.395740939442,186.043751700343,186.043751700343,196.485527331806,196.485527331806,202.971309018379,202.971309018379,206.903574872813,206.903574872813,206.903574872813,207.230909026976,218.00879947084,218.00879947084,228.471059359292,228.471059359292,229.029359063237,229.493274605579,230.934726380856,230.934726380856,232.773413311871,233.235305964472,241.609487917698,295.411336244963,295.411336244963,298.383732024967,300.661181752024,302.953503420656,304.321495844897,304.321495844897,659.057162651909,659.057162651909,672.056592687903,675.127192024133,675.659766611231,676.952318992354,693.954825084931,698.377264016669,810.027950760238,832.690684425369,834.142690815704,834.771077183348,835.160193380861,838.011941665475,838.488770340307,839.084256188594,839.516349468111,839.516349468111,840.825811128641,840.825811128641,860.664035129432,860.664035129432,860.971045451515,863.222639726225,867.640878540354,871.81176213681,877.48677382814,922.029118564467,929.762544164607,929.762544164607,17.6395335119811,51.9227121087963,12.4924805987226,19.1808797548062,43.4817820414861
2005-03-13,149.971230061077,149.971230061077,149.971230061077,151.961356500218,152.371039445128,154.342785840117,161.560038687898,162.51782546614,163.319100246195,185.119056479784,185.119056479784,195.58007970973,195.58007970973,201.95330067143,201.95330067143,205.660694662705,205.660694662705,205.660694662705,206.010201244389,216.740049214849,216.740049214849,226.711248056776,226.711248056776,227.217011183669,227.683086074717,228.92673976458,228.92673976458,230.648112767379,231.089918643269,239.288459298001,290.842311296372,290.842311296372,293.716833056671,295.936184251496,298.11399607506,299.428382493546,299.428382493546,647.815908940687,647.815908940687,660.319266853435,663.304773926837,663.798458163418,665.051395481244,681.776096043291,686.050799864205,795.979274816866,818.271424866431,819.636269100389,820.22284688557,820.581111731714,823.379941578952,823.811250630773,824.363614152262,824.756899014649,824.756899014649,826.056778938941,826.056778938941,845.397014429424,845.397014429424,845.678445046358,847.832870381245,852.211423849302,856.249669959855,861.786449493905,905.774924633195,913.419360176743,913.419360176743,17.6930273607704,49.8074640818961,12.3505547424747,18.743281309954,43.011490500673
2005-03-14,148.823245133232,148.823245133232,148.823245133232,150.744571226548,151.1529192736,153.230536745879,160.399713129891,161.290492149322,162.107038663096,184.391684026375,184.391684026375,195.330314049307,195.330314049307,201.709424998492,201.709424998492,205.057978820906,205.057978820906,205.057978820906,205.371372583935,215.940793875132,215.940793875132,225.553377421075,225.553377421075,225.987577564495,226.500848258674,227.515649644164,227.515649644164,229.104700353641,229.520666096091,237.504286477109,286.929270719927,286.929270719927,289.64420242564,291.789799744071,293.818493061354,295.054510456332,295.054510456332,638.095064539586,638.095064539586,650.140714181458,653.031451954105,653.483619754462,654.697057312572,671.152869626775,675.262908433813,783.978121059023,805.914062377636,807.179689924648,807.718230992506,808.040511186678,810.785394212657,811.162177449959,811.662956301188,812.009074447474,812.009074447474,813.299106270077,813.299106270077,832.13650855181,832.13650855181,832.386288680329,834.425366990527,838.764188967825,842.652219532047,848.02716855222,891.445607935804,898.99315488958,898.99315488958,17.8843496391608,47.8796585434701,12.2491710996536,18.3149883231486,42.5507952323519
2005-03-15,147.642945899824,147.642945899824,147.642945899824,149.543661205912,149.956027422994,151.891999178398,159.042545595811,159.904570770616,160.783052235365,183.484750312615,183.484750312615,195.56208390009,195.56208390009,202.163020490788,202.163020490788,205.232890307939,205.232890307939,205.232890307939,205.731885253805,216.60143736169,216.60143736169,225.297934375183,225.297934375183,225.637263787841,226.167514577579,226.895330981391,226.895330981391,228.319631897161,228.704722158832,236.441107268189,283.89817127478,283.89817127478,286.39907016291,288.454607788118,290.287232650958,291.41643536489,291.41643536489,629.856203828844,629.856203828844,641.484598606083,644.272311286306,644.682709695462,645.858842944568,662.076819766736,666.019937736381,774.012725823132,795.61308233263,796.777971191784,797.267551364982,797.553059590189,800.244123759436,800.564724823509,801.012274590989,801.309474147591,801.309474147591,802.589659323224,802.589659323224,820.938608037276,820.938608037276,821.155143318844,823.073970773454,827.373546445171,831.10588598825,836.314926394834,879.1659234309,886.613465219354,886.613465219354,18.0087675061562,46.1707941457437,12.1595831470877,17.9046907667524,42.1023398037948
2005-03-16,146.700054132802,146.700054132802,146.700054132802,148.550805750228,148.951348472836,150.772371268444,158.013641718013,158.810112840977,159.596596655721,182.698242158623,182.698242158623,195.17025701302,195.17025701302,201.911995953302,201.911995953302,205.029198197516,205.029198197516,205.029198197516,205.410205967451,216.231837598657,216.231837598657,225.322599798588,225.322599798588,225.576066744764,226.021171764554,226.594935256166,226.594935256166,227.908676933398,228.270568171394,235.765362518789,281.521279165108,281.521279165108,283.826057385822,285.789694235062,287.439978332637,288.467319506815,288.467319506815,622.803331888155,622.803331888155,634.055458991945,636.713520981573,637.087498525931,638.230253359581,654.237909747849,658.033465234241,765.736938926279,787.053067482206,788.129705088481,788.576310616887,788.829638493502,791.468569701275,791.74005329261,792.140371452043,792.394393760088,792.394393760088,793.665035577868,793.665035577868,811.553530518315,811.553530518315,811.740379740185,813.549290563997,817.810461066242,821.397848369684,826.451491664509,868.75746329006,876.110002549923,876.110002549923,18.5198741039592,44.6766494125715,12.0931324476481,17.5137530779437,41.6673866763582
2005-03-17,146.211666349144,146.211666349144,146.211666349144,147.999009515811,148.37808509336,150.054154677132,157.488664854933,158.205591915278,159.061138788412,183.670458240787,183.670458240787,195.678947024205,195.678947024205,202.330630609337,202.330630609337,205.227146316586,205.227146316586,205.227146316586,205.552635483848,216.34411918265,216.34411918265,224.964576462098,224.964576462098,225.236111308796,225.665868128883,226.213399782993,226.213399782993,227.486488093055,227.833035193098,235.102419255206,279.513511355127,279.513511355127,281.666160918835,283.547417598796,285.060009856251,286.011250271473,286.011250271473,616.596024272778,616.596024272778,627.528343560345,630.073213741649,630.417205257261,631.530921247624,647.327407945847,651.000306780203,758.821159749536,779.911050595818,780.913607861885,781.32414978797,781.550669772254,784.138667183569,784.369496833493,784.730512449557,784.948593129178,784.948593129178,786.210053039938,786.210053039938,803.672683853254,803.672683853254,803.834603627566,805.547935396948,809.771594962987,813.229315468514,818.142720136715,859.933690830348,867.197864367081,867.197864367081,19.5824743935389,43.4643697046827,12.0471779187848,17.146077502198,41.2464745221424
2005-03-18,146.468769831996,146.468769831996,146.468769831996,148.212911565892,148.579821121773,150.122177128938,157.927180538575,158.524463776269,159.06679984407,184.382787637339,184.382787637339,196.629825132175,196.629825132175,203.59528225672,203.59528225672,206.25226446855,206.25226446855,206.25226446855,206.536958856577,217.238920724101,217.238920724101,225.327916742162,225.327916742162,225.486249271864,225.88241865025,226.260864136728,226.260864136728,227.426886013159,227.750057787252,234.768278094762,278.232192529116,278.232192529116,280.182260121236,281.967713850162,283.310252075333,284.169852093341,284.169852093341,611.125629245331,611.125629245331,621.748964416045,624.186596923609,624.505287060736,625.591904008636,641.15001805955,644.719331645583,753.236439091773,774.155046696388,775.085514145726,775.460974361903,775.661763911511,778.200352563935,778.391834101838,778.714930889634,778.898505495443,778.898505495443,780.150907181353,780.150907181353,797.217928700067,797.217928700067,797.356011988831,798.978193759226,803.164967955231,806.497949657025,811.277953526296,852.574554329369,859.753580865359,859.753580865359,20.9834499794096,42.7383025926082,12.0435072408868,16.8062136284312,40.8399611534998
2005-03-19,148.175418018809,148.175418018809,148.175418018809,149.775774573568,150.079582245761,151.139918773171,159.400611573459,159.874548739491,160.202757639007,186.696039837461,186.696039837461,198.644816595166,198.644816595166,206.326728505205,206.326728505205,208.540115890411,208.540115890411,208.540115890411,208.786217261919,219.331172072669,219.331172072669,226.469908609848,226.469908609848,226.492181847865,226.849644538559,226.989803982367,226.989803982367,228.009389621156,228.302499474603,235.046488143912,278.191847682397,278.191847682397,279.850491392187,281.514787302949,282.603058935305,283.321901718971,283.321901718971,606.587678170851,606.587678170851,616.873278409924,619.201682697136,619.492746115475,620.547672394814,635.808310697693,639.27465020776,749.488648034276,770.24195729331,771.079904111722,771.410576934365,771.577973954729,774.065766258803,774.206078159668,774.480856642475,774.620269794512,774.620269794512,775.863284616783,775.863284616783,792.554947027336,792.554947027336,792.662924601664,794.176512495887,798.32651392723,801.516914394645,806.147417879416,846.94705942885,854.035270547547,854.035270547547,22.5427942097229,42.7661643900924,12.0614343195831,16.5017701975812,40.448208610475
2005-03-20,150.360531521395,150.360531521395,150.360531521395,151.945708500239,152.224045323493,152.871045276221,163.451394998172,163.658698035772,163.586456879661,190.267175943499,190.267175943499,201.680308672631,201.680308672631,210.643560890502,210.643560890502,212.288996802646,212.288996802646,212.288996802646,212.498630596833,222.924613850981,222.924613850981,228.828583498874,228.828583498874,228.656117586887,228.966747045788,228.766903748773,228.766903748773,229.579065034472,229.834199775362,236.282441674948,279.957418233846,279.957418233846,281.22428975195,282.742336206302,283.46983966342,283.981648195747,283.981648195747,603.383162255368,603.383162255368,613.276291972989,615.482612354994,615.738819394589,616.752808207634,631.651061575506,635.000130372282,748.13373091987,768.69176075164,769.41312783071,769.687280098083,769.811901409744,772.247742507918,772.321898322839,772.534857968144,772.617303480306,772.617303480306,773.851653561308,773.851653561308,790.191572966189,790.191572966189,790.260701346118,791.64037572257,795.753504338848,798.77670754494,803.23340966381,843.521243214714,850.508643542584,850.508643542584,23.7386315773784,43.77598053396,12.0660340574323,16.2417870052071,40.0714453308383
2005-03-21,152.943253433862,152.943253433862,152.943253433862,154.561321248437,154.817552635218,155.133924967685,167.78224272764,167.932978510003,167.728197249306,194.859061987169,194.859061987169,206.168624345475,206.168624345475,216.705084737577,216.705084737577,217.680207637964,217.680207637964,217.680207637964,217.867570106076,228.439202732205,228.439202732205,232.843233608581,232.843233608581,232.417645999469,232.683233320787,232.032827961587,232.032827961587,232.578991412042,232.787363081893,238.925398416992,284.37855658282,284.37855658282,285.111166598719,286.446585753068,286.664901068015,286.877073251174,286.877073251174,602.126720263583,602.126720263583,611.566664891347,613.63253322637,613.841279916659,614.80004916397,629.271942561894,632.472980436206,750.495181170974,770.76069982982,771.309002552461,771.499329282867,771.559599032917,773.937099456448,773.911221253235,774.032057195672,774.029028831432,774.029028831432,775.252126207294,775.252126207294,791.246765453903,791.246765453903,791.258183535741,792.44930899793,796.524804221853,799.327144357036,803.558785731132,843.292051844495,850.155526104462,850.155526104462,24.7114482222582,46.2312794581647,12.0571760604422,16.0334116100167,39.713990352634
2005-03-22,158.2976909905,158.2976909905,158.2976909905,159.880900429312,160.110163936577,159.607286617694,172.62287841404,172.79357667099,172.542372568057,201.401605744976,201.401605744976,212.843600234417,212.843600234417,223.556579458482,223.556579458482,224.20046227687,224.20046227687,224.20046227687,224.40197240893,235.692238934477,235.692238934477,238.802686828121,238.802686828121,238.09215906058,238.336538708915,237.268088072847,237.268088072847,237.567168256678,237.728501398518,243.680630036597,293.244554206627,293.244554206627,293.276523155281,294.487237929703,294.093009546923,293.871208260239,293.871208260239,611.4811740513,611.4811740513,620.220323214619,621.930020743781,621.912178731046,622.640212626392,636.203825651889,638.736328840546,763.025287763288,782.542763996973,782.648284580257,782.625080893054,782.519221205764,784.811356980745,784.526756085779,784.414227108736,784.193684385273,784.193684385273,785.400373755042,785.400373755042,800.896980807145,800.896980807145,800.764817764244,801.518574353347,805.551386884342,807.886491462442,811.66218463108,850.59689477648,857.238360947415,857.238360947415,26.7425996769201,51.2661814807921,12.0395142438218,15.8786178760193,39.3796421585438
2005-03-23,164.231511650693,164.231511650693,164.231511650693,165.802101178089,166.012672664572,164.889659542221,178.22684529859,178.2869281019,177.90236727483,207.715011375172,207.715011375172,219.545512358037,219.545512358037,230.79333744835,230.79333744835,231.155975706317,231.155975706317,231.155975706317,231.333683723745,243.473207450542,243.473207450542,245.749829279546,245.749829279546,244.874437065452,245.054464433805,243.564833788076,243.564833788076,243.600273027657,243.72017281132,249.421649442208,305.015170714476,305.015170714476,304.390946343393,305.323015254619,304.144500101852,303.496920264568,303.496920264568,618.717415165958,618.717415165958,627.097997702924,628.768101554709,628.774994969533,629.511856374835,642.828353410518,645.349349175684,777.552771137901,796.875132503921,796.846481192827,796.754118482444,796.59344365496,798.833076934517,798.455800502397,798.253312320247,797.946483453587,797.946483453587,799.142156898561,799.142156898561,814.384690425234,814.384690425234,814.187537344735,814.721066409532,818.716490897656,820.784789829072,824.282160653695,862.623978890083,869.108636781558,869.108636781558,27.8284497605009,58.1037200583407,12.0349349443455,15.774776868795,39.0743786040007
2005-03-24,177.580545962854,177.580545962854,177.580545962854,178.894185105141,179.05502365502,175.8615149175,190.724771037786,190.267008325778,189.025401434083,220.201058901488,220.201058901488,233.149385904095,233.149385904095,244.847660225325,244.847660225325,243.334430005852,243.334430005852,243.334430005852,243.501691094519,256.974121146907,256.974121146907,256.644888303641,256.644888303641,255.280386264311,255.466139923309,253.144414393509,253.144414393509,252.742945481595,252.789943114557,258.243003476664,322.919688263062,322.919688263062,321.316622987476,321.997990880041,319.83119295338,318.54720330874,318.54720330874,633.79820017618,633.79820017618,641.38654346445,642.789290648852,642.642746583496,643.218145698799,656.182157171543,658.279011646124,798.984811470676,817.884910063891,817.558560204793,817.327156318271,817.055019206035,819.2324563776,818.707512161013,818.3808434865,817.927358916527,817.927358916527,819.139138662824,819.139138662824,834.172862865874,834.172862865874,833.918393831511,834.244348757085,838.30310804629,840.490962395065,844.425830719434,882.732826407937,889.139771276664,889.139771276664,30.6294222478792,68.4985886067591,12.1519871234475,15.716090263444,39.3951849274875
2005-03-25,191.909919891332,191.909919891332,191.909919891332,192.823881210083,192.971328356224,188.569720613251,203.406340553393,202.829832254955,201.35068070709,233.871718948624,233.871718948624,248.136928770323,248.136928770323,259.031848321731,259.031848321731,256.852967019448,256.852967019448,256.852967019448,256.970551651007,271.85042372417,271.85042372417,269.748940126634,269.748940126634,268.049358671389,268.124862517581,265.110112634916,265.110112634916,264.282624961522,264.264993609364,269.409430629195,346.777091482913,346.777091482913,344.139022157664,344.479302595763,341.171355167095,339.2060306458,339.2060306458,653.99255926195,653.99255926195,660.636359449856,661.752362921045,661.495428164542,661.950958373731,674.067850565993,675.819993690873,826.452448937289,845.035931674783,844.436814828889,844.066990304404,843.690077445429,845.808230159242,845.09055548056,844.577321820115,843.9785766772,843.9785766772,845.174963509932,845.174963509932,859.871378302365,859.871378302365,859.480458977442,859.486103323192,863.474921367256,865.039914050725,868.45629696354,906.212669749057,912.451510791921,912.451510791921,32.5161481841233,82.5293736018632,12.3095278751346,15.6946026883283,39.1669129404263
2005-03-26,212.743554618521,212.743554618521,212.743554618521,214.381656753681,214.509605372969,208.020168621193,242.76267717584,240.330134638088,235.773187711602,268.504824714704,268.504824714704,280.483969765366,280.483969765366,287.471607312941,287.471607312941,281.594848492863,281.594848492863,281.594848492863,281.813541676369,299.505764383092,299.505764383092,291.708635658353,291.708635658353,288.945447588894,288.967550569565,284.133986444624,284.133986444624,282.419967972097,282.265290418397,287.029544201551,380.667960494415,380.667960494415,376.508437327297,376.412079986463,371.528020490716,368.591563587421,368.591563587421,684.901596602131,684.901596602131,690.495237048722,691.191271131191,690.71355077556,690.942844554865,702.185200283642,703.240224942445,871.195275379324,889.058120653792,887.833430537781,887.245156696211,886.6571103432,888.750085767914,887.691028244258,886.88378361425,885.993720985858,885.993720985858,887.236640193644,887.236640193644,901.673330877573,901.673330877573,901.04973857983,900.353047521195,904.353018241633,905.334627239162,908.60031089172,946.157408746901,952.101015399289,952.101015399289,37.7810487096546,100.826374807666,12.8906629453257,15.9610479678334,39.8483353200137
2005-03-27,232.304746674899,232.304746674899,232.304746674899,233.843778390926,234.003806197193,227.509981673818,259.982815793113,259.195666321131,256.685389909973,296.540494507812,296.540494507812,310.458041250617,310.458041250617,316.222607153733,316.222607153733,309.268445558622,309.268445558622,309.268445558622,309.391826779469,329.048916885721,329.048916885721,318.637070250947,318.637070250947,315.233264039114,315.15693481231,308.950087951046,308.950087951046,306.391700948906,306.11111292209,310.429193970898,422.011787494126,422.011787494126,416.767859112625,416.365369451809,410.19302026087,406.407352435082,406.407352435082,728.792064974871,728.792064974871,732.767264270689,732.978720187462,732.251097606334,732.222713011131,742.462116781428,742.695419572632,932.767013538143,950.077783774099,948.081846262907,947.032456159697,946.121108977965,948.13342266152,946.570113383013,945.295278621047,943.991753690726,943.991753690726,945.204572911918,945.204572911918,958.951655347632,958.951655347632,958.078131388622,956.663144030426,960.615260867464,960.753218245889,963.146664641036,999.949137924887,1005.54547663858,1005.54547663858,42.0501140674873,120.037755414706,13.4946706601572,15.8948382970523,39.9341709990087
2005-03-28,248.052364346448,248.052364346448,248.052364346448,249.78414697946,249.988959422014,244.605552212549,270.465491071724,270.301744415794,269.056840554952,313.509800972154,313.509800972154,330.023317341706,330.023317341706,336.928975680507,336.928975680507,332.098776515208,332.098776515208,332.098776515208,332.225436159103,353.120992767641,353.120992767641,344.574789897892,344.574789897892,341.300474686024,341.206994185246,334.881542300178,334.881542300178,332.150185604269,331.837016008781,335.945124840696,462.360015883281,462.360015883281,457.267009957104,456.843726317833,450.585116520953,446.682627003651,446.682627003651,780.727694282791,780.727694282791,783.660864231843,783.544606356878,782.653124835878,782.450618288837,791.920662906498,791.558065548148,1002.4252789924,1019.74139267806,1017.42450570386,1016.21221978204,1015.17093801746,1017.14233054098,1015.36107695072,1013.87712382141,1012.35808723437,1012.35808723437,1013.54724575986,1013.54724575986,1026.96412537265,1026.96412537265,1025.94570735402,1024.07555529201,1027.98071083817,1027.63616590388,1029.54801310885,1065.89035406693,1071.23438565692,1071.23438565692,43.6724244345269,134.350313385225,13.9715685813499,15.902749653424,40.09267568756
2005-03-29,263.731310058568,263.731310058568,263.731310058568,265.756067052426,265.995111143753,261.264668343773,282.820516672909,282.73208406405,281.612906073938,329.397387079689,329.397387079689,347.784329194149,347.784329194149,355.532387716413,355.532387716413,352.359055437059,352.359055437059,352.359055437059,352.707488456017,376.179210736562,376.179210736562,369.698794431626,369.698794431626,366.672325849407,366.718832901169,360.841755358354,360.841755358354,358.305280844276,358.007150420217,362.235886261626,500.407361672697,500.407361672697,495.98672109157,495.871596239862,490.298467497859,486.654204367925,486.654204367925,841.722769206565,841.722769206565,844.34451045497,843.972599049904,842.929477441477,842.557522724746,851.691995460344,850.773493800704,1078.64296962114,1096.31584788742,1093.80572621438,1092.48796234904,1091.36396711021,1093.30085544712,1091.38543469855,1089.77552819776,1088.13592819005,1088.13592819005,1089.30446972925,1089.30446972925,1102.56328359566,1102.56328359566,1101.45809391873,1099.31167047413,1103.17193839656,1102.53442536764,1104.15822494872,1140.44293068872,1145.62932711254,1145.62932711254,45.9387110405477,145.12140675674,14.4481147020392,15.9469632595522,40.4032408707348
2005-03-30,276.09169445085,276.09169445085,276.09169445085,278.353037036852,278.623112423678,274.963779225046,293.463281532699,293.41323869068,292.442074996188,340.730071386018,340.730071386018,359.865562655936,359.865562655936,368.009708346804,368.009708346804,366.567140244953,366.567140244953,366.567140244953,366.92172855431,391.303209478929,391.303209478929,388.571558767134,388.571558767134,386.320979262288,386.399276003521,381.709390624549,381.709390624549,379.757701338781,379.550569275652,383.967331737274,529.889215525272,529.889215525272,526.636069612645,526.691384750736,522.260745696842,519.432175079964,519.432175079964,896.34265907437,896.34265907437,899.249640023598,899.112578658137,898.180273273552,897.915544555827,907.09361531733,906.486483089916,1144.37834565886,1162.82966496713,1160.75654469203,1159.65222562178,1158.6957261432,1160.66177307157,1159.01007590409,1157.62474534518,1156.19389057756,1156.19389057756,1157.35661609344,1157.35661609344,1170.99766873071,1170.99766873071,1170.02272576378,1168.24141110259,1172.07550937943,1171.7900577815,1173.7274043559,1210.81774176844,1216.11711846929,1216.11711846929,45.6579679188552,151.230432820229,14.6610963358039,16.0034329892549,40.8924230142158
2005-03-31,284.543165813721,284.543165813721,284.543165813721,287.156561190873,287.463500173077,285.18177135273,301.773910469397,301.893486372819,301.21592104557,348.828813113536,348.828813113536,367.991314750831,367.991314750831,376.431159665748,376.431159665748,376.441589572199,376.441589572199,376.441589572199,376.820781836544,400.829848833111,400.829848833111,401.549686947129,401.549686947129,400.059669475395,400.23350162935,396.962832472737,396.962832472737,395.784431471149,395.686739618908,400.395892698157,549.978406679635,549.978406679635,548.090846507792,548.468049682584,545.465572557256,543.548997550757,543.548997550757,942.57337186763,942.57337186763,946.201224140713,946.360584528717,945.59954895829,945.496917510496,955.028109965185,954.953581779936,1196.57313551944,1215.98475820164,1214.46427902304,1213.63972450728,1212.90492377876,1214.91037074817,1213.6037750853,1212.53901051076,1211.41359356838,1211.41359356838,1212.57361532024,1212.57361532024,1226.74866714741,1226.74866714741,1225.97850147376,1224.78064326289,1228.59465442059,1228.8887817416,1231.36727460255,1269.80663234555,1275.3413215287,1275.3413215287,44.391468265428,153.022466069989,14.7313656333499,16.0652044653234,41.5585349504379
2005-04-01,288.468766963407,288.468766963407,288.468766963407,291.459938131317,291.801801634024,291.108528546454,306.465639648315,306.843506021037,306.623999960109,353.153720041629,353.153720041629,372.2087647648,372.2087647648,380.912726662087,380.912726662087,382.236291952263,382.236291952263,382.236291952263,382.629198763851,405.90011970826,405.90011970826,409.375608920537,409.375608920537,408.530099475104,408.779043490769,406.79064988647,406.79064988647,406.30153984025,406.305068303054,411.236616687118,559.538891655064,559.538891655064,559.124160253709,559.85793171478,558.475308793364,557.58623670693,557.58623670693,975.965670819836,975.965670819836,980.631113967612,981.229189975652,980.71154843796,980.842837441169,990.951861467266,991.648377801335,1232.10648100512,1252.46320190432,1251.59778194079,1251.09146973015,1250.61029696085,1252.65871750643,1251.76464200083,1251.06679320567,1250.2919981006,1250.2919981006,1251.45185390459,1251.45185390459,1266.26480719231,1266.26480719231,1265.73159572417,1265.2354334711,1269.03207830388,1270.03986383276,1273.18337059448,1313.28678054608,1319.12013376642,1319.12013376642,42.6202469098152,149.763480424949,14.6819740481856,16.1311704729105,42.3646513590978
2005-04-02,288.559792384787,288.559792384787,288.559792384787,291.83760364168,292.203475566958,292.964350133549,307.509422834226,308.147084243159,308.410626692812,353.714907637,353.714907637,372.636354254451,372.636354254451,381.602422205964,381.602422205964,384.143409141964,384.143409141964,384.143409141964,384.54190367433,407.503307230865,407.503307230865,413.057311097291,413.057311097291,412.722381046461,413.024989697539,412.077477298879,412.077477298879,412.163248763011,412.250112523771,417.335198722793,559.59467051086,559.59467051086,560.506460805572,561.563339224217,561.692496543821,561.776575294307,561.776575294307,993.594962663888,993.594962663888,999.579190140345,1000.69618737327,1000.467341413,1000.87815247546,1011.710747069,1013.33628715957,1249.6573309859,1270.90457193089,1270.72549980053,1270.55764538046,1270.34531968852,1272.43703118337,1271.97621624337,1271.66983181878,1271.26933674748,1271.26933674748,1272.43128395509,1272.43128395509,1287.9179647161,1287.9179647161,1287.63903042952,1287.89090958445,1291.6715146617,1293.43234461671,1297.27591177135,1339.19814870994,1345.3485324842,1345.3485324842,40.7260174797731,141.972924892646,14.5279643764499,16.2005838571518,43.2537720710678
2005-04-03,285.997286056405,285.997286056405,285.997286056405,289.42716583413,289.802295118737,291.656563897624,305.594788216915,306.440579443378,307.11190973132,351.124741936556,351.124741936556,369.827083060049,369.827083060049,378.990228018596,378.990228018596,382.59197959167,382.59197959167,382.59197959167,382.991634376161,405.769529459258,405.769529459258,413.141253546806,413.141253546806,413.240319793347,413.584469955121,413.505969368286,413.505969368286,414.068403762897,414.223935680153,419.406859852225,552.294517374955,552.294517374955,554.244746918919,555.55212671858,556.904201685751,557.787921743981,557.787921743981,995.753002171228,995.753002171228,1003.02366213735,1004.64809231603,1004.70438224369,1005.39137329256,1016.94068707859,1019.49792501851,1250.03003246273,1272.01526223765,1272.48592280866,1272.63887349549,1272.68191279708,1274.81029434933,1274.7621719135,1274.82936904215,1274.78678694977,1274.78678694977,1275.95126385226,1275.95126385226,1292.08978895853,1292.08978895853,1292.05504819823,1293.02557604523,1296.78879321337,1299.26926009769,1303.77894774416,1347.51133187683,1353.96280072155,1353.96280072155,38.9192083495636,131.256934470999,14.2929768419868,16.2728269942303,44.1541922481622
2005-04-04,281.715525851878,281.715525851878,281.715525851878,285.190243498372,285.564305669879,288.151531602569,301.568111848346,302.557937648578,303.530267334455,346.202712078045,346.202712078045,364.572812760739,364.572812760739,373.819232783876,373.819232783876,378.257199328715,378.257199328715,378.257199328715,378.65365193933,401.12335767241,401.12335767241,410.077528318389,410.077528318389,410.553960218557,410.930724829467,411.600620252684,411.600620252684,412.569223838517,412.78249010895,418.02556254598,539.936706082721,539.936706082721,542.615666227584,544.092313915611,546.331673769978,547.804622429385,547.804622429385,984.732637789746,984.732637789746,993.087931851404,995.145541999918,995.448382385518,996.372872237558,1008.51318503468,1011.88272876683,1235.73786559231,1258.25116444947,1259.27953803948,1259.70850791465,1259.97161799236,1262.12447993559,1262.43324963178,1262.8239405048,1263.09203005262,1263.09203005262,1264.258059544,1264.258059544,1280.97611893148,1280.97611893148,1281.15423740865,1282.75020164331,1286.4951435258,1289.59650702125,1294.66990379877,1340.04356786307,1346.75218503346,1346.75218503346,37.2589431493676,119.347577299419,14.004036804409,16.3476663874773,44.9858039034867
2005-04-05,276.474448084451,276.474448084451,276.474448084451,279.916547027381,280.282599859198,283.306163432301,296.246830981796,297.325029478312,298.491603337852,339.795247570251,339.795247570251,357.711940752864,357.711940752864,366.903100378735,366.903100378735,371.924442330873,371.924442330873,371.924442330873,372.312646435055,394.35639682631,394.35639682631,404.511687330185,404.511687330185,405.292375961038,405.691422660859,406.974085425353,406.974085425353,408.273910795293,408.533700487557,413.803240935358,524.519725679255,524.519725679255,527.653806207922,529.227757771312,532.048667482817,533.914050890541,533.914050890541,963.736435926994,963.736435926994,972.896994095691,975.284204062503,975.779287699275,976.887248103386,989.442034358502,993.444493536431,1210.18683016636,1232.99495304618,1234.46015319944,1235.10591727962,1235.54227920497,1237.70427054875,1238.29519397519,1238.94182641266,1239.45647215566,1239.45647215566,1240.622250244,1240.622250244,1257.81938264752,1257.81938264752,1258.16711930085,1260.25912263063,1263.98224335581,1267.56839011774,1273.07300771316,1319.78578022119,1326.6905338055,1326.6905338055,35.7580897467962,107.572203928549,13.68627918779,16.4249226415855,45.664472603101
2005-04-06,271.320014590057,271.320014590057,271.320014590057,274.699916626295,275.055590619812,278.173805410619,290.878258816094,292.015806170203,293.259669049697,333.380277827995,333.380277827995,350.684846784533,350.684846784533,359.69430758743,359.69430758743,364.953211605897,364.953211605897,364.953211605897,365.327121232253,386.887892853385,386.887892853385,397.814557349034,397.814557349034,398.780752469558,399.264850690308,400.981315066296,400.981315066296,402.455863368982,402.738913077548,407.975958704839,508.770219135549,508.770219135549,512.137624068505,513.866701105766,517.137843879865,519.21268566484,519.21268566484,941.319277162241,941.319277162241,950.989522073115,953.505284082458,954.040382810859,955.181719540455,967.678142853285,971.840734268904,1181.08669868485,1203.73800094965,1205.36740121016,1206.09743034494,1206.60273999931,1208.74512090597,1209.45349236331,1210.20825172533,1210.8301607029,1210.8301607029,1211.99071180697,1211.99071180697,1229.44829755204,1229.44829755204,1229.87315254789,1232.18825697158,1235.88368587964,1239.67474540072,1245.34490632483,1292.90606915532,1299.88859522207,1299.88859522207,34.622104942592,97.4340254849031,13.3610254981699,16.5045834819445,46.1619248828098
2005-04-07,279.731522142376,279.731522142376,279.731522142376,284.820134981849,285.147971121376,285.565773034728,304.401880758829,305.930040715065,305.844758727899,350.644767095359,350.644767095359,365.922937518631,365.922937518631,375.493928578685,375.493928578685,376.497978061894,376.497978061894,376.497978061894,377.023147462532,398.326670157439,398.326670157439,408.212033371795,408.212033371795,407.82971483571,409.812756186884,415.940973589168,415.940973589168,415.712365516708,415.7036226551,420.812031057015,543.510275262995,543.510275262995,544.457930346002,549.622616304121,548.704517682184,547.228084516152,547.228084516152,1027.33874700808,1027.33874700808,1031.63219828663,1031.66665011478,1030.50289654313,1029.91972120673,1038.99724619086,1037.96907544839,1238.48765955534,1257.03503868918,1255.8595942363,1255.36897499519,1254.84321682391,1256.75970294391,1255.80831669204,1255.10123511306,1254.36773122666,1254.36773122666,1255.5506651413,1255.5506651413,1271.50654348313,1271.50654348313,1271.06524533362,1270.75447035925,1274.6805110159,1276.16008383397,1279.87835355984,1325.03183312103,1331.10800570335,1331.10800570335,40.644603776529,124.444484466171,13.501131475647,17.1924829517446,46.5942532418195
2005-04-08,292.251823429805,292.251823429805,292.251823429805,296.63510513346,296.990262637135,296.110783993313,314.7252173242,315.443806806143,315.023985989497,367.594944295978,367.594944295978,388.338493850469,388.338493850469,399.564076946349,399.564076946349,397.924700525212,397.924700525212,397.924700525212,399.359187461637,422.529819749742,422.529819749742,426.309171651438,426.309171651438,425.25287763454,426.1231494324,425.196495669167,425.196495669167,425.523639610513,425.609057726801,431.923394542626,578.1500728474,578.1500728474,577.721788800322,578.969981572642,576.007553006349,574.053682654058,574.053682654058,1045.72997585373,1045.72997585373,1056.12949747353,1058.18206292265,1057.95762636716,1058.26310701066,1070.58716811781,1071.73058205773,1273.49792063918,1293.4790286367,1292.73864672012,1292.33728618128,1291.91951162822,1293.90917773624,1293.10666045229,1292.49378241855,1291.79625117754,1291.79625117754,1293.00962141544,1293.00962141544,1308.98473409999,1308.98473409999,1308.49973611521,1308.23630592008,1312.13675038896,1313.4354620323,1316.93730891698,1362.35188605332,1368.33678960873,1368.33678960873,47.9433666644922,151.725054175131,13.8074295850056,17.1454487316044,47.2524908115501
2005-04-09,301.072039589643,301.072039589643,301.072039589643,304.922070975093,305.343027950581,304.624518134469,321.77457984419,322.371229378462,322.026728556707,377.397083216612,377.397083216612,401.599392018367,401.599392018367,414.832028266404,414.832028266404,414.491006252408,414.491006252408,414.491006252408,415.862608512509,440.56118515469,440.56118515469,443.196885860758,443.196885860758,442.041238686912,442.980659113308,440.330333388891,440.330333388891,439.537138788005,439.512063861322,445.664918836479,618.768143373783,618.768143373783,616.984013817917,617.854256167586,613.055563414819,610.137087810624,610.137087810624,1086.68560448473,1086.68560448473,1093.74462990525,1094.94296385449,1094.44394222359,1094.56821681659,1105.85662153066,1106.64340612524,1308.73643052141,1328.3623738895,1327.5731905478,1327.11445428757,1326.68082701935,1328.66052243238,1327.86630951508,1327.25691897826,1326.58202385024,1326.58202385024,1327.78102869586,1327.78102869586,1343.8948261904,1343.8948261904,1343.44424731217,1343.26396097212,1347.10848781591,1348.27750939188,1351.72566718915,1397.12219890482,1403.15312263738,1403.15312263738,49.5251664412303,179.862905360795,13.9442581703944,17.2497414503063,47.1573412160566
2005-04-10,304.079251209573,304.079251209573,304.079251209573,308.024138997491,308.510875326991,309.058398298696,325.274243960513,326.041768530585,326.077151447095,381.085553431104,381.085553431104,406.097276145421,406.097276145421,420.316906061862,420.316906061862,422.708206653887,422.708206653887,422.708206653887,423.768127179446,448.94193900031,448.94193900031,454.840477915107,454.840477915107,454.055514427614,455.058765749663,452.916766038466,452.916766038466,452.301317438021,452.297481846217,458.516816391486,649.833805856514,649.833805856514,648.804428606987,649.971341881569,645.853686156068,643.255005866939,643.255005866939,1133.71036965983,1133.71036965983,1139.66488519869,1140.51252308132,1139.8601657338,1139.83863670545,1150.54455466413,1150.76478784021,1352.46420790677,1371.51891457132,1370.43382228417,1369.83568353926,1369.29382903154,1371.21827012224,1370.25713695759,1369.49760748741,1368.68431519415,1368.68431519415,1369.85930060886,1369.85930060886,1385.91652227952,1385.91652227952,1385.37556889934,1384.91764835377,1388.70038448987,1389.54917158458,1392.66870805983,1437.43721482184,1443.38440793867,1443.38440793867,48.1709027899842,196.209474638772,13.9772257465794,17.4098633598497,46.7892748061826
2005-04-11,301.404881333443,301.404881333443,301.404881333443,305.646988146403,306.181383413789,308.426612770932,324.028374859236,325.075202206668,325.678127160853,379.160150629848,379.160150629848,403.9931511246,403.9931511246,418.455698672874,418.455698672874,423.213610295506,423.213610295506,423.213610295506,424.099196363149,449.20214093958,449.20214093958,458.83150647459,458.83150647459,458.784162041837,459.853827883705,459.082773113114,459.082773113114,459.185618368278,459.285051681955,465.698623932826,662.039185458188,662.039185458188,663.087367507345,664.866332039596,663.06646609373,661.852891026531,661.852891026531,1167.08490616526,1167.08490616526,1173.81598495766,1174.96721651192,1174.51230576388,1174.6881410447,1185.93609349305,1186.62082243874,1387.76596984098,1407.19335583158,1406.37377135508,1405.90103467229,1405.45725168945,1407.37661160195,1406.56506835108,1405.9339703337,1405.23938034558,1405.23938034558,1406.40081687063,1406.40081687063,1422.79091104358,1422.79091104358,1422.32275341814,1422.05026847948,1425.79038281872,1426.78218101795,1429.99388230605,1474.39422552833,1480.42758395821,1480.42758395821,45.8442922728244,197.88974618857,13.9448933210504,17.5633475569133,46.2328120994288
2005-04-12,294.730765129459,294.730765129459,294.730765129459,299.224950608098,299.783208940479,303.46640164963,318.68192621331,319.987433794563,321.124197955186,372.644603853674,372.644603853674,396.992753063827,396.992753063827,411.324194759085,411.324194759085,417.807594297649,417.807594297649,417.807594297649,418.590480039673,443.375579955276,443.375579955276,456.084065893133,456.084065893133,456.757368500494,457.868587048337,458.535719768133,458.535719768133,459.428804657641,459.644066086295,466.241549344162,656.738200878856,656.738200878856,659.854343096266,662.217088595029,662.928564991775,663.297795110728,663.297795110728,1179.55265313478,1179.55265313478,1187.77505515277,1189.49678324412,1189.38010770989,1189.8945724661,1202.15330897143,1203.8944942294,1404.16390782888,1424.49967379836,1424.33485306182,1424.18078338204,1423.9886810786,1425.94245796203,1425.52958989979,1425.25442707843,1424.89618031832,1424.89618031832,1426.05317880038,1426.05317880038,1443.10456190287,1443.10456190287,1442.85881515871,1443.22015869202,1446.9343982818,1448.5431965704,1452.30365856681,1496.75906665179,1503.08302830789,1503.08302830789,43.3191344144687,189.032461161112,13.8558989657769,17.6911296089129,45.5537491299562
2005-04-13,285.95187863621,285.95187863621,285.95187863621,290.492931216461,291.054675044378,295.668570981473,310.490851713594,311.981947423858,313.518191588187,362.942289181137,362.942289181137,386.614708371356,386.614708371356,400.619306778617,400.619306778617,408.252750113278,408.252750113278,408.252750113278,408.966369286486,433.371072682245,433.371072682245,448.244723684991,448.244723684991,449.479989181478,450.598899117687,452.455344360641,452.455344360641,454.014675436212,454.327947084091,461.04447299111,639.375642537989,639.375642537989,643.966650777169,646.730136652721,649.380085756497,651.010961969545,651.010961969545,1172.62942565093,1172.62942565093,1182.26128623052,1184.52084540625,1184.73730776021,1185.58541585985,1198.80981793881,1201.63785530206,1400.35546496806,1421.62441167184,1422.18048424732,1422.38092520697,1422.47014596481,1424.46641933896,1424.50559378673,1424.63842998879,1424.66928282422,1424.66928282422,1425.82526737003,1425.82526737003,1443.60529867579,1443.60529867579,1443.62291843104,1444.75020835737,1448.44643428391,1450.82422245816,1455.29356442664,1499.90156332125,1506.58924183824,1506.58924183824,40.9641062158941,174.791518476627,13.717926836002,17.7926232748588,44.7579585516149
2005-04-14,276.372336996371,276.372336996371,276.372336996371,280.828859306792,281.378322220918,286.434508912648,300.792918108235,302.374617820445,304.147683877118,351.468545656909,351.468545656909,374.273911472917,374.273911472917,387.787365595688,387.787365595688,396.08566938166,396.08566938166,396.08566938166,396.737591451618,420.759450866122,420.759450866122,436.922950005061,436.922950005061,438.542823491395,439.636094469407,442.350523436994,442.350523436994,444.398811856327,444.784114071922,451.536094540763,615.090474062804,615.090474062804,620.53944312861,623.515697885697,627.409252053885,629.871425771941,629.871425771941,1150.71829271101,1150.71829271101,1161.4025251376,1164.08321035481,1164.56139813467,1165.67110891885,1179.61313566807,1183.32742653496,1379.61658453862,1401.63173980437,1402.80455178803,1403.30995651512,1403.64192843214,1405.67569201468,1406.10794894338,1406.5972627165,1406.96994030856,1406.96994030856,1408.12434061906,1408.12434061906,1426.77771633351,1426.77771633351,1427.02631065716,1428.82881926811,1432.53409225926,1435.59387123894,1440.69547848315,1485.36921436345,1492.41752444271,1492.41752444271,38.9019819632528,158.795503210891,13.5422868409772,18.117876233812,43.8908380838475
2005-04-15,267.219460529206,267.219460529206,267.219460529206,271.677380939142,272.213888452746,277.2674783549,291.833513993117,293.546092656752,295.387439975739,341.071293187349,341.071293187349,364.575720829432,364.575720829432,378.496647889626,378.496647889626,387.357388291113,387.357388291113,387.357388291113,388.104568780468,414.242684679685,414.242684679685,434.528342119979,434.528342119979,435.588313334116,437.106757875065,442.893068249455,442.893068249455,446.939244930264,447.4880456134,461.414455435128,620.618514160656,620.618514160656,624.718509397764,629.712420695703,637.342911316538,642.277021885441,642.277021885441,1219.13342106336,1219.13342106336,1249.92315146345,1262.31431856171,1270.76082800019,1271.94481027085,1348.16994691209,1360.08699093174,1626.81268599772,1709.70158891024,1728.96682850035,1745.26414486735,1752.30068460586,1770.82164763902,1771.95230143629,1774.02020691155,1790.26942445327,1790.26942445327,1795.60964767574,1795.60964767574,1835.37419440055,1835.37419440055,1834.34022448062,1838.4526047402,1854.50937529645,1873.00266582807,1890.08984013036,1939.12053119552,1949.64924510592,1949.64924510592,37.4875606286366,155.551112328346,41.0161209170401,47.8377992956521,59.2725138393421
2005-04-16,271.538650010117,271.538650010117,271.538650010117,275.703772318715,276.422403455351,279.502098228816,293.487089988865,294.65472386695,295.424221244538,341.52055383669,341.52055383669,367.194170891046,367.194170891046,379.579393560099,379.579393560099,386.355021517826,386.355021517826,386.355021517826,387.969701437544,416.327906785672,416.327906785672,434.432561841355,434.432561841355,435.463074271732,438.781569526374,455.8815006056,455.8815006056,456.931908418011,457.414333064761,474.595344976761,702.123215091001,702.123215091001,708.080621875639,719.506732560538,723.93180160359,727.089844958294,727.089844958294,1635.71030228047,1635.71030228047,1675.08297130407,1694.33223832274,1690.64272605032,1686.04143519102,1719.47137502043,1715.06012620905,1946.87912597168,1999.78915018383,1997.13341524024,1996.88196557497,2001.20408420137,2020.01162940908,2020.81062095727,2018.21634334467,2014.77756262691,2014.77756262691,2020.5231502581,2020.5231502581,2050.51952984871,2050.51952984871,2048.78281754838,2054.3235493235,2069.26999930284,2076.42991004821,2096.32692697266,2149.26863880231,2162.26253704912,2162.26253704912,39.3512846219346,229.634873405873,34.480968749729,35.6415004941463,61.8335176922335
2005-04-17,275.934770348419,275.934770348419,275.934770348419,280.096143286158,280.961445377889,282.313221437881,295.56297653415,296.809995032442,297.315990871504,344.373026859596,344.373026859596,370.287083130229,370.287083130229,382.647976323483,382.647976323483,388.023476322228,388.023476322228,388.023476322228,389.587230115437,417.462753805605,417.462753805605,437.475384634235,437.475384634235,438.046589606383,439.760313235196,448.665891046767,448.665891046767,453.018085192237,453.896665804999,474.929573249554,742.184613201884,742.184613201884,751.154336633903,759.54612100818,759.456729283502,760.512527749495,760.512527749495,1736.58894067239,1736.58894067239,1794.95805138849,1809.60321783191,1809.85474019411,1811.21014361558,1856.07278537502,1865.09944659239,2114.14352668141,2179.04118745273,2176.14266696758,2174.86741337014,2173.13848392657,2190.2025752428,2187.33386757451,2186.11861257307,2183.49685561694,2183.49685561694,2188.75849731173,2188.75849731173,2216.24587002512,2216.24587002512,2214.93155361259,2222.18120443173,2235.80939759404,2241.16877002931,2262.79517661602,2316.25051238261,2328.75034518594,2328.75034518594,40.4288992244699,269.74076260598,36.2463956192857,31.9641877594555,60.4647454266264
2005-04-18,283.523563951143,283.523563951143,283.523563951143,287.534244838736,288.558181691609,289.861011441042,304.144998158453,305.335291023161,305.269734825546,358.517264590484,358.517264590484,388.710735093704,388.710735093704,401.619714009204,401.619714009204,405.005775918782,405.005775918782,405.005775918782,408.177787908444,435.869305987978,435.869305987978,454.851252949898,454.851252949898,454.575181931073,456.821829078681,458.588453313474,458.588453313474,461.442828975414,462.46368465669,488.287355072916,793.241359548438,793.241359548438,800.359629234129,808.748886335244,806.481694190638,805.191168952819,805.191168952819,1836.14863685329,1836.14863685329,1906.3420418944,1916.91994348878,1918.54693899189,1920.35732369539,1971.57101788187,1992.16906460476,2244.03372226622,2311.83630426228,2310.36733906756,2309.67185552267,2308.40245522652,2323.52427371395,2321.31311809838,2320.72425363767,2318.6366937756,2318.6366937756,2323.32601988749,2323.32601988749,2349.99530507958,2349.99530507958,2349.00928251257,2356.66100228484,2369.38176971028,2374.58137345629,2397.11049249019,2450.21029880865,2462.58728226801,2462.58728226801,44.809239674923,308.311893823557,37.4432527771495,30.1904949455167,58.2480787291426
2005-04-19,301.925119446679,301.925119446679,301.925119446679,306.097645888616,307.611985252593,306.825478449084,323.318156316339,324.290415280088,323.091596756508,386.396752984672,386.396752984672,419.300912969069,419.300912969069,437.765487068476,437.765487068476,438.036335430592,438.036335430592,438.036335430592,441.091228031746,468.324250749021,468.324250749021,494.616373234839,494.616373234839,493.6308210846,497.43834335884,493.487710448197,493.487710448197,494.197747227975,494.923034885359,520.680056952749,846.580590397168,846.580590397168,851.949938641544,859.920748830118,857.155145670135,855.420088100605,855.420088100605,1928.30085943677,1928.30085943677,1992.641905058,2003.76115728489,2005.47164034176,2007.59832694728,2060.98157195343,2074.81303014856,2338.71541315453,2411.39207260895,2411.11990797384,2410.8942152364,2410.04517130994,2423.4468326072,2421.85922798812,2421.82223085128,2420.30774474116,2420.30774474116,2424.48027079574,2424.48027079574,2450.69913468724,2450.69913468724,2450.0084606884,2457.57386573304,2469.52015855333,2474.96657370502,2497.27872660503,2549.12266715283,2560.97775221608,2560.97775221608,55.4206263900422,330.698405594721,43.0585019080887,28.8175689010583,55.8136323379357
2005-04-20,304.870889975368,304.870889975368,304.870889975368,310.076304692804,311.590864561598,313.277769706448,331.287129283615,332.673727626064,332.362924574532,399.390394249393,399.390394249393,431.210752550786,431.210752550786,453.024276922972,453.024276922972,456.288198381284,456.288198381284,456.288198381284,457.844529641548,485.92373343064,485.92373343064,511.264865035736,511.264865035736,510.880297846503,514.299091318085,512.572997535382,512.572997535382,514.361110601549,515.368923468523,542.249866718766,874.03100664246,874.03100664246,880.84543003307,889.051027345603,888.53461576572,887.644067613112,887.644067613112,1970.25037186828,1970.25037186828,2030.13167904893,2040.81136314529,2043.2810577971,2046.20666862249,2102.57191463257,2129.02536603061,2402.5153629499,2473.70063834104,2474.24553541552,2474.52027321882,2474.1065726788,2486.15613690778,2485.23239026689,2485.76101507593,2484.84683960044,2484.84683960044,2488.59548458764,2488.59548458764,2514.52183509139,2514.52183509139,2514.1817755557,2521.73610344284,2533.0178115235,2538.98806042554,2560.95827666123,2612.15878997224,2623.88094779515,2623.88094779515,56.2614059251129,332.714688648002,43.1205300974501,27.5504785516329,53.6972655226323
2005-04-21,300.01785096787,300.01785096787,300.01785096787,305.817534782174,307.32108359856,311.70774769367,329.665987517615,331.419804124725,332.253256611085,399.259210231981,399.259210231981,431.207949996378,431.207949996378,454.165825814197,454.165825814197,460.676265046526,460.676265046526,460.676265046526,461.859869765613,491.120257335163,491.120257335163,518.649751475439,518.649751475439,519.085295433578,521.941773972511,521.908842686324,521.908842686324,524.57236127586,525.744301100313,552.597665170351,872.903449598198,872.903449598198,881.875524790781,890.405401982158,893.292460967522,894.387875888486,894.387875888486,1959.84605596786,1959.84605596786,2014.63085842466,2025.34411274846,2027.35083720766,2032.46963674018,2089.70609114179,2105.77898321326,2387.3487486006,2456.5885644356,2459.29969611353,2460.62851422011,2461.07809735152,2472.2000361186,2472.61785246542,2474.30393316735,2474.62047496127,2474.62047496127,2478.05694048561,2478.05694048561,2504.72104128974,2504.72104128974,2505.12028734675,2513.91826999415,2524.59298600118,2532.34918665616,2554.9233696028,2607.07274896445,2619.25766957015,2619.25766957015,53.8362873116921,317.255826012697,39.0258874338999,26.4121288387312,51.944132864966
2005-04-22,290.137907527345,290.137907527345,290.137907527345,296.260136505086,297.690738643619,303.986502756469,321.917626211199,323.914921161438,325.487488885903,390.519822786045,390.519822786045,421.904819890179,421.904819890179,446.27283534967,446.27283534967,455.187661580117,455.187661580117,455.187661580117,456.191442231224,486.301024889123,486.301024889123,516.789642793197,516.789642793197,517.839345971508,520.281027739036,521.855177843713,521.855177843713,525.399560977336,526.687907503881,552.780457415751,850.396236471135,850.396236471135,860.952719511835,869.582961638643,875.337150458807,878.206097756795,878.206097756795,1905.75867723236,1905.75867723236,1957.77846952811,1968.45427155937,1970.68493703519,1975.77913553261,2033.80693439996,2050.14973241038,2334.31571057318,2400.71827756246,2404.53056929421,2406.40450222195,2407.31061717091,2417.63940970089,2418.79697273155,2421.08789137849,2422.05386789076,2422.05386789076,2425.23467013381,2425.23467013381,2452.06153447289,2452.06153447289,2452.90772605709,2462.2979192584,2472.42615776859,2481.32561462631,2504.22652623351,2557.01002159315,2569.46789234923,2569.46789234923,51.0855838781467,291.648278202846,36.288106285019,25.4568388416596,50.7180126335086
2005-04-23,279.868198717829,279.868198717829,279.868198717829,286.063184629643,287.401454644612,294.295864748377,313.933814055674,315.87956040834,317.586673995866,381.542936600261,381.542936600261,411.030971458457,411.030971458457,434.969188899967,434.969188899967,445.010379709951,445.010379709951,445.010379709951,445.913287655001,476.411746691805,476.411746691805,507.904010477487,507.904010477487,509.633192151207,511.893895012961,514.93985684607,514.93985684607,519.155577706088,520.508318323456,545.578164485116,820.691789474807,820.691789474807,831.620327369908,840.14339171243,847.357970591716,851.136383794591,851.136383794591,1832.34606004585,1832.34606004585,1881.34016673966,1891.55697600418,1893.85034777096,1898.76804000009,1955.96422609658,1972.43614855987,2254.7123591654,2318.45800666953,2323.00319455508,2325.21248526427,2326.43180961471,2336.10298628409,2337.76536339601,2340.44498356474,2341.85272425926,2341.85272425926,2344.82741244851,2344.82741244851,2371.59372033666,2371.59372033666,2372.7001829838,2382.27313934993,2391.77952665158,2401.18247719135,2423.4483187301,2476.245079296,2488.73993577288,2488.73993577288,50.8853745702312,268.110569332659,34.1817690882541,24.6880714274603,49.5561681751612
2005-04-24,295.888008760642,295.888008760642,295.888008760642,309.967009161505,311.524822798527,312.932951916209,391.521800033241,396.140059144902,390.749304516401,462.186765785352,462.186765785352,490.29268027644,490.29268027644,520.621525558954,520.621525558954,515.362276652588,515.362276652588,515.362276652588,517.866611000156,547.869386187521,547.869386187521,570.466998359485,570.466998359485,568.807563012976,573.339153463144,571.744908669433,571.744908669433,571.207183783845,571.873419708468,599.068610420611,923.813324124696,923.813324124696,924.663559879083,934.203071199534,931.379058541703,929.373185280699,929.373185280699,1978.70874378771,1978.70874378771,2027.7781210518,2035.42283845605,2036.68936334579,2038.50291885278,2105.78951904606,2115.92045837479,2418.62540873426,2478.0539842499,2476.45195036705,2475.85205399124,2474.86204363948,2484.06437631644,2482.00624692428,2481.31740277298,2479.79305802752,2479.79305802752,2482.67218882348,2482.67218882348,2505.2780909528,2505.2780909528,2504.25672098355,2507.20587654055,2516.75345087847,2520.37361702477,2537.69088146946,2583.9229554128,2594.23801003325,2594.23801003325,67.9177539921698,334.245426258088,37.8909071770028,25.7409698763634,49.8148307929962
2005-04-25,306.720652867089,306.720652867089,306.720652867089,317.88097346322,319.567413894244,322.428051248621,389.499467050157,393.051380957941,393.740671010388,482.684346531717,482.684346531717,518.339338021977,518.339338021977,555.803895306979,555.803895306979,556.64095394209,556.64095394209,556.64095394209,558.512184801736,593.828661402949,593.828661402949,607.385150400719,607.385150400719,604.595796916197,607.765504669538,604.72365843994,604.72365843994,605.744842609388,606.704468368021,635.35496531462,1016.19048486919,1016.19048486919,1016.56715918626,1023.68116276741,1017.7210686817,1012.97099357783,1012.97099357783,2044.64258765354,2044.64258765354,2089.86935696169,2098.16173329642,2099.08940313977,2101.59629431288,2169.37227480596,2182.23603723291,2505.90199119207,2568.64753179151,2568.35287279333,2568.04244609605,2567.4705619427,2576.60247204092,2575.22204410782,2575.08718697119,2573.89883762312,2573.89883762312,2576.6408222789,2576.6408222789,2599.69636121683,2599.69636121683,2598.89750867631,2602.28975442936,2611.30973011048,2614.75869054693,2630.52247707457,2675.79358128412,2685.74424749185,2685.74424749185,72.9232247976984,390.91128451312,38.5832984355481,25.433796175782,48.8851741446447
2005-04-26,310.271253684127,310.271253684127,310.271253684127,319.315915093269,320.914296350536,324.904804942642,375.069473926172,378.346701207658,380.765117539258,470.920879976662,470.920879976662,511.280833127577,511.280833127577,548.852305142002,548.852305142002,559.54439094552,559.54439094552,559.54439094552,560.916050345193,600.345804801795,600.345804801795,624.491089473002,624.491089473002,623.446713798843,626.15039836171,624.346853904752,624.346853904752,626.486117759662,627.616368026913,655.681883451947,1058.49008071217,1058.49008071217,1063.0182130308,1070.74470308261,1068.78892932485,1066.42599597878,1066.42599597878,2083.60327959173,2083.60327959173,2126.41407752252,2134.315437553,2135.24792862049,2137.94113856393,2203.8297159278,2217.70422873871,2546.82485880097,2611.4151042818,2612.38943495145,2612.71992993222,2612.67787869723,2621.70220045059,2621.1320291707,2621.73162747387,2621.21761652385,2621.21761652385,2623.85299023187,2623.85299023187,2648.16337624596,2648.16337624596,2647.83421979617,2652.25723000386,2660.78452538007,2665.42956267198,2681.4310119598,2727.37536216031,2737.67679838092,2737.67679838092,70.036256973357,406.030747766677,38.7407769308522,25.5165198027697,47.9503065141498
2005-04-27,306.591509000379,306.591509000379,306.591509000379,314.89811845009,316.407017045496,321.692027641556,360.622763895552,363.527710679326,366.118746455624,450.746255284466,450.746255284466,490.476296103995,490.476296103995,524.394839237718,524.394839237718,540.255711117555,540.255711117555,540.255711117555,541.452174983124,582.084679499563,582.084679499563,615.928102295144,615.928102295144,617.341624149178,619.890147530018,622.192664248068,622.192664248068,626.363799885852,627.751960569057,654.991693984417,1044.28335649611,1044.28335649611,1054.00418210543,1062.75807248878,1067.05231226001,1068.55770231911,1068.55770231911,2073.3834283527,2073.3834283527,2115.54915581618,2123.69743833291,2125.01565037898,2128.18678978021,2191.44313862442,2206.94462068719,2531.57888596851,2597.50650320477,2599.99794025596,2601.07840206439,2601.63846132959,2610.55791854064,2610.9392624531,2612.38376148621,2612.68856173989,2612.68856173989,2615.24447256348,2615.24447256348,2641.04092224944,2641.04092224944,2641.27684705713,2647.08960664734,2655.1925969225,2661.42244795067,2678.20381136362,2725.32910204598,2736.20125543999,2736.20125543999,65.2585327543688,384.638519565678,38.3994263863611,25.6162255747951,47.0416260439178
2005-04-28,297.109672818188,297.109672818188,297.109672818188,305.12859854013,306.534928825252,313.142877319708,345.200582824993,347.923705635614,350.603132937224,428.618043748046,428.618043748046,465.821602511761,465.821602511761,495.398828995469,495.398828995469,512.710766304035,512.710766304035,512.710766304035,513.76412009405,553.856021467888,553.856021467888,591.875290145288,591.875290145288,594.877710073957,597.261939696916,602.738895368238,602.738895368238,608.592689300918,610.181035852788,636.369109387748,991.244903988612,991.244903988612,1004.63227809807,1014.01455918122,1023.26681067288,1027.97799281791,1027.97799281791,2014.90873177618,2014.90873177618,2056.9278875708,2065.47321829308,2067.24103671751,2070.9301855199,2131.75876109201,2148.77648618547,2465.07233685136,2531.430310349,2535.3312758392,2537.11164835881,2538.23357880836,2547.02111210353,2548.30461677538,2550.53726782686,2551.63051134698,2551.63051134698,2554.12226813669,2554.12226813669,2581.22696855319,2581.22696855319,2582.00307345464,2589.18101165103,2596.9125474322,2604.70062504491,2622.32050057239,2670.63127693231,2682.08718423383,2682.08718423383,60.3553728847593,344.826493487008,37.5452518518902,25.6064583964772,46.173855649072
2005-04-29,284.206017030783,284.206017030783,284.206017030783,291.926778911545,293.21454966278,300.752655231907,328.390768402425,331.038998976044,333.867547327778,405.705006805027,405.705006805027,440.200966493582,440.200966493582,466.049496098064,466.049496098064,483.177082783698,483.177082783698,483.177082783698,484.095351151209,523.358985989961,523.358985989961,561.567117809308,561.567117809308,565.252035207933,567.413444391298,574.448553232923,574.448553232923,581.137523576354,582.799511907089,607.580438881818,920.532974023284,920.532974023284,935.524631353168,944.964151862303,956.903235793728,963.487959608994,963.487959608994,1923.47684552312,1923.47684552312,1964.58550108266,1973.26240663334,1975.34664336375,1979.39745950391,2037.27568653743,2055.15973809443,2361.8010116736,2427.49428851421,2432.440125249,2434.74552482173,2436.2870058892,2444.88226761438,2446.8503487379,2449.67103136222,2451.3702259909,2451.3702259909,2453.80054269154,2453.80054269154,2481.77288517727,2481.77288517727,2482.96722044559,2491.18500338005,2498.58804870861,2507.58038273959,2525.73515627929,2574.88244052865,2586.7701262254,2586.7701262254,55.7597886483066,300.39946768797,36.3418065157745,25.4527903181288,45.3680483860507
2005-04-30,270.252529536228,270.252529536228,270.252529536228,277.543483290095,278.706805384785,286.574280768342,311.107846282089,313.676979725179,316.587396927344,382.827393548654,382.827393548654,414.814434893241,414.814434893241,437.674387516364,437.674387516364,454.099355582795,454.099355582795,454.099355582795,454.902018955708,493.545638067363,493.545638067363,530.120390741787,530.120390741787,533.951484250637,535.867432059212,543.365592575921,543.365592575921,550.234366453823,551.870514200869,574.986475655447,846.574627060867,846.574627060867,861.656064643545,870.747582730882,883.561898878816,890.869159337858,890.869159337858,1815.75452966682,1815.75452966682,1855.08042974153,1863.57789564863,1865.79985612036,1870.00522643375,1924.28910576723,1942.27340875617,2238.62393739631,2302.70790870416,2308.25533001084,2310.86549097765,2312.65390165667,2320.99000584643,2323.37127768762,2326.53049747661,2328.60247935366,2328.60247935366,2330.97185317649,2330.97185317649,2359.30132315835,2359.30132315835,2360.75424552766,2369.54989392532,2376.6523649442,2386.36195001233,2404.60089493981,2454.05068691985,2466.14055992688,2466.14055992688,51.5943890420386,258.514689220114,34.9634595254974,25.1724788146413,44.60206755792
2005-05-01,256.583683996124,256.583683996124,256.583683996124,263.356825629216,264.394164090737,272.116564144171,294.304828065723,296.751123091368,299.636857497643,360.796536083085,360.796536083085,390.422853178735,390.422853178735,410.844340885689,410.844340885689,426.394189492371,426.394189492371,426.394189492371,427.098772361726,464.633989629888,464.633989629888,499.205063627663,499.205063627663,502.989667681391,504.678242502472,512.09795819104,512.09795819104,518.834761614899,520.397071139028,541.756804211506,776.116252191015,776.116252191015,790.499035678013,799.026419904714,811.678033155479,819.038126219608,819.038126219608,1701.90997426734,1701.90997426734,1738.98676639043,1747.11675529853,1749.35927125767,1753.58122711064,1803.98996631147,1821.54445572991,2107.25604837538,2169.15230643764,2174.98345540154,2177.73850668816,2179.64766136012,2187.68390760016,2190.27717292479,2193.58860149072,2195.85721044292,2195.85721044292,2198.16622435038,2198.16622435038,2226.45668979452,2226.45668979452,2228.04426599638,2237.05923888034,2243.88319280145,2253.91428948202,2271.86893509964,2321.20789890147,2333.30059129321,2333.30059129321,47.8710179700963,221.74841237925,33.5297794255423,24.7927619085284,43.9003904617535
2005-05-02,244.480705793266,244.480705793266,244.480705793266,250.65980196769,251.575379949733,258.729104431013,279.021409520833,281.297523336178,284.027560502978,340.648107250763,340.648107250763,368.094000002948,368.094000002948,386.415556800721,386.415556800721,400.917586874881,400.917586874881,400.917586874881,401.55001330718,439.771953850178,439.771953850178,471.295897707913,471.295897707913,474.801438488033,476.27638183367,483.199207581546,483.199207581546,489.540509269168,490.990302458428,510.608424196963,712.892292503417,712.892292503417,726.146180815172,734.02287195074,745.923144083998,752.94032947894,752.94032947894,1589.30812897185,1589.30812897185,1624.00811300361,1631.67602304395,1633.86281166408,1637.99715432751,1684.58489573315,1701.38820385751,1976.55996652239,2035.92336051621,2041.7923424692,2044.5719253202,2046.50540232214,2054.22731368717,2056.8777959194,2060.19735867923,2062.52513407825,2062.52513407825,2064.77480378436,2064.77480378436,2092.74125875593,2092.74125875593,2094.36584801964,2103.31987488107,2109.88420646468,2119.93039630645,2137.31745900447,2186.22974358147,2198.16169955411,2198.16169955411,44.6837523622875,190.693077303001,32.1012042040008,24.3621009458441,43.2596778866574
2005-05-03,238.914395103768,238.914395103768,238.914395103768,244.364747214277,245.177248501561,250.64089976625,269.316954577101,271.20320441962,273.322930351211,328.034006226885,328.034006226885,353.822174804813,353.822174804813,370.313127960862,370.313127960862,382.989914012712,382.989914012712,382.989914012712,383.695702546946,423.959235239396,423.959235239396,452.001734288614,452.001734288614,454.760219104125,456.218814129779,462.039695736266,462.039695736266,467.794711818921,469.102983554402,487.871211681303,664.35502914116,664.35502914116,675.919870105731,683.294533310726,693.923921686562,700.099991095397,700.099991095397,1502.55692635592,1502.55692635592,1535.47916079258,1542.39004152894,1544.17640586069,1547.85854631213,1590.64078643846,1605.57119560821,1872.01542793182,1927.98491505821,1933.13697689283,1935.5575013474,1937.22192285741,1944.57033922857,1946.81557766281,1949.72965785684,1951.72375468183,1951.72375468183,1953.90306225237,1953.90306225237,1980.8951317015,1980.8951317015,1982.29602702352,1990.42958201688,1996.74197402527,2006.01881896465,2022.13623907969,2069.83681987278,2081.26663213026,2081.26663213026,44.4400384025361,166.741041742258,30.8848220339203,23.906686424772,42.7146834872741
2005-05-04,235.06098531935,235.06098531935,235.06098531935,239.783547688273,240.51849907373,244.680691247343,261.951618664391,263.580214233957,265.291550398954,317.179900630776,317.179900630776,341.379550410568,341.379550410568,355.993575293171,355.993575293171,367.129406056443,367.129406056443,367.129406056443,367.726023088177,407.232276508557,407.232276508557,433.449154575858,433.449154575858,436.035752798031,437.275226314208,442.527374690508,442.527374690508,447.704171328893,448.90789828765,466.478707468188,622.0438365811,622.0438365811,632.428891085372,639.106349724199,648.434968573788,653.948197330554,653.948197330554,1415.30566852316,1415.30566852316,1445.99793319785,1452.75682731774,1454.5363881484,1458.1432355243,1498.2776939976,1512.47017765954,1773.16635421524,1826.51322267857,1831.45968045169,1833.77638590542,1835.36426513266,1842.41063396783,1844.53917916042,1847.3028713621,1849.19033241782,1849.19033241782,1851.31191148078,1851.31191148078,1877.67382219699,1877.67382219699,1878.99177706231,1886.70567596961,1892.792586714,1901.66022561596,1916.86276110047,1963.70010619895,1974.74068222894,1974.74068222894,42.7260112821233,147.023660222897,29.5708083778871,23.4529082432825,42.1934836274335
2005-05-05,232.95896301023,232.95896301023,232.95896301023,237.17588416967,237.84130722255,240.98806902532,257.056464046099,258.455049688755,259.80501275068,308.784172911743,308.784172911743,331.412613294609,331.412613294609,344.580225512439,344.580225512439,354.409138651705,354.409138651705,354.409138651705,354.928922860905,391.95081501302,391.95081501302,416.465099893479,416.465099893479,418.866325715553,419.998235076796,424.834669614314,424.834669614314,429.658084791829,430.77089336125,447.22361650279,585.932702877997,585.932702877997,595.299330512448,601.433724250428,609.747135889527,614.689872391405,614.689872391405,1338.07476224502,1338.07476224502,1366.46659433537,1372.71307059015,1374.34497070093,1377.74094250166,1415.16851854353,1428.35279306078,1685.50187933635,1736.10399256392,1740.70779597235,1742.85725128757,1744.31996469887,1751.06683031453,1753.01008910646,1755.569936039,1757.30142610984,1757.30142610984,1759.36927752164,1759.36927752164,1785.04448984718,1785.04448984718,1786.25362099324,1793.4868549551,1799.37012933961,1807.77590245456,1822.06738340806,1868.01649017097,1878.65743164942,1878.65743164942,40.9292874378783,131.180816260631,28.2644835388255,23.0104302489135,41.6768770696083
2005-05-06,230.548954610139,230.548954610139,230.548954610139,234.532845115461,235.153927500149,237.948501117529,253.13514203054,254.419632431064,255.584420626734,302.0822285228,302.0822285228,323.295975800275,323.295975800275,335.309908284261,335.309908284261,344.092121180196,344.092121180196,344.092121180196,344.554538044139,378.555966726469,378.555966726469,401.274511035437,401.274511035437,403.460272086789,404.493726981662,408.910570464702,408.910570464702,413.40222631008,414.431835150804,429.826197372474,554.985171217245,554.985171217245,563.43998713926,569.096572970182,576.567858263445,581.027268790255,581.027268790255,1268.89403340735,1268.89403340735,1295.32529402478,1301.12750854739,1302.62100690679,1305.8145488277,1340.77958474566,1352.9971160049,1607.81085228318,1655.81876969199,1660.09046644226,1662.07755574666,1663.41854631871,1669.88626875417,1671.64713522076,1674.00684402365,1675.5828090592,1675.5828090592,1677.60060017398,1677.60060017398,1702.60353423569,1702.60353423569,1703.70318324989,1710.46166548598,1716.15850634583,1724.09717558966,1737.51384462761,1782.55565387921,1792.80702836749,1792.80702836749,39.2761233769607,118.553534554874,27.0181370025969,22.5848276996315,41.1522257465813
2005-05-07,226.971052410465,226.971052410465,226.971052410465,230.868676777984,231.461242782112,234.403548570476,248.968857266922,250.250106519816,251.407614206056,296.013078176413,296.013078176413,316.100192860114,316.100192860114,327.272437942387,327.272437942387,335.315514314979,335.315514314979,335.315514314979,335.733734236102,366.926348352198,366.926348352198,387.887078754088,387.887078754088,389.846654555907,390.782920217091,394.760303820359,394.760303820359,398.915276722006,399.864332513622,414.253937530971,528.602041024924,528.602041024924,536.229564358264,541.447111008781,548.119997765076,552.147832257595,552.147832257595,1207.20644387864,1207.20644387864,1231.84051625615,1237.23164806713,1238.59335021954,1241.59668285668,1274.32960631082,1285.64771704975,1538.20542956124,1583.84788634647,1587.83761570608,1589.68582039978,1590.92363174818,1597.13646631826,1598.74318155136,1600.93050681896,1602.37581110547,1602.37581110547,1604.34688640128,1604.34688640128,1628.73498142405,1628.73498142405,1629.73998896305,1636.07741198782,1641.60491242636,1649.12235246802,1661.74742161247,1705.90713307415,1715.7955784803,1715.7955784803,37.8597222128278,108.575499070196,25.8622744055931,22.1817026497807,40.6078910907112
2005-05-08,221.610569240536,221.610569240536,221.610569240536,225.508791298654,226.077905257637,229.498102722387,243.617096323545,244.965724166298,246.26146365948,289.400885211662,289.400885211662,308.684885092449,308.684885092449,319.345284190971,319.345284190971,327.024971522805,327.024971522805,327.024971522805,327.409187830362,356.289117847402,356.289117847402,375.834227770859,375.834227770859,377.607204038263,378.451184853556,382.047432059803,382.047432059803,385.898730184508,386.774446400364,400.231819861612,505.90380725031,505.90380725031,512.800780959104,517.61525333194,523.59975403717,527.252266701951,527.252266701951,1152.40193121847,1152.40193121847,1175.36573522497,1180.35999419551,1181.59656704373,1184.41885409958,1215.11330089874,1225.60274381369,1474.98783220526,1518.5035875894,1522.26025524979,1523.9940948867,1525.14807645053,1531.12700241354,1532.60962754243,1534.65311614668,1535.99299064856,1535.99299064856,1537.92080346777,1537.92080346777,1561.75663521712,1561.75663521712,1562.68482502254,1568.65854339173,1574.03361954412,1581.18308542856,1593.10908694537,1636.42352542244,1645.98288013334,1645.98288013334,36.5380557532887,100.609856705533,24.8053884163151,21.8006842478168,40.0395740815783
2005-05-09,214.540095252784,214.540095252784,214.540095252784,218.449296077429,218.994717750224,222.998276352341,236.767679558263,238.210221352339,239.710675282666,281.62161725519,281.62161725519,300.371308495548,300.371308495548,310.764555815281,310.764555815281,318.39251141568,318.39251141568,318.39251141568,318.755138317763,345.844229902997,345.844229902997,364.462215135292,364.462215135292,366.128286885943,366.894904929541,370.240589657335,370.240589657335,373.857382995062,374.670893184167,387.287030281583,485.901926077073,485.901926077073,492.195805853687,496.65381675604,502.081503925186,505.434939021097,505.434939021097,1103.7522084105,1103.7522084105,1125.19176261476,1129.83723892254,1130.95425648493,1133.60163059331,1162.41689855762,1172.15332389361,1416.90860661672,1458.51995894031,1462.08218688721,1463.72070080073,1464.80565534637,1470.56739050388,1471.94962938423,1473.873096666,1475.12762298505,1475.12762298505,1477.01618546579,1477.01618546579,1500.35416635072,1500.35416635072,1501.2196938872,1506.8816898977,1512.11939569729,1518.95129561714,1530.26127640477,1572.75362358981,1582.01760865695,1582.01760865695,35.26629665111,94.089166284125,23.8510340450437,21.4416174091369,39.442741741286
2005-05-10,206.182963707978,206.182963707978,206.182963707978,210.079833186059,210.601193536228,215.138443098275,228.606424548247,230.139219546634,231.841349593724,272.652980423665,272.652980423665,291.016481284127,291.016481284127,301.268031636101,301.268031636101,309.016544120202,309.016544120202,309.016544120202,309.369121148723,335.108383894583,335.108383894583,353.228694438555,353.228694438555,354.864554597503,355.571481169392,358.817901265683,358.817901265683,362.283943747249,363.050252493766,374.941368084372,467.671726724471,467.671726724471,473.500530736396,477.654804392028,482.667556530665,485.803761868798,485.803761868798,1060.12784423882,1060.12784423882,1080.27745589204,1084.61956625151,1085.64687073558,1088.1461025265,1115.32147523923,1124.40065713203,1363.02048587844,1402.93345629243,1406.33322044695,1407.89138550008,1408.91982727726,1414.48260793414,1415.78295065356,1417.60517252826,1418.7897547052,1418.7897547052,1420.64049676817,1420.64049676817,1443.5277625177,1443.5277625177,1444.34161555515,1449.73360383035,1454.84576994231,1461.39432330872,1472.16064296312,1513.84081093104,1522.83766959527,1522.83766959527,34.0739793513806,88.5567334610673,22.9908182955182,21.1046011456977,38.8145029530087
2005-05-11,196.933190434813,196.933190434813,196.933190434813,200.789370177272,201.285045930705,206.242443317695,219.425032034895,221.033503570313,222.907070207185,262.669079011747,262.669079011747,280.687496883742,280.687496883742,290.840669045853,290.840669045853,298.773490639387,298.773490639387,298.773490639387,299.118954420929,323.815308085557,323.815308085557,341.709376371169,341.709376371169,343.37304846266,344.03144104298,347.286005257705,347.286005257705,350.672597837602,351.405474767161,362.66584076844,450.293928403294,450.293928403294,455.798905203747,459.69478772824,464.438700940179,467.446132740752,467.446132740752,1019.75829056116,1019.75829056116,1038.82026735113,1042.93118365677,1043.89346551104,1046.27071900707,1072.00251958934,1080.54090908915,1311.80395766841,1350.2412715841,1353.5297043659,1355.03242105813,1356.02370185368,1361.40477297472,1362.65368310485,1364.4038955725,1365.54387954219,1365.54387954219,1367.36057223202,1367.36057223202,1389.85881470433,1389.85881470433,1390.63825076677,1395.81618093931,1400.81529636454,1407.14116235486,1417.4436006266,1458.33866496023,1467.10225845363,1467.10225845363,32.9476217636568,83.6325887289338,22.2150117121022,20.7889147271564,38.1545966133218
2005-05-12,187.464773377741,187.464773377741,187.464773377741,191.2715553713,191.744594505258,196.928205261836,210.047917023633,211.746608025079,213.73608704434,252.601007043538,252.601007043538,270.330224444937,270.330224444937,280.462306030472,280.462306030472,288.539024968061,288.539024968061,288.539024968061,288.882489289311,312.788258926665,312.788258926665,330.609010323366,330.609010323366,332.252619301196,332.922658835926,336.154933003509,336.154933003509,339.491354873486,340.193327023502,351.035917412822,434.340008065201,434.340008065201,439.516824892225,443.214772270677,447.827232170325,450.778586601142,450.778586601142,984.100415600004,984.100415600004,1002.46491686899,1006.3538261417,1007.22325804245,1009.45342096893,1033.92942025327,1041.90013428789,1264.89147841635,1301.87968379625,1305.00504540375,1306.42807627855,1307.36312164655,1312.57049200822,1313.7389724332,1315.39349040147,1316.46526068729,1316.46526068729,1318.24822807775,1318.24822807775,1340.34184426794,1340.34184426794,1341.07262269592,1346.00412971322,1350.89883656012,1356.96327277369,1366.80010546661,1406.8423899474,1415.37069629401,1415.37069629401,32.0311322626792,79.4912580924614,21.5149967468978,20.4930950552357,37.4623252122684
2005-05-13,177.664515844933,177.664515844933,177.664515844933,181.425356649987,181.870404762919,187.242404195116,200.080733340081,201.782649909548,203.848452771668,241.829856005813,241.829856005813,259.42062639505,259.42062639505,269.592050260779,269.592050260779,277.885719969734,277.885719969734,277.885719969734,278.228998585653,301.534521542829,301.534521542829,319.586637830219,319.586637830219,321.26606108613,321.944121269958,325.233176352194,325.233176352194,328.539755720864,329.223441518186,339.787506105625,419.426847973829,419.426847973829,424.391291930502,427.929131291326,432.245554457555,435.010446992761,435.010446992761,949.164773405315,949.164773405315,967.044398330559,971.01210053704,972.046639965413,974.33265664374,999.615755283162,1007.80939309636,1225.90288696835,1263.80943009251,1267.55883095828,1269.62476594258,1270.83848509287,1276.58686490282,1277.91763048693,1279.72156505432,1281.29480381505,1281.29480381505,1283.33635555174,1283.33635555174,1307.65665952454,1307.65665952454,1308.52719477292,1313.62789261844,1319.76510397482,1326.97434263911,1338.27090449533,1378.62081244501,1388.76360204606,1388.76360204606,31.1419172022279,75.9654238289146,21.822553833617,22.7208257366201,37.2513702386311
2005-05-14,169.786328926492,169.786328926492,169.786328926492,173.512404505226,173.941403791859,179.009503752661,192.012498663804,193.79887582728,195.800443822761,234.248479332569,234.248479332569,251.655167008278,251.655167008278,261.697131538738,261.697131538738,269.473570445984,269.473570445984,269.473570445984,269.9449898779,293.541542916488,293.541542916488,310.722654857341,310.722654857341,312.230375891138,312.954891597719,315.875661934712,315.875661934712,319.054384524426,319.705832370142,330.215250933186,406.312825803066,406.312825803066,410.861555497778,414.1347477166,418.138643235168,420.743297101869,420.743297101869,914.834382788351,914.834382788351,932.592063250729,936.509869718885,937.422635827344,939.582448531818,964.777085604513,972.760478806918,1184.3073895279,1221.7003463254,1224.90475094359,1226.55279489131,1227.5846056909,1233.49962758993,1234.74692296823,1236.46953593721,1237.49837506661,1237.49837506661,1239.66739922326,1239.66739922326,1262.89505147615,1262.89505147615,1263.60919981411,1268.98177947622,1275.11002657678,1281.98716651963,1292.92955285871,1332.76199378767,1342.53989225556,1342.53989225556,31.8583933134143,72.7702774585788,21.9973127879453,21.5985602915562,37.3267246542245
2005-05-15,161.066708466,161.066708466,161.066708466,164.692243863211,165.098718828447,170.226773438462,182.689686761486,184.403296025694,186.435988096113,224.527756265135,224.527756265135,242.275356268148,242.275356268148,252.231748191453,252.231748191453,260.042142727787,260.042142727787,260.042142727787,260.440276866205,283.817235441904,283.817235441904,301.250173085822,301.250173085822,302.811762888001,303.461687777799,306.507292113522,306.507292113522,309.72107078852,310.370146360736,321.031860626206,394.349884139139,394.349884139139,398.656689295304,401.788457887794,405.782926541796,408.391187539143,408.391187539143,884.879437146627,884.879437146627,902.744919143002,907.259944293266,908.325852537109,910.485846421224,936.923007399449,945.09407749001,1153.5234056391,1191.52481440482,1194.37140047141,1195.74090474397,1196.6084053312,1202.6102754081,1203.52073906137,1204.8960497395,1205.79948537704,1205.79948537704,1207.95567820987,1207.95567820987,1230.74424987406,1230.74424987406,1231.384488481,1236.36712498989,1242.64762208236,1248.79664635767,1259.95958076086,1299.48515947065,1309.62885948045,1309.62885948045,31.2795842707951,70.1157544209595,22.5060867638787,21.6191088553386,37.1735712078969
2005-05-16,156.860846527776,156.860846527776,156.860846527776,160.398504259186,160.793167883768,165.080162786419,177.315486657538,178.908391308518,180.594020689414,218.776808254169,218.776808254169,235.957442487098,235.957442487098,245.437446585664,245.437446585664,252.561173926338,252.561173926338,252.561173926338,252.997985121409,276.169294869352,276.169294869352,292.73260364181,292.73260364181,294.19539603014,294.856287664442,297.663519786098,297.663519786098,300.591246057328,301.2059178888,311.607498730634,382.514716652945,382.514716652945,386.65523384252,389.618282130159,393.281829109745,395.715382063602,395.715382063602,851.911361304894,851.911361304894,868.818592166844,872.853736003878,873.811138140876,875.922942262611,900.434317820161,908.595396261472,1111.87497520901,1149.17296486627,1152.16981203732,1153.48702635574,1154.37945108858,1160.28602487016,1161.36190650671,1162.86650608662,1163.85261007233,1163.85261007233,1165.94253988639,1165.94253988639,1188.60350321308,1188.60350321308,1189.28371734403,1194.46932439212,1200.51288114688,1206.67072220032,1217.17680615007,1255.74400867674,1265.70170044647,1265.70170044647,31.9658604612866,67.8340204320709,22.1537563869996,21.2319836033475,36.2670623570106
2005-05-17,150.3343475696,150.3343475696,150.3343475696,153.73634395706,154.138705050972,158.478328366258,170.375399418264,171.902752911605,173.601041138874,211.520241358533,211.520241358533,228.796321927503,228.796321927503,238.179778565677,238.179778565677,245.091374742167,245.091374742167,245.091374742167,245.474574581584,268.18175617144,268.18175617144,284.320029717002,284.320029717002,285.75961577194,286.385476344322,289.099857965497,289.099857965497,291.911712216515,292.498975574726,302.582940186724,371.454776892905,371.454776892905,375.387255380717,378.183519554065,381.628962032233,383.952275632685,383.952275632685,821.840906255844,821.840906255844,837.927831367566,841.779413878555,842.658552285077,844.67213365074,868.023636261092,875.773393434646,1075.84075907879,1112.12079987126,1114.90031620989,1116.12406167812,1116.94515135747,1122.66438108388,1123.63968024426,1125.04348673123,1125.94597636993,1125.94597636993,1127.96894224263,1127.96894224263,1150.29053895424,1150.29053895424,1151.01642309477,1156.10866778713,1162.16579704922,1168.20240628819,1180.0775409846,1220.36520592367,1230.82883385591,1230.82883385591,31.52141949582,65.9939866390267,21.7140763698164,20.9832808165649,37.7631537971778
2005-05-18,147.696239689927,147.696239689927,147.696239689927,150.497233714582,150.854781962444,154.087869827429,165.402541027657,166.713912713367,168.155946170979,204.971461293299,204.971461293299,221.732402175011,221.732402175011,230.970061868725,230.970061868725,237.763767130775,237.763767130775,237.763767130775,238.119733086768,260.303915276176,260.303915276176,276.025894276353,276.025894276353,277.435239297505,278.029189730827,280.676913254643,280.676913254643,283.408039761495,283.975004832459,293.699561799862,361.110400479384,361.110400479384,364.831530146561,367.471488223967,370.729909801899,372.957052536512,372.957052536512,793.735483225792,793.735483225792,809.149944896011,812.842275760702,813.662554612891,815.597037046927,837.954822979733,845.339038865452,1042.82940795555,1078.13440011062,1080.77584996259,1081.93214206949,1082.69768596065,1088.21782574488,1089.12329068936,1090.44930047139,1091.2923100444,1091.2923100444,1093.24508922993,1093.24508922993,1115.19675026467,1115.19675026467,1115.78830086441,1120.55203504261,1126.31760682505,1132.06919433327,1142.74849563914,1182.6783100465,1192.7756071292,1192.7756071292,30.8606314794261,64.7063404348667,21.2464028659222,20.7380208749256,37.9049826342518
2005-05-19,146.027452473768,146.027452473768,146.027452473768,148.527472218219,148.858784616066,151.26585844556,162.04859771034,163.164246560197,164.327160373961,199.788654780048,199.788654780048,215.642520941733,215.642520941733,224.469978910433,224.469978910433,230.964686557541,230.964686557541,230.964686557541,231.294949199528,252.835014374892,252.835014374892,267.993726576468,267.993726576468,269.351297100209,269.915384817421,272.476390344834,272.476390344834,275.116616224166,275.661650943215,285.002088098402,351.504193666833,351.504193666833,355.010370943467,357.499829723743,360.575794110903,362.708287791797,362.708287791797,767.504977191191,767.504977191191,782.286684316793,785.824272308047,786.591428845862,788.452955120513,809.888860163336,816.928674738009,1011.96611337003,1046.31034901353,1048.84040748662,1049.94686286316,1050.67211969322,1055.99653693124,1056.85039711284,1058.11782657446,1058.91694436438,1058.91694436438,1060.80566135616,1060.80566135616,1082.42818751179,1082.42818751179,1082.98542243541,1087.5171173896,1093.04333853738,1098.60179536851,1108.85307630573,1148.63903957985,1158.5144027098,1158.5144027098,30.1082317140021,63.9811316449132,20.7567969996751,20.4676580944332,37.9347498222346
2005-05-20,144.424934377417,144.424934377417,144.424934377417,146.778635068138,147.0925812021,149.110928959182,159.4993863193,160.497153510691,161.483940495308,195.650517109407,195.650517109407,210.576998915945,210.576998915945,218.890835308574,218.890835308574,224.964720092265,224.964720092265,224.964720092265,225.267146752935,246.070134615501,246.070134615501,260.472180328264,260.472180328264,261.746365529273,262.272972128675,264.696046212895,264.696046212895,267.217202107526,267.735431260741,276.671086656042,342.631850545515,342.631850545515,345.923317362134,348.270434211634,351.165538381236,353.202382679858,353.202382679858,746.253366108107,746.253366108107,760.106047533634,763.383562526546,764.045724508264,765.782484999835,786.174229592054,792.724561800907,984.953430723992,1018.22182281965,1020.58027455213,1021.60730830928,1022.27141963951,1027.40287463851,1028.17043572764,1029.34851717611,1030.07546461396,1030.07546461396,1031.90436920715,1031.90436920715,1053.12005243938,1053.12005243938,1053.62703822829,1057.89366618651,1063.21917995755,1068.53808060434,1078.39255419217,1118.014291199,1127.65400910019,1127.65400910019,29.3173023819847,63.6220193756771,20.2586807333904,20.1707473994389,37.9372604061998
2005-05-21,143.111451352523,143.111451352523,143.111451352523,145.328961362997,145.624831144575,147.387913656642,157.463336475753,158.385713389088,159.260701930413,192.281015238749,192.281015238749,206.441747880817,206.441747880817,214.261672862288,214.261672862288,219.880294453594,219.880294453594,219.880294453594,220.164953730876,240.244172600356,240.244172600356,253.757805140197,253.757805140197,254.918578177452,255.440545141938,257.874848376276,257.874848376276,260.219015781413,260.700637542716,269.222982945488,335.796736066914,335.796736066914,338.98336729091,341.487435708444,344.349356274634,346.164476783402,346.164476783402,747.890639932744,747.890639932744,759.450421626499,761.886450389739,762.113603072887,763.400759647087,781.779703451014,786.860971080611,975.065765633806,1006.42518639287,1008.10850140198,1008.81225300231,1009.22571585682,1014.12014326547,1014.50464053356,1015.32907010077,1015.73688330346,1015.73688330346,1017.50253117533,1017.50253117533,1037.9026278814,1037.9026278814,1038.19897642409,1041.75007332116,1046.89470633932,1051.50817428147,1060.54347242333,1099.48725748173,1108.69186987176,1108.69186987176,28.5617818723806,64.4055780244972,19.7603978055531,19.8517108335935,37.9271656833731
2005-05-22,147.44201566858,147.44201566858,147.44201566858,149.610709504145,149.899145987607,150.341332118049,160.972887434207,161.890353703025,162.288585948445,195.54553316502,195.54553316502,208.687695274831,208.687695274831,215.956656245352,215.956656245352,220.35228776947,220.35228776947,220.35228776947,220.700845700173,240.773880317504,240.773880317504,252.96981894639,252.96981894639,253.519703519455,254.177807093895,255.853380163749,255.853380163749,258.129003764417,258.569072695705,267.806121681757,335.606289671052,335.606289671052,337.948700110611,340.31237741906,342.587559007866,344.078611165613,344.078611165613,763.916404857424,763.916404857424,776.988932769145,779.613585725287,779.684366227352,780.667501959386,800.276273727673,804.321825332605,993.675011681649,1024.7400467427,1025.43990837797,1025.74630721002,1025.77880373162,1030.53005133489,1030.18387637349,1030.3244523148,1030.13743790869,1030.13743790869,1031.83723554586,1031.83723554586,1050.9264616142,1050.9264616142,1050.79566499144,1052.99821360966,1057.96698957887,1061.2143812283,1068.79943498607,1106.31911655037,1114.79265536681,1114.79265536681,29.7408078418868,66.7541996476742,20.2831188251276,19.553693041191,37.8822692249849
2005-05-23,151.22109814894,151.22109814894,151.22109814894,153.120228639252,153.396515880985,153.230056625394,163.240467366749,163.937438099581,164.182635130226,197.555181910158,197.555181910158,210.672759965033,210.672759965033,217.459032302031,217.459032302031,221.036213270655,221.036213270655,221.036213270655,221.364984849607,240.927403877896,240.927403877896,251.869397996689,251.869397996689,252.31791176515,252.808588659895,253.849338787637,253.849338787637,255.573220962245,255.972976964926,264.999482002079,334.152522096706,334.152522096706,336.261279511202,338.28619474936,339.904071172297,341.15147548452,341.15147548452,769.401784233189,769.401784233189,781.367750931447,783.897611323455,784.02709426658,785.154978728066,803.67770130988,808.022293023035,995.224332274254,1025.58444459718,1026.67514814934,1027.07165637297,1027.24829450458,1031.92780323809,1031.91497440903,1032.33975075928,1032.37719617304,1032.37719617304,1034.05208724529,1034.05208724529,1053.16776099586,1053.16776099586,1053.18831860171,1055.69698099114,1060.54087478414,1064.0320247549,1071.62647425042,1109.24195169221,1117.57627538864,1117.57627538864,29.9346020852886,68.315290427224,19.8412788870999,19.1931344090304,37.7736867880408
2005-05-24,155.909218792262,155.909218792262,155.909218792262,157.506662388485,157.765330882658,156.998823379059,166.421047640711,166.909108405424,166.939843566543,199.601677832121,199.601677832121,212.465626572189,212.465626572189,218.985188350828,218.985188350828,222.18958876724,222.18958876724,222.18958876724,222.455996543771,241.311648540574,241.311648540574,251.369185436619,251.369185436619,251.704685287026,252.161158457542,252.861187027642,252.861187027642,254.331544022817,254.68716375887,263.39576795647,333.889445475824,333.889445475824,335.725479659673,337.588737090475,338.848767534821,339.877338467947,339.877338467947,777.558879463711,777.558879463711,788.665943895801,790.992676371422,791.052067291711,792.103134593954,809.893894691948,813.909572498268,999.045497517326,1028.47353458014,1029.46903720566,1029.82560313383,1029.97574914166,1034.51509161736,1034.47947905384,1034.87988835555,1034.90946423287,1034.90946423287,1036.55217763235,1036.55217763235,1055.32351535805,1055.32351535805,1055.34485298458,1057.78440949967,1062.50838194763,1065.94102595725,1073.32748937144,1110.82175594371,1118.97292723627,1118.97292723627,29.5216500067692,69.9808087482744,19.3195282962542,18.8456890896242,37.5780519585545
2005-05-25,160.803218838388,160.803218838388,160.803218838388,162.231247652195,162.476121678357,161.354426467943,170.353095139052,170.70794721171,170.57674758793,202.223572988635,202.223572988635,214.497772777807,214.497772777807,220.730216330106,220.730216330106,223.697959486211,223.697959486211,223.697959486211,223.93053097773,242.083926125614,242.083926125614,251.391725764373,251.391725764373,251.61457118297,252.038884958382,252.501837159941,252.501837159941,253.804586496536,254.128563823036,262.47145700122,334.320278538158,334.320278538158,335.942561225875,337.672225257118,338.709093108668,339.598054603112,339.598054603112,784.363226005651,784.363226005651,795.07342198282,797.325608280476,797.383866887452,798.420923795319,815.693805033839,819.551385042557,1002.31168901446,1030.96331522431,1031.9430600652,1032.29475347598,1032.44351690168,1036.84428187573,1036.81342960759,1037.20725913144,1037.24009823982,1037.24009823982,1038.85271650671,1038.85271650671,1057.28711620804,1057.28711620804,1057.30881347599,1059.67095794019,1064.28023027364,1067.62736512649,1074.77180218453,1111.99231041961,1119.94642063593,1119.94642063593,28.8859984798819,71.5467416694682,18.8123103319754,18.5018437080783,37.2816382408364
2005-05-26,165.543552083573,165.543552083573,165.543552083573,166.868105727714,167.099240111515,165.847715410197,174.538408210507,174.82220426627,174.614861332308,205.191705142062,205.191705142062,216.797252127839,216.797252127839,222.694757063601,222.694757063601,225.454354913745,225.454354913745,225.454354913745,225.660971637053,243.14976893684,243.14976893684,251.779682933769,251.779682933769,251.910647308361,252.298314073129,252.578651223346,252.578651223346,253.748540746508,254.046503590789,262.003561113233,334.851750579398,334.851750579398,336.352899629325,337.979682012388,338.905638682183,339.726345661442,339.726345661442,787.592129244741,787.592129244741,798.182641226378,800.451675161199,800.560019029991,801.632765118009,818.545653050628,822.430093253132,1002.74733753903,1030.79609518999,1031.85434259463,1032.24673406881,1032.43042642578,1036.70778419662,1036.73800498411,1037.17567431222,1037.2586494643,1037.2586494643,1038.84457766216,1038.84457766216,1057.01888745972,1057.01888745972,1057.07138323802,1059.44831131565,1063.95526248877,1067.3021892307,1074.28893304245,1111.21593111106,1119.01348575354,1119.01348575354,28.1215503679097,72.6181341737739,18.320648732611,18.16206948951,36.8804731850458
2005-05-27,170.498431240859,170.498431240859,170.498431240859,171.695431649477,171.90794014439,170.52228633633,178.945219051564,179.174727207571,178.918381584102,208.415678757943,208.415678757943,219.369179100071,219.369179100071,224.904270083865,224.904270083865,227.456294703723,227.456294703723,227.456294703723,227.641595201944,244.506984938392,244.506984938392,252.495113119657,252.495113119657,252.548450129844,252.898249765386,253.022751949212,253.022751949212,254.075430038876,254.350114491572,261.920616682366,334.969281085913,334.969281085913,336.439697365656,337.994251515969,338.910717767945,339.728490492009,339.728490492009,786.167858259419,786.167858259419,796.794174105939,799.130767157025,799.316485147294,800.44952245462,817.086022487347,821.104268362415,999.123157169229,1026.67408145385,1027.86722577725,1028.32808033864,1028.569189736,1032.73652524772,1032.86354589869,1033.37831306774,1033.5430735213,1033.5430735213,1035.10908333214,1035.10908333214,1053.07643206161,1053.07643206161,1053.18179383558,1055.64529778188,1060.05879546165,1063.47734209972,1070.38456366881,1107.00057287356,1114.68352444333,1114.68352444333,27.3104814801792,72.7677168783044,17.8319862485865,17.8238417054215,36.3791108886729
2005-05-28,176.375396625318,176.375396625318,176.375396625318,177.369293002343,177.55627549923,175.835704566636,183.966424677537,184.115850354153,183.767578460567,212.131718359082,212.131718359082,222.413101231004,222.413101231004,227.536779887816,227.536779887816,229.825365649267,229.825365649267,229.825365649267,229.992015462007,246.255254440221,246.255254440221,253.595330449068,253.595330449068,253.572266477162,253.884710347296,253.86025777528,253.86025777528,254.798494421005,255.049423960777,262.24536638467,334.418182284169,334.418182284169,335.911324952439,337.415721896223,338.39104522648,339.249823198417,339.249823198417,779.840708416778,779.840708416778,790.572249518563,792.999231547868,793.273238691007,794.47638244801,810.870020846506,815.070703123007,991.090909754746,1018.19730163313,1019.54599678629,1020.08519729029,1020.39222744421,1024.45754051352,1024.69454956266,1025.29931191109,1025.55816443532,1025.55816443532,1027.10385441047,1027.10385441047,1044.88823020391,1044.88823020391,1045.05570806108,1047.63699322533,1051.96534428076,1055.4918341318,1062.36144106691,1098.60648186076,1106.20228905016,1106.20228905016,26.5062068887344,71.7727983587707,17.3543292818223,17.4885215962924,35.7885419561364
2005-05-29,183.660586835826,183.660586835826,183.660586835826,184.396693420644,184.553403027068,182.285129879908,190.079835027326,190.110348506304,189.601786241631,216.752749637356,216.752749637356,226.293425507162,226.293425507162,230.920522534845,230.920522534845,232.839817562797,232.839817562797,232.839817562797,232.987438073665,248.635477451403,248.635477451403,255.23205732819,255.23205732819,255.115839673154,255.392367335375,255.198448795322,255.198448795322,256.01207689856,256.237714999456,263.075680723435,333.248164790752,333.248164790752,334.768799671243,336.228688130037,337.27909789981,338.191735090108,338.191735090108,769.086921146132,769.086921146132,779.923174080761,782.437291248685,782.795410516166,784.062941036342,800.210575323152,804.590378901079,979.145840888943,1005.80838457126,1007.29909317782,1007.9098444611,1008.27747404633,1012.24536247156,1012.58429550979,1013.27258813686,1013.61937615387,1013.61937615387,1015.14791769973,1015.14791769973,1032.74388177311,1032.74388177311,1032.97001818216,1035.6635248356,1039.91363528895,1043.54277024547,1050.38051086063,1086.19636434348,1093.71386483233,1093.71386483233,25.7396853103049,69.6609887273387,16.8894617565296,17.1567747415178,35.1211588474616
2005-05-30,193.083062809574,193.083062809574,193.083062809574,193.593957976617,193.722214080622,190.700540933955,198.265432747479,198.151528005326,197.39151756231,223.846483026116,223.846483026116,232.706231893701,232.706231893701,236.900904200464,236.900904200464,238.175430476976,238.175430476976,238.175430476976,238.36677551302,253.810879292478,253.810879292478,259.290647732882,259.290647732882,258.888413286593,259.220566035488,258.753744766869,258.753744766869,259.428158304372,259.615867132151,266.396487969531,334.716426826472,334.716426826472,336.07693659004,337.701616117145,338.980241367927,339.90547222405,339.90547222405,764.81264172071,764.81264172071,776.297154375101,778.67920977515,778.899800767295,780.017190265001,795.494535860111,799.393892822278,973.120275241911,998.753015956746,1000.01858503372,1000.52413775713,1000.81392340874,1004.65397520079,1004.87965866294,1005.46080746055,1005.71737491069,1005.71737491069,1007.22331968258,1007.22331968258,1024.35854142764,1024.35854142764,1024.52826578448,1027.00513098463,1031.17595053653,1034.57891504891,1041.08724498889,1076.05248294564,1083.37251461857,1083.37251461857,25.6339378670206,68.0523776713656,16.4409303466778,16.8299892292067,34.3944547440428
2005-05-31,202.566408087596,202.566408087596,202.566408087596,202.945016523719,203.055393581923,199.694262823093,206.950194422793,206.736963327867,205.832137853443,231.308784918381,231.308784918381,239.638997421007,239.638997421007,243.203051950942,243.203051950942,243.939000833635,243.939000833635,243.939000833635,244.076465506127,258.832021746867,258.832021746867,263.52512790564,263.52512790564,263.040127913945,263.250721705813,262.435117816432,262.435117816432,262.864201946984,263.026608580603,269.519101148405,334.640994049091,334.640994049091,335.955074156343,337.34578922706,338.281941645846,339.155288064952,339.155288064952,746.842200099111,746.842200099111,758.426320678997,761.213008472264,761.703626680248,763.063061032254,778.905298318028,783.451617540145,958.125208766239,983.665662628181,985.228659584467,985.875168786112,986.277900977351,990.048037574171,990.44892934221,991.174821365275,991.571607904218,991.571607904218,993.062529794145,993.062529794145,1010.09118149201,1010.09118149201,1010.34761644772,1013.01323120304,1017.11987953556,1020.68244500011,1027.21726614062,1061.65558141589,1068.92073985749,1068.92073985749,24.9846585727361,64.8508629741459,16.0115358624952,16.5088892245682,33.6260590949227
2005-06-01,212.361425708712,212.361425708712,212.361425708712,212.636012071439,212.730728287068,209.185993939003,216.194885446982,215.920279160469,214.928971086144,239.413098670212,239.413098670212,247.239023514676,247.239023514676,250.35459085273,250.35459085273,250.651552362369,250.651552362369,250.651552362369,250.75697822978,264.815920092955,264.815920092955,268.611998854271,268.611998854271,267.999999826155,268.175224658913,267.076260468703,267.076260468703,267.313862988977,267.44203471193,273.625796245116,335.04950144748,335.04950144748,336.228690811992,337.522572965806,338.290676964574,339.069080438005,339.069080438005,729.874006911391,729.874006911391,741.008807580443,743.728928885402,744.225303280565,745.577646572158,761.054027966917,765.636940846251,941.220078241179,966.29477096657,967.947510815002,968.641161349744,969.085633446501,972.771777828534,973.24707640518,974.034376765107,974.49846269991,974.49846269991,975.975834428663,975.975834428663,992.803317890135,992.803317890135,993.106705127536,995.862911305939,999.906954485017,1003.55144244115,1010.0627571802,1043.90184488705,1051.10528827887,1051.10528827887,24.2848033103498,61.2914809536434,15.5993407170736,16.194354756756,32.8322673921193
2005-06-02,222.119772219781,222.119772219781,222.119772219781,222.344452335566,222.427114746688,218.849688830153,225.666802386904,225.36544357204,224.343657457638,247.953291837094,247.953291837094,255.316502844233,255.316502844233,258.079803903832,258.079803903832,258.057541942014,258.057541942014,258.057541942014,258.143482317593,271.597681226375,271.597681226375,274.569198197754,274.569198197754,273.82494996221,273.968809681516,272.610405857034,272.610405857034,272.676691393578,272.773594219566,278.646776760181,336.221050066612,336.221050066612,337.213951617368,338.409181805619,339.010440497513,339.688788852264,339.688788852264,713.392106282868,713.392106282868,724.153183846006,726.79203073475,727.278400761423,728.602667037472,743.634017821506,748.115096167973,924.604231435244,949.086319097053,950.724094643095,951.412405436511,951.856599038295,955.451182421865,955.932194859402,956.718366449657,957.189620891901,957.189620891901,958.649007559199,958.649007559199,975.184537919232,975.184537919232,975.494185811496,978.223519141246,982.204998061972,985.807497894191,992.186651092983,1025.27757070202,1032.37332048016,1032.37332048016,23.6097159329607,57.6418254280817,15.2046981544308,15.8858561521144,32.0276268977148
2005-06-03,240.19821987168,240.19821987168,240.19821987168,239.513958267169,239.515811869467,233.769979128801,239.944513361104,239.249027967163,237.659252781635,259.877422624858,259.877422624858,266.397975322233,266.397975322233,268.477383633923,268.477383633923,267.603690816272,267.603690816272,267.603690816272,267.715582875117,280.86823764852,280.86823764852,282.323124102521,282.323124102521,281.343554857062,281.472716125422,279.911267687748,279.911267687748,279.704640990212,279.754665489134,285.279935487888,340.371653363698,340.371653363698,341.206891166903,342.615698461745,343.245467183379,343.704498908213,343.704498908213,708.263648769118,708.263648769118,718.303826173876,720.566077041646,720.832758597076,721.923824294423,735.885051975745,739.643787008763,917.827029932154,941.124114048008,942.371553114456,942.873158874423,943.174613713538,946.643518801076,946.907085259397,947.493092827957,947.784590966848,947.784590966848,949.220657523971,949.220657523971,965.176047810986,965.176047810986,965.369389472919,967.71605786234,971.633958630818,974.835235162671,980.752008094773,1012.70026259536,1019.54726182253,1019.54726182253,23.261943554487,55.5413194201704,14.8269429320083,15.5831812403125,31.2247791321162
2005-06-04,269.442049366706,269.442049366706,269.442049366706,267.493082271094,267.389413838672,257.984210861007,263.027327147847,261.619948003919,258.912047898054,278.72132201758,278.72132201758,283.39770552832,283.39770552832,283.846422672131,283.846422672131,281.30482789789,281.30482789789,281.30482789789,281.333814132741,293.518870267348,293.518870267348,292.805588305678,292.805588305678,291.463980352519,291.506405144847,289.180053037007,289.180053037007,288.665747498944,288.664996813107,293.837149944634,345.482075353436,345.482075353436,345.859317946819,346.906841315683,346.903711144143,347.228092622389,347.228092622389,694.380697886918,694.380697886918,704.608532573816,707.032112865311,707.444581725035,708.654770425599,722.63340513633,726.646896826264,909.856630988282,932.667421177065,933.905387337934,934.399032472463,934.695678519029,938.081619328326,938.333652666213,938.897660631183,939.170873656982,939.170873656982,940.590702555684,940.590702555684,956.209017156997,956.209017156997,956.384006075332,958.620814622845,962.48334302601,965.538017427842,971.218813757816,1002.25662824712,1008.93906674259,1008.93906674259,22.9811999609604,52.6083882694226,14.4622989253305,15.2832937161132,30.4338170106889
2005-06-05,306.60297162761,306.60297162761,306.60297162761,303.818864003532,303.640847818835,291.141378332804,295.118478676676,293.032614371222,289.164143027242,306.243973186184,306.243973186184,308.54541505612,308.54541505612,306.849697714458,306.849697714458,301.800013840345,301.800013840345,301.800013840345,301.74265339834,312.382788904008,312.382788904008,308.112324348391,308.112324348391,306.153675278814,306.105058654073,302.680764663694,302.680764663694,301.57331331394,301.481510447779,306.196555082826,354.262535531467,354.262535531467,353.997066381001,354.81722897499,354.124414032493,354.045433430348,354.045433430348,685.174431302838,685.174431302838,694.686238773391,696.910725716229,697.25573052559,698.384772853584,711.818659899067,715.617878939686,906.278965615835,928.295319202677,929.350903939206,929.757636514785,929.989315282,933.279733488919,933.434096239331,933.904145484842,934.095446597002,934.095446597002,935.498515633449,935.498515633449,950.699852445369,950.699852445369,950.820530022798,952.855174239137,956.662011498346,959.489907913686,964.87729719975,994.96398553318,1001.46618425254,1001.46618425254,22.6150234360734,49.8697824096785,14.1130895609432,14.9939294304591,29.6624504212727
2005-06-06,346.699834695392,346.699834695392,346.699834695392,343.685227022678,343.482362345548,329.617798571652,332.992856212155,330.540623841075,325.971448228676,340.941735377822,340.941735377822,341.244137634218,341.244137634218,337.587775497534,337.587775497534,329.954474395324,329.954474395324,329.954474395324,329.814470588386,338.712147236635,338.712147236635,330.05281689526,330.05281689526,327.265291010379,327.099408861887,322.185673625905,322.185673625905,320.258329605634,320.041636891902,324.20682808667,368.619254993316,368.619254993316,367.431460522707,367.971141541953,366.357469174465,365.703186122452,365.703186122452,681.97387587358,681.97387587358,690.59717197011,692.540814192095,692.763893784913,693.755841982866,706.464763679663,709.81839182412,909.232467129689,930.323407302301,931.094514547159,931.363393652054,931.489408354028,934.676431111481,934.666933771478,934.982853800773,935.034561422346,935.034561422346,936.417044340798,936.417044340798,951.112409366639,951.112409366639,951.13983436172,952.858594942987,956.610546956655,959.096324303508,964.085867224867,993.113140420838,999.389792881464,999.389792881464,22.1625701052431,47.4351455927138,13.7773867519908,14.7082142009061,28.9169123708822
2005-06-07,384.471678609064,384.471678609064,384.471678609064,381.776878404045,381.593754248178,368.309811560157,371.635662322826,369.223969436274,364.634068435417,378.723243145034,378.723243145034,378.09648106016,378.09648106016,373.362422539228,373.362422539228,364.028432639429,364.028432639429,364.028432639429,363.832808770781,371.325381537454,371.325381537454,358.79402113135,358.79402113135,355.188015232565,354.90645226803,348.425659462952,348.425659462952,345.615749664201,345.263805446288,348.855494784682,389.649570006526,389.649570006526,387.38109621972,387.598027807303,384.84130301072,383.485605752074,383.485605752074,685.417327267698,685.417327267698,693.073928527779,694.711018545887,694.793704478221,695.628933733914,707.566100247138,710.393115675832,917.552957103948,937.806922012149,938.329422333333,938.476406523042,938.508620443125,941.597142098032,941.439799317984,941.614550284986,941.537208427876,941.537208427876,942.899977547968,942.899977547968,957.106542965672,957.106542965672,957.04545988726,958.459982468183,962.158475192248,964.308787162675,968.908007075283,996.894059770174,1002.94394423233,1002.94394423233,21.6710907994251,45.2346770934994,13.4560328025213,14.4269281477915,28.2012336743576
2005-06-08,413.828064221054,413.828064221054,413.828064221054,411.993971296296,411.874476554417,401.128741089905,404.988203642134,403.032251071802,399.150249577832,413.810668875524,413.810668875524,413.664545953689,413.664545953689,409.156621532788,409.156621532788,399.730340186979,399.730340186979,399.730340186979,399.525935987155,406.417232216999,406.417232216999,392.041282262455,392.041282262455,387.937041705677,387.581019690353,380.000990113017,380.000990113017,376.535231984296,376.080004889844,379.201198785622,416.794476857535,416.794476857535,413.55430657473,413.474761946178,409.64240003506,407.599805333707,407.599805333707,695.763229946575,695.763229946575,702.441387573775,703.763999292674,703.699307123963,704.371090743009,715.52589213725,717.798775216107,929.482763213882,949.042604647322,949.389662821718,949.450265613477,949.416494561613,952.418714850068,952.157017287441,952.229651012426,952.059661863387,952.059661863387,953.404662508361,953.404662508361,967.183702261595,967.183702261595,967.057874199584,968.238407922516,971.886807053307,973.773725719924,978.050265346657,1005.09868502337,1010.953056565,1010.953056565,21.1721897049358,43.2280121393984,13.1468528632837,14.1499791655736,27.5181565045542
2005-06-09,429.945987658795,429.945987658795,429.945987658795,429.36555092787,429.341691479105,422.659352632585,427.51379669637,426.361483515212,423.793826008673,440.321308406462,440.321308406462,441.995911380291,441.995911380291,439.041541638408,439.041541638408,431.343557168086,431.343557168086,431.343557168086,431.184838488006,438.488426688944,438.488426688944,425.245960151665,425.245960151665,421.210267168578,420.852995907145,413.147503649208,413.147503649208,409.536247276212,409.052122017595,411.937324530511,447.15552696342,447.15552696342,443.404964212167,443.150021735951,438.673147173983,436.192338798748,436.192338798748,711.462370082031,711.462370082031,717.340137767374,718.40907648111,718.225648351306,718.762280633742,729.235414596024,731.036270944144,943.032647514864,962.04908558772,962.306205569033,962.322353734306,962.255635516737,965.183356378624,964.869988212024,964.888334967554,964.670888885312,964.670888885312,966.000402016049,966.000402016049,979.428385048658,979.428385048658,979.268254470378,980.306786282564,983.908180250226,985.625406844421,989.675704878523,1015.92595420269,1021.62759959195,1021.62759959195,20.6883838634004,41.3577057727868,12.8488067797147,13.8771891560443,26.8688826358829
2005-06-10,431.463085619543,431.463085619543,431.463085619543,432.233376526498,432.313496050729,430.29215834948,436.345450020639,436.147667229975,435.199513367579,454.341766734294,454.341766734294,458.689583804499,458.689583804499,458.228724982146,458.228724982146,453.697316670547,453.697316670547,453.697316670547,453.628315507295,462.22143571697,462.22143571697,453.018217664867,453.018217664867,449.670870893345,449.392898119552,442.727059907014,442.727059907014,439.605827972291,439.186943754576,442.138173270002,476.043491163519,476.043491163519,472.487243259809,472.245742517472,467.853507110127,465.365864811515,465.365864811515,728.958078108751,728.958078108751,734.431723394825,735.385746127284,735.153511152266,735.624320766332,745.653411430054,747.199969278828,955.62061478764,974.281213606,974.556071678167,974.580311939101,974.522062197756,977.389526265025,977.090457514089,977.11434412638,976.906026328336,976.906026328336,978.221618243127,978.221618243127,991.393164678168,991.393164678168,991.236928604726,992.248550748819,995.808099119503,997.473882327746,1001.41823243531,1027.03895331064,1032.64202475946,1032.64202475946,20.2286400445704,39.5762514376735,12.5612724943099,13.6082863294094,26.2530615277314
2005-06-11,420.380163454649,420.380163454649,420.380163454649,422.327085355155,422.497828674296,424.782538452037,431.960866532606,432.6700398829,433.298644552871,455.114432835797,455.114432835797,462.318713732254,462.318713732254,464.673551459362,464.673551459362,463.966131248376,463.966131248376,463.966131248376,464.00785179533,474.370772375461,474.370772375461,471.09449043899,471.09449043899,468.895346029569,468.756963303264,464.075758334685,464.075758334685,461.980517498768,461.707623957086,464.985292136729,498.552590361318,498.552590361318,495.898668944756,495.860628932952,492.334793625888,490.360785881675,490.360785881675,743.600583283003,743.600583283003,749.175647369173,750.196895954919,750.009632641453,750.508097241831,760.400816931764,762.001998066916,964.032273896613,982.558958592396,982.982807205797,983.079654667854,983.080756424412,985.904610704993,985.700978219933,985.803962377587,985.674416308933,985.674416308933,986.980845087767,986.980845087767,1000.01217151226,1000.01217151226,999.906823168971,1001.0326832926,1004.55501413381,1006.31860249909,1010.30033674143,1035.49128827579,1041.06390760103,1041.06390760103,19.7937372283529,37.8519739499077,12.2838619819732,13.3439664160275,25.6693124006138
2005-06-12,400.448719230657,400.448719230657,400.448719230657,403.256761503305,403.493374874922,409.140636248261,417.189273384705,418.623798597449,420.543349404523,444.569357432948,444.569357432948,454.260414052998,454.260414052998,459.189559666514,459.189559666514,462.171903367228,462.171903367228,462.171903367228,462.321653308582,474.487357355472,474.487357355472,477.645356514195,477.645356514195,476.780818974675,476.807126705619,474.574927854331,474.574927854331,473.787533786239,473.704324982509,477.457879707311,511.334343918211,511.334343918211,510.05536368012,510.351252991203,508.293702458433,507.196339996239,507.196339996239,751.388748298791,751.388748298791,757.501115858688,758.752514536152,758.693534382218,759.303411071824,769.352718065084,771.29703363119,965.280904370645,983.883752701047,984.580577055668,984.811128832393,984.919901337905,987.715708042063,987.685175707009,987.938028132575,987.954583135468,987.954583135468,989.254730366867,989.254730366867,1002.25696322468,1002.25696322468,1002.24856034662,1003.62807500242,1007.12011198947,1009.12575044873,1013.2895242281,1038.25139463238,1043.86172818217,1043.86172818217,19.3829979756038,36.1907946094869,12.0156861953406,13.0816910054051,25.1155737419967
2005-06-13,379.9764188532,379.9764188532,379.9764188532,383.380075169741,383.657935884767,390.844248667244,400.22442541124,402.258866179402,404.909749056875,431.542924771687,431.542924771687,442.615373827338,442.615373827338,449.493513701371,449.493513701371,454.977398214617,454.977398214617,454.977398214617,455.269945610922,469.233902568096,469.233902568096,477.304759863645,477.304759863645,477.319712802644,477.579817234343,477.432638720719,477.432638720719,477.787049939539,477.859384160692,482.231413722329,517.428737810995,517.428737810995,517.52294413759,518.467808802417,518.506187947648,518.578317582931,518.578317582931,766.782418961733,766.782418961733,774.882635063301,776.735799110342,776.530897083551,776.978270601259,787.409548789505,788.903201412227,974.008661285164,991.925197506319,992.423593827181,992.620187334589,992.672391086805,995.454975321427,995.349010063535,995.545525789149,995.551705146415,995.551705146415,996.888413681506,996.888413681506,1010.21102430196,1010.21102430196,1010.19726401224,1011.51555681363,1015.21665863709,1017.62176706808,1022.32537055515,1047.04195704619,1052.65226888073,1052.65226888073,20.4005715404324,35.8118899435464,11.8204125339932,13.4389468634608,25.0610995900176
2005-06-14,362.093359813005,362.093359813005,362.093359813005,365.606901378475,365.880412357405,373.181079669757,382.86842084421,385.034558226506,387.899192316184,417.476905881031,417.476905881031,429.287761401217,429.287761401217,436.985791165678,436.985791165678,443.582673943873,443.582673943873,443.582673943873,443.995033933796,459.43971585193,459.43971585193,470.486100383194,470.486100383194,471.254614806516,471.54450792891,472.848891141597,472.848891141597,474.071866417952,474.280541879433,479.174234366692,515.156221766812,515.156221766812,516.357270503576,517.489989489322,518.571319778436,519.475989302384,519.475989302384,761.05289014786,761.05289014786,770.621369076583,772.679413310988,772.913685625432,773.774128645493,785.687931376041,788.473440264547,967.090565838323,985.709365693681,986.691175260168,987.063834949078,987.286652946835,990.085860837029,990.239514738247,990.654577112212,990.847316864538,990.847316864538,992.178723528009,992.178723528009,1005.4417484645,1005.4417484645,1005.54437058559,1007.3332658358,1011.02116285147,1013.47033063181,1018.30848980602,1043.19171407708,1049.02885695577,1049.02885695577,22.4623925787144,35.1780412770447,11.6299371636801,13.0871112860517,24.6611668645543
2005-06-15,344.303318716116,344.303318716116,344.303318716116,347.366935064874,347.611819866788,354.582924623068,363.469548031315,365.387029280714,368.234314244958,398.046722295702,398.046722295702,410.948937448342,410.948937448342,419.218904033037,419.218904033037,426.93627976869,426.93627976869,426.93627976869,427.280568485133,443.098019163749,443.098019163749,457.022686034535,457.022686034535,458.55297493058,458.87952353352,461.490979720633,461.490979720633,463.394992782868,463.715859395498,468.878780500111,505.047690710228,505.047690710228,507.230245190638,508.475997296516,510.291173454956,511.739402915596,511.739402915596,743.355791058531,743.355791058531,753.102124745756,755.561574587606,756.03327890824,757.142377699148,769.214597058186,772.93543264429,946.261704874877,965.490728432761,967.044390847689,967.696675602732,968.142554637349,970.959241231897,971.470591043271,972.198667751931,972.67537436074,972.67537436074,974.003966891692,974.003966891692,987.51590372458,987.51590372458,987.819400754084,990.164550017295,993.82235612242,996.791793049612,1002.04942868996,1027.24319031314,1033.34154227499,1033.34154227499,22.1090640149493,34.0666128778397,11.4228636581155,12.8544436510822,24.2832282546245
2005-06-16,331.161361342411,331.161361342411,331.161361342411,333.674834959057,333.879397471025,339.641690677626,347.852318313982,349.468221536229,351.931569179282,380.419165217682,380.419165217682,393.063394943226,393.063394943226,401.264971366774,401.264971366774,409.286337950193,409.286337950193,409.286337950193,409.606823264012,425.22458852681,425.22458852681,440.505124004289,440.505124004289,442.451871018661,442.826811421535,446.313114110464,446.313114110464,448.700183059908,449.091516504676,454.387723506135,490.329040476281,490.329040476281,493.206900861609,494.60155287496,497.192399572871,499.135531026569,499.135531026569,723.057698067062,723.057698067062,732.753130715857,735.278744921068,735.820695798262,736.994832292813,749.040067614084,753.038880839093,921.907840723218,941.112576218276,942.852270856714,943.601206417649,944.127429862764,946.916637596633,947.567481060126,948.421280256559,949.025682820896,949.025682820896,950.343795536165,950.343795536165,963.870048011997,963.870048011997,964.265574410127,966.858180238865,970.475074344761,973.694405548139,979.166030047276,1004.44369496869,1010.70630016987,1010.70630016987,21.3642522034855,32.9388124303798,11.204761099376,12.6524836155426,23.9676203049729
2005-06-17,321.895669806694,321.895669806694,321.895669806694,323.928955308227,324.096817449536,328.533148269002,336.128181844479,337.44655135221,339.446172261046,366.175208013799,366.175208013799,377.901744154761,377.901744154761,385.476465443072,385.476465443072,393.03554664335,393.03554664335,393.03554664335,393.331316043103,408.338375516437,408.338375516437,423.573164344692,423.573164344692,425.630625051104,426.015567909717,429.835657157995,429.835657157995,432.420598474088,432.84044990366,438.127896279887,473.415180086878,473.415180086878,476.659099183202,478.122867886968,481.198140314353,483.463593813702,483.463593813702,700.220523812331,700.220523812331,709.918316348957,712.498154577556,713.095677972882,714.316761756263,726.290078594031,730.453354906479,895.912854165802,914.939912961736,916.759561634645,917.549866205607,918.111389911813,920.859808507382,921.5727544412,922.479465085408,923.140191821926,923.140191821926,924.444968306584,924.444968306584,937.85765424025,937.85765424025,938.294116823496,940.978687237824,944.554497032995,947.862347335739,953.398212057855,978.625095375079,984.980534798184,984.980534798184,20.5506052765891,31.835268774028,10.9772295009055,12.4418782621505,23.7295168669502
2005-06-18,316.673284761788,316.673284761788,316.673284761788,318.223874370146,318.353471570427,321.371338601806,328.379287698007,329.391674360613,330.892688353004,355.766965648959,355.766965648959,366.302961599305,366.302961599305,372.968132205721,372.968132205721,379.590260972728,379.590260972728,379.590260972728,379.85411404705,394.012471296817,394.012471296817,408.149529732427,408.149529732427,410.079903389344,410.444251337655,414.134216277234,414.134216277234,416.660777904646,417.071220689159,422.228401559841,456.489408895102,456.489408895102,459.783447920039,461.236488705766,464.456510736811,466.833593217205,466.833593217205,676.463954186921,676.463954186921,686.054428054755,688.64082154674,689.266204434619,690.506743202906,702.329738610081,706.560669629566,869.335580480461,888.107797569392,889.959256073653,890.766530983116,891.343649926833,894.046148591882,894.788025500335,895.716683478077,896.403205315042,896.403205315042,897.693801317579,897.693801317579,910.923333364178,910.923333364178,911.378649868487,914.088192640014,917.624574559509,920.952941917037,926.487489372189,951.637217757839,958.045409549105,958.045409549105,19.7781749445474,30.7786149580806,10.74856670891,12.2131319443123,23.5679040328813
2005-06-19,315.639781861687,315.639781861687,315.639781861687,316.698620441872,316.788361651858,318.299344962012,324.72913232366,325.421285580978,326.392582620723,349.414656552543,349.414656552543,358.634431687203,358.634431687203,364.249223672529,364.249223672529,369.667466117796,369.667466117796,369.667466117796,369.893942466051,383.085018400053,383.085018400053,395.445382547178,395.445382547178,397.084588202601,397.407246413599,400.629659373582,400.629659373582,402.90713833893,403.279716882209,408.220318760907,441.174597336351,441.174597336351,444.264143793905,445.641570216514,448.716975928558,451.03292224938,451.03292224938,653.508097220341,653.508097220341,662.840995518715,665.373605126749,665.992241756149,667.217886524585,678.794699802342,682.977844380866,843.437417082799,861.866056558706,863.696458854591,864.494780554241,865.066908743343,867.719218818238,868.456977237058,869.377700863076,870.061413807462,870.061413807462,871.337259223953,871.337259223953,884.321021698172,884.321021698172,884.775655591448,887.453014526839,890.953099868409,894.24553197956,900.106290653135,925.445138898981,931.854927352175,931.854927352175,19.0807329166154,29.7669258129157,10.5167409838648,11.9681450045786,23.7865274082372
2005-06-20,318.665671962938,318.665671962938,318.665671962938,319.249623569823,319.300466103884,319.297246495313,325.162047651691,325.531283162712,325.962163485758,347.181883087353,347.181883087353,355.037304223761,355.037304223761,359.534666969556,359.534666969556,363.607581265866,363.607581265866,363.607581265866,363.793421488532,375.964855262171,375.964855262171,386.145511314123,386.145511314123,387.389845863574,387.657563348556,390.189700143067,390.189700143067,392.090600131306,392.406120330586,397.075779759006,428.524106241727,428.524106241727,431.22811184732,432.483788059515,435.199592766274,437.289754714612,437.289754714612,632.592109154709,632.592109154709,641.546157458316,643.97636853266,644.559943015223,645.742364922933,656.992900939017,661.028925878425,819.382673703502,837.442331707719,839.197129337858,839.959729360299,840.505611556511,843.103507838269,843.803086700858,844.685121588926,845.336661262541,845.336661262541,846.59686803625,846.59686803625,859.277586268421,859.277586268421,859.711568500695,862.299823891885,865.76195999801,868.962461084563,874.729494663375,899.99832314721,906.391458340567,906.391458340567,18.4655305243489,28.7815071811108,10.3707306477787,11.7133934490392,23.7438626277487
2005-06-21,325.334462959674,325.334462959674,325.334462959674,325.494846500124,325.510620347847,324.099220429999,329.436492385118,329.50116984228,329.41533423511,348.950513093735,348.950513093735,355.469245133174,355.469245133174,358.841418195391,358.841418195391,361.51539522678,361.51539522678,361.51539522678,361.659462681525,372.801443632247,372.801443632247,380.592538536645,380.592538536645,381.382459121063,381.593048815424,383.299112067092,383.299112067092,384.743360152724,384.989878777689,389.35680807909,419.161796383142,419.161796383142,421.361606860144,422.46546233303,424.676533515969,426.454555258967,426.454555258967,614.653888973325,614.653888973325,623.132220743697,625.421819456955,625.94739408281,627.063657368378,637.920654403811,641.732844854881,798.209598365876,815.839396266116,817.471302723521,818.174869189445,818.675944248121,821.217644166001,821.849074243293,822.665262099805,823.258594806249,823.258594806249,824.50415788282,824.50415788282,836.922986503481,836.922986503481,837.317018963783,839.759298657739,843.202526211771,846.249745187885,851.821908974324,876.909193909068,883.229160827956,883.229160827956,17.9231227221006,27.8031488189927,10.2194143916752,11.545666997579,23.6885056003213
2005-06-22,335.442217137159,335.442217137159,335.442217137159,335.214478071184,335.198038683993,332.484651393608,337.331039842727,337.112348296393,336.543398918721,354.523786779272,354.523786779272,359.778912996684,359.778912996684,362.063669397426,362.063669397426,363.350159318515,363.350159318515,363.350159318515,363.45333048162,373.589529895588,373.589529895588,378.917040898663,378.917040898663,379.224154087807,379.363508553699,380.175037656294,380.175037656294,381.12090769819,381.292097729436,385.345559805807,413.418005496982,413.418005496982,415.042619866399,415.976739655666,417.591858958797,418.996842486083,418.996842486083,600.21359227728,600.21359227728,608.157212394439,610.282229647783,610.734885294395,611.770001837468,622.200180676071,625.734527551557,781.390923817593,798.508016451975,799.949018942216,800.588988903248,801.018478224055,803.500437915214,804.021217968751,804.73338346574,805.237560252911,805.237560252911,806.466279614272,806.466279614272,818.43520054101,818.43520054101,818.768487720421,821.004379541427,824.423588642558,827.252872923245,832.556894214694,857.380488070089,863.579291633716,863.579291633716,17.4394558789156,26.8198268783079,10.0582703463535,11.2394197394804,23.6286383573996
2005-06-23,348.408922382989,348.408922382989,348.408922382989,347.86360201025,347.820683943039,344.005905770108,348.420223299171,347.95662412412,346.965634107159,363.559641663634,363.559641663634,367.672220449854,367.672220449854,368.952798352258,368.952798352258,368.928493089593,368.928493089593,368.928493089593,368.993736988519,378.171728748824,378.171728748824,381.083191298973,381.083191298973,380.905487244879,380.978728934544,380.873756526897,380.873756526897,381.30635637661,381.399920199366,385.137844123179,411.431758439579,411.431758439579,412.445446040049,413.200690682013,414.169541348507,415.166269737233,415.166269737233,589.5636083359,589.5636083359,596.940270530482,598.885921164487,599.256076634514,600.200448891752,610.18209936618,613.405720332882,768.504359132518,785.124122677177,786.381303381083,786.903648929921,787.264661232042,789.688847108703,790.102285618845,790.712513394915,791.118138658836,791.118138658836,792.330917154954,792.330917154954,803.880003265327,803.880003265327,804.149567905851,806.169345646381,809.55584101663,812.154834997603,817.178305195056,841.710307962311,847.763289373012,847.763289373012,17.0029110222766,25.8304681552894,9.88686061419511,10.9696914323223,23.5647591300511
2005-06-24,366.136136916273,366.136136916273,366.136136916273,365.191261160116,365.129334949058,359.896436395421,364.289463937409,363.726360098565,362.353730487152,377.96413842626,377.96413842626,380.62578391369,380.62578391369,380.701607952278,380.701607952278,379.132831037442,379.132831037442,379.132831037442,379.157254444197,387.318954233986,387.318954233986,387.561533093852,387.561533093852,386.848967438009,386.854708932782,385.750855782308,385.750855782308,385.627598751219,385.637459599432,389.046724944662,413.510060872491,413.510060872491,413.864238516802,414.429329703685,414.707579380891,415.258972519067,415.258972519067,584.30017239542,584.30017239542,590.942590686787,592.646231863709,592.900522727613,593.721551358577,603.164396047133,605.97819752023,761.029523338963,777.032348655795,778.04364626188,778.446070181575,778.713936690049,781.073660376543,781.341749689325,781.816542297446,782.097400223034,782.097400223034,783.293647759661,783.293647759661,794.397476277254,794.397476277254,794.583061371504,796.328394380061,799.674578957387,801.985226576996,806.676313614311,830.842986078408,836.715234822413,836.715234822413,17.0054776460209,24.8479527923821,9.70405592657962,10.7233487756492,23.4907942354967
2005-06-25,388.459646780077,388.459646780077,388.459646780077,387.063450348133,386.945133716182,380.21119900472,383.726825820636,382.701452474464,380.74513469246,395.021837370591,395.021837370591,396.770852678948,396.770852678948,395.928447857748,395.928447857748,393.087692809198,393.087692809198,393.087692809198,393.073372343932,400.306291302694,400.306291302694,398.084714621299,398.084714621299,396.87012454403,396.802952105676,394.732973952794,394.732973952794,394.065486004907,393.993082010884,397.081523106278,419.705820074898,419.705820074898,419.389687466356,419.762381839654,419.307011481573,419.399615834603,419.399615834603,582.247561278397,582.247561278397,588.404216401457,589.938926144106,590.111362809692,590.841532905777,599.851822703612,602.339835577057,758.140237898069,773.559306586162,774.349232986407,774.643285349719,774.826633167227,777.124236395301,777.25884473683,777.607940479112,777.772344433796,777.772344433796,778.952976669411,778.952976669411,789.636898379577,789.636898379577,789.742850513871,791.226410817541,794.531572038369,796.562138563505,800.928928361264,824.712269762595,830.397481673675,830.397481673675,16.6127400316714,23.8799230687216,9.51238521816796,10.4911177774218,23.3992248668346
2005-06-26,414.441000324236,414.441000324236,414.441000324236,412.69476380902,412.548575173162,404.589551647651,407.574628042978,406.235724069686,403.755981397529,416.531087646773,416.531087646773,417.130190070721,417.130190070721,415.284874394564,415.284874394564,411.13838116294,411.13838116294,411.13838116294,411.085668253795,417.397214006315,417.397214006315,412.75142446729,412.75142446729,411.040806608483,410.906593702918,407.882440075305,407.882440075305,406.677244631717,406.523614780732,409.29856033019,430.134672498892,430.134672498892,429.140986075166,429.32029276444,428.127462549881,427.7491069611,427.7491069611,584.437193324018,584.437193324018,590.025810914009,591.36389334991,591.441490785216,592.068076752203,600.622327275072,602.762554232468,759.870576762526,774.691655044174,775.260829135729,775.447095105312,775.546426448683,777.782014655134,777.784303998291,778.009048882992,778.058342997585,778.058342997585,779.223911823732,779.223911823732,789.502338900975,789.502338900975,789.529784039926,790.756070801054,794.016988951349,795.770597667583,799.817614870852,823.199893769809,828.698101152639,828.698101152639,16.2080492354859,22.9615478948366,9.3141880750513,10.2707967927505,23.2851310358923
2005-06-27,440.48823758964,440.48823758964,440.48823758964,438.730130839908,438.583257524628,430.363246507122,433.125564084967,431.682799831753,428.997096929431,440.809881514068,440.809881514068,440.62035869807,440.62035869807,438.012404095713,438.012404095713,432.793855847009,432.793855847009,432.793855847009,432.70977320671,438.210747649462,438.210747649462,431.386808609897,431.386808609897,429.217253949026,429.020953257499,425.100990802115,425.100990802115,423.387665983713,423.157106665608,425.635027527305,444.776589409175,444.776589409175,443.123366990256,443.113501088115,441.19589756873,440.352602906568,440.352602906568,591.111053998446,591.111053998446,596.097343204522,597.227376004427,597.203342381641,597.720638516038,605.804927168889,607.574296656967,766.123416455029,780.346300906052,780.698875045966,780.779342490722,780.796150575539,782.970123832084,782.842372499915,782.94488570253,782.880968932367,782.880968932367,784.031984494548,784.031984494548,793.913255710584,793.913255710584,793.86354698282,794.837314564408,798.055092084183,799.536049381918,803.272350254331,826.231823193999,831.544445843814,831.544445843814,15.8237043091755,22.1069392641906,9.11025997212737,10.0556312238432,23.1453137765003
2005-06-28,462.942122295728,462.942122295728,462.942122295728,461.510168671908,461.389579410143,454.043604301659,456.919090007609,455.614145514763,453.124000609859,464.781068176097,464.781068176097,464.516292438901,464.516292438901,461.736173736245,461.736173736245,456.124642385281,456.124642385281,456.124642385281,456.028713286011,461.054960226225,461.054960226225,452.890738610337,452.890738610337,450.402141870553,450.170430647333,445.578709586626,445.578709586626,443.472164847167,443.181276712232,445.416564745238,463.076593281398,463.076593281398,460.860960745749,460.687258295126,458.136177291651,456.881369399494,456.881369399494,602.561817995441,602.561817995441,606.975295709432,607.914756263262,607.78161613623,608.182359127695,615.78378819988,617.157967306287,776.758464648438,790.38915896564,790.532991703308,790.511769762727,790.448976821109,792.562241665505,792.308996895057,792.293409483181,792.120069344618,792.120069344618,793.256972007353,793.256972007353,802.75579450966,802.75579450966,802.631343814644,803.360607394878,806.532016471594,807.748266219093,811.179477094457,833.701764090945,838.836478985911,838.836478985911,15.4729063210034,21.3189078400719,8.90805282845854,9.84944130499481,22.9832943133184
2005-06-29,481.676133073813,481.676133073813,481.676133073813,480.768376767132,480.691549030577,474.689325979967,478.159309473117,477.240654879527,475.217505239358,488.23285918366,488.23285918366,488.111005229313,488.111005229313,485.473191485893,485.473191485893,479.889391762164,479.889391762164,479.889391762164,479.815033521248,484.79902825532,484.79902825532,476.085522181683,476.085522181683,473.430974832355,473.176608174509,468.246142140904,468.246142140904,465.961511061296,465.637218582426,467.793071708465,484.381438958083,484.381438958083,481.764554675958,481.511207805207,478.794013041478,477.402474749764,477.402474749764,620.719718972499,620.719718972499,625.320667602664,626.655703273981,626.40085295965,626.649959971799,633.993657394675,634.846628855217,795.101834385562,808.014528928211,808.009037496536,808.098228131974,808.043033926765,810.232308841298,809.909676421041,809.840517135499,809.615892515384,809.615892515384,810.842516931991,810.842516931991,819.965552062452,819.965552062452,819.702859929669,820.009681463665,823.13576004521,823.910782862993,826.869478778102,848.741768923975,853.626905565535,853.626905565535,16.0640023684567,20.6920387313169,8.74932144804614,9.75081448406262,22.7984784253897
2005-06-30,497.148948009243,497.148948009243,497.148948009243,496.504483380255,496.440984328399,491.557762456888,495.141064048212,494.35989541974,492.725860713561,506.734021572804,506.734021572804,507.703959155702,507.703959155702,505.944713282302,505.944713282302,501.243406269804,501.243406269804,501.243406269804,501.206475487454,506.588012022616,506.588012022616,498.679405150757,498.679405150757,496.114997797162,495.88465286953,491.0066692438,491.0066692438,488.672506655906,488.344757861581,490.445977578077,506.448796653435,506.448796653435,503.745352694881,503.446954445938,500.313953201532,498.63035351517,498.63035351517,636.358182101176,636.358182101176,640.504153353509,641.343641822435,641.133553365457,641.434310868821,648.701984485009,649.685957891229,810.348139726709,823.178241492659,823.079618624029,822.944101297854,822.792115139102,824.955097809176,824.559603145383,824.409542722294,824.11004325873,824.11004325873,825.323585791938,825.323585791938,834.261346544852,834.261346544852,834.045738753603,834.460214507235,837.552289550288,838.40070404027,841.356547091807,863.071309866301,867.900362061107,867.900362061107,16.0135601905994,20.1986242460256,8.59216659114583,9.49804545920581,22.5910212675471
2005-07-01,509.428066972921,509.428066972921,509.428066972921,509.018087193885,508.976012008297,505.104030057895,508.860241738561,508.274120679279,507.011517279605,521.511584148456,521.511584148456,523.329793498883,523.329793498883,522.379930243877,522.379930243877,518.840027307138,518.840027307138,518.840027307138,518.816568351201,524.689242076579,524.689242076579,518.52179010464,518.52179010464,516.282441918765,516.066472273663,511.681140435453,511.681140435453,509.602028643277,509.30958984022,511.468020481691,527.19639806911,527.19639806911,524.632229077081,524.334720979937,521.257203258412,519.617917588965,519.617917588965,653.035001342722,653.035001342722,656.866796214414,657.614621621566,657.371735949887,657.636346674629,664.687122981192,665.57510626536,826.236415527129,838.7958957711,838.670809615578,838.518174696772,838.353088884325,840.478797257222,840.062271554202,839.887716339825,839.566729837453,839.566729837453,840.762354289942,840.762354289942,849.45770014137,849.45770014137,849.229573265046,849.601837788746,852.657092445917,853.45375748891,856.315459567234,877.780959803969,882.536059758006,882.536059758006,15.7831826752139,19.6542630449463,8.42508534497074,9.28690187144353,22.3590930022852
2005-07-02,515.341459697736,515.341459697736,515.341459697736,515.421890626183,515.421847427187,513.246578500742,517.346607270228,517.08776373333,516.381638081821,531.599858775805,531.599858775805,534.389738105946,534.389738105946,534.366751359854,534.366751359854,532.107213830747,532.107213830747,532.107213830747,532.115466820875,538.556056945583,538.556056945583,534.535994607219,534.535994607219,532.739946364287,532.578443129154,528.972319633343,528.972319633343,527.300580880824,527.066885683078,529.358996581248,545.158308662509,545.158308662509,542.986206902106,542.776304343248,540.078183090122,538.660026528184,538.660026528184,668.948497232789,668.948497232789,672.720393754208,673.461757160498,673.228004171239,673.495299946075,680.449386085233,681.331816253884,841.660945800589,854.012640068346,853.900352056404,853.754133955567,853.594917744896,855.677807921208,855.27232660442,855.10319952327,854.789763671885,854.789763671885,855.968411828072,855.968411828072,864.477299823741,864.477299823741,864.253239170391,864.626226899355,867.645543773836,868.424989328259,871.223686045823,892.441865378128,897.135647734125,897.135647734125,15.4730305078994,19.1352955387059,8.25062771294096,9.08942741898367,22.1029077886247
2005-07-03,513.365974403866,513.365974403866,513.365974403866,514.098413837232,514.151390823193,514.184477392047,518.789039785082,518.971524268708,519.011077775251,535.257811103174,535.257811103174,539.332591980472,539.332591980472,540.510844727186,540.510844727186,539.894344133474,539.894344133474,539.894344133474,539.947636447371,547.095082065673,547.095082065673,545.724263374748,545.724263374748,544.466925459985,544.372711417254,541.750458197033,541.750458197033,540.602682070616,540.445350420285,542.92582810467,559.030338180982,559.030338180982,557.429127987348,557.357380278445,555.25952851205,554.206432775185,554.206432775185,682.21897343001,682.21897343001,686.153772104624,686.970339979122,686.786679182362,687.097327516084,694.08890396016,695.098295596634,854.599954316658,866.879588341432,866.86320558777,866.764018207959,866.642626472157,868.687771242696,868.343751947597,868.225565256516,867.962647838207,867.962647838207,869.126339537091,869.126339537091,877.523351334908,877.523351334908,877.3321840465,877.790350535798,880.779176916131,881.626828043718,884.443365020981,905.484183058687,910.15433481681,910.15433481681,15.1101750818853,18.6332950041441,8.07647100224217,8.89774944951721,21.8227254685848
2005-07-04,515.832954057361,515.832954057361,515.832954057361,516.763281043154,516.808280498337,517.02308172264,521.835512742844,522.078537526033,522.186955933306,540.137878165426,540.137878165426,544.491357115876,544.491357115876,546.285483370228,546.285483370228,546.30642440325,546.30642440325,546.30642440325,546.497018279682,554.656990696827,554.656990696827,554.666435165801,554.666435165801,553.701517443211,553.702742931956,551.925597187857,551.925597187857,551.218503443781,551.117490672722,553.854420692332,570.926158023308,570.926158023308,569.901436452696,570.191497936598,568.751640143278,567.890669201872,567.890669201872,697.488028772634,697.488028772634,701.453241470791,702.212441846435,701.993938136151,702.267136700394,709.11954888072,710.023047261167,868.17184561715,880.215371048849,880.201663547215,880.15483634084,880.047734788712,882.064846049965,881.730587429011,881.625470414619,881.358434300072,881.358434300072,882.522172501239,882.522172501239,890.741686208699,890.741686208699,890.598323253781,891.106251956321,894.15913786404,895.017041834992,898.42470904573,919.432608621398,924.109012174632,924.109012174632,16.4004461907012,18.9267438973332,7.95706062902367,8.71040422563264,21.7615066003369
2005-07-05,518.492362754636,518.492362754636,518.492362754636,518.960570075228,518.996162403681,518.759591407361,523.361701348615,523.565598403511,523.720067630647,541.842415773531,541.842415773531,546.753763826861,546.753763826861,548.817051263583,548.817051263583,549.497604966476,549.497604966476,549.497604966476,549.629434528459,557.961417261841,557.961417261841,559.704188366336,559.704188366336,559.14479053615,559.139221580219,557.946304251467,557.946304251467,557.59819464768,557.560719877271,560.450651523922,577.940759402806,577.940759402806,577.376869519804,577.597794735836,576.657132667934,576.314067606257,576.314067606257,704.214044118762,704.214044118762,708.741913604057,709.808287559756,709.748013084847,710.170234331584,717.405923861307,718.739138122633,875.08219764813,887.37208632122,887.589035752971,887.60551433518,887.577029433774,889.580957860531,889.387929571252,889.398080886668,889.261339100357,889.261339100357,890.413365897059,890.413365897059,898.641310720259,898.641310720259,898.536228201202,899.25239639914,902.25455465421,903.326447610315,906.684544160549,927.616559377451,932.362727542174,932.362727542174,16.2738566437196,18.7204293017448,7.83883766608402,8.52710730604446,21.416403824539
2005-07-06,528.728237491596,528.728237491596,528.728237491596,528.871237897291,528.871334248732,527.117168341639,531.595795002333,531.565996960257,531.235544942461,549.218828907097,549.218828907097,553.249519367096,553.249519367096,554.721841515834,554.721841515834,554.860636817319,554.860636817319,554.860636817319,554.95998421922,562.873713548722,562.873713548722,564.682472277024,564.682472277024,564.180838717229,564.243389568855,563.267097548097,563.267097548097,563.053790394128,563.034197398348,565.990784279025,583.79974410884,583.79974410884,583.505820009552,583.862628420602,583.327077925321,583.186962789085,583.186962789085,711.339059060297,711.339059060297,715.952982314038,717.026254119804,716.999752735515,717.445662698259,724.787508473334,726.23314103507,880.032828204992,892.30711156074,892.634791723954,892.750103246215,892.773944072771,894.761642837976,894.63453736237,894.702477358233,894.625248766411,894.625248766411,895.764066966942,895.764066966942,903.91455234075,903.91455234075,903.851559979244,904.674688111596,907.624609134524,908.812284050749,912.190379084899,932.927939454717,937.688395088891,937.688395088891,16.852488916484,18.7268104325553,7.71031476991347,8.34890957051682,21.0500580908575
2005-07-07,537.211583068864,537.211583068864,537.211583068864,537.258620496311,537.255746979406,535.230239084979,539.359398663727,539.170145491952,538.675426601891,556.338351907012,556.338351907012,560.200400472449,560.200400472449,561.447252361359,561.447252361359,561.234084792141,561.234084792141,561.234084792141,561.318925778693,568.834650686322,568.834650686322,570.175057866168,570.175057866168,569.630192670184,569.669562051213,568.684991969061,568.684991969061,568.488481734449,568.471191657925,571.454507071534,589.272480082349,589.272480082349,589.042438841729,589.384839439443,588.869608119665,588.795757155025,588.795757155025,716.250116401276,716.250116401276,721.005859137283,722.165547170487,722.157857231361,722.629419064708,729.972336196463,731.51717714237,881.625242111013,893.898008140464,894.346511602024,894.479594555007,894.545645797877,896.511263684975,896.476665200037,896.624544500695,896.625742425221,896.625742425221,897.753140474941,897.753140474941,905.856606645169,905.856606645169,905.84658758718,906.808400877026,909.71566900454,911.041788011777,914.464940356326,935.043056910257,939.823358972977,939.823358972977,16.7709114409007,18.6928466873375,7.56215577209983,8.17510754859395,20.7007171661873
2005-07-08,540.994347457096,540.994347457096,540.994347457096,541.278089580269,541.303093684842,540.126618530306,544.320901946131,544.276237548314,544.01021132959,561.466858685055,561.466858685055,565.597949450106,565.597949450106,567.057079398843,567.057079398843,566.98784383356,566.98784383356,566.98784383356,567.09098617394,574.509223716805,574.509223716805,575.648704001978,575.648704001978,575.093837981738,575.092044032562,574.054422896113,574.054422896113,573.80826526476,573.787617695877,576.715849505899,594.350628713878,594.350628713878,594.123272907315,594.42010594805,593.92210540454,593.892635656494,593.892635656494,720.592688037445,720.592688037445,725.209456922561,726.391687662961,726.401997380123,726.88761880375,734.200682113114,735.790732171548,881.835395081182,893.991638615336,894.499950568611,894.663062019941,894.753940126241,896.689411470585,896.698701949337,896.884028369116,896.924461051231,896.924461051231,898.039882633832,898.039882633832,906.044636554147,906.044636554147,906.062794709695,907.094789689361,909.962335862704,911.359483851728,914.777877636634,935.155980126426,939.932623373984,939.932623373984,16.2654756920754,18.5032937070961,7.40492909143441,8.0098080527511,20.3820636739738
2005-07-09,537.673074648897,537.673074648897,537.673074648897,538.500206443211,538.570050476026,539.155463035868,543.669430824452,543.95912150212,544.243339877253,562.222270081459,562.222270081459,567.102293356403,567.102293356403,569.178410325455,569.178410325455,569.901508038465,569.901508038465,569.901508038465,570.006343860542,577.533759221412,577.533759221412,579.568540502656,579.568540502656,579.163636408069,579.174066450296,578.346845022938,578.346845022938,578.200875976806,578.193788386167,581.113904305371,598.596903072301,598.596903072301,598.446983873131,598.742382888877,598.328387443657,598.354492307112,598.354492307112,724.545856886168,724.545856886168,729.139107557104,730.326124103175,730.341647536602,730.82849869394,738.068986563598,739.66175960457,881.242957806643,893.248003727396,893.786392013299,893.96541222193,894.069776197515,895.973197869291,896.007201195761,896.212027900147,896.274025581414,896.274025581414,897.377746984776,897.377746984776,905.262686152551,905.262686152551,905.296283874679,906.359949029863,909.194655632712,910.619669614599,914.006197890574,934.198625214231,938.953656141519,938.953656141519,15.8525690858452,18.2245375107288,7.26235763245827,7.85319117733434,20.1329992996938
2005-07-10,525.701753651283,525.701753651283,525.701753651283,527.235122942095,527.362125454212,530.315180413715,535.355523506186,536.116407069488,537.18837739649,555.996896186361,555.996896186361,562.161295595855,562.161295595855,565.392596518715,565.392596518715,567.601474161148,567.601474161148,567.601474161148,567.742221935507,575.764547598868,575.764547598868,579.801622439153,579.801622439153,579.767454935081,579.823502205558,579.611298328603,579.611298328603,579.777995382027,579.815463898783,582.817847998009,600.43096715718,600.43096715718,600.568550764064,600.927103727644,600.800116796917,600.99534958715,600.99534958715,727.140671117358,727.140671117358,731.765173329931,732.973361696451,733.014237329692,733.521569220566,740.747662597232,742.397013380249,879.490992840775,891.377460490364,891.95705149228,892.156969246428,892.278543958515,894.149830650904,894.213683404276,894.442203643065,894.529202579974,894.529202579974,895.621283329772,895.621283329772,903.402124509958,903.402124509958,903.452702584011,904.551633196437,907.358123200834,908.812384985178,912.17705396988,932.313088371455,937.04458541644,937.04458541644,15.2557065676505,17.8900807086195,7.12949637871892,7.70812611664083,20.0215668608211
2005-07-11,505.732574966555,505.732574966555,505.732574966555,507.956586158183,508.139121279749,513.527415666374,519.148875226322,520.412885798506,522.34045584938,542.143784026045,542.143784026045,549.787658222027,549.787658222027,554.444559887085,554.444559887085,558.571980084959,558.571980084959,558.571980084959,558.766413936494,567.577087135608,567.577087135608,574.522035987845,574.522035987845,575.056158249234,575.183516840046,575.966864859584,575.966864859584,576.656033570692,576.769250329393,579.948607762058,597.976564829435,597.976564829435,598.653500642289,599.14335549182,599.571293087229,600.099592579659,600.099592579659,726.988678722039,726.988678722039,731.805946715322,733.093281579745,733.185235939063,733.738411652915,741.031978997672,742.820217611075,875.488790521665,887.334890263176,888.000036555393,888.242256759173,888.397794323548,890.243313605489,890.363044724262,890.638498362951,890.772147909348,890.772147909348,891.855685632705,891.855685632705,899.585805295777,899.585805295777,899.667290706238,900.841759865905,903.620252870596,905.144630108183,908.529540140063,928.891530976193,933.612953779405,933.612953779405,14.6668870117136,17.5219724383482,6.99862148953256,7.58296244946443,20.1562557154841
2005-07-12,479.765539191827,479.765539191827,479.765539191827,482.54769127978,482.774886662205,490.265368574031,496.387750917231,498.09110631702,500.782189462287,521.492238367749,521.492238367749,530.517255080035,530.517255080035,536.579574907725,536.579574907725,542.686342641513,542.686342641513,542.686342641513,542.93842542767,552.640422581168,552.640422581168,562.885043216883,562.885043216883,564.093935972207,564.306584534971,566.318006343045,566.318006343045,567.665657614955,567.874902202507,571.302130594998,589.979144885139,589.979144885139,591.380764026765,592.052498332368,593.249732865745,594.248599873216,594.248599873216,722.542628963372,722.542628963372,727.737725571947,729.166734483262,729.341464910123,729.971815171264,737.436127039808,739.470168980134,867.888142384285,879.784758928335,880.593751614368,880.906766740265,881.118724444457,882.945914446405,883.157202301258,883.511831551714,883.722574224957,883.722574224957,884.799387562665,884.799387562665,892.54381676346,892.54381676346,892.676704732816,893.987281603627,896.740164176793,898.397185888243,901.870540871579,922.92844770841,927.661747596867,927.661747596867,14.1315550205695,17.1369099648873,6.86098102780228,7.47398812827116,20.7006456486344
2005-07-13,450.383577821868,450.383577821868,450.383577821868,453.528904492865,453.785109478466,462.727729259593,469.20087463337,471.228083531015,474.495644422684,495.835487610797,495.835487610797,505.938313654683,505.938313654683,513.164852802154,513.164852802154,521.021267080951,521.021267080951,521.021267080951,521.324384799086,531.829981991166,531.829981991166,545.202408234424,545.202408234424,547.079843649912,547.377245142676,550.664290847615,550.664290847615,552.68963732235,552.999022623746,556.691531038217,576.052873734766,576.052873734766,578.259629926748,579.135919786102,581.207412418062,582.749926690957,582.749926690957,712.85481330037,712.85481330037,718.523136140738,720.138330710647,720.418786905345,721.14923349587,728.85939869812,731.221238705552,855.650707663053,867.670802750928,868.671978536248,869.079670924954,869.366971190703,871.182086129819,871.515443074228,871.976870586095,872.291277946793,872.291277946793,873.362996736087,873.362996736087,881.181788999701,881.181788999701,881.384307474732,882.885588596452,885.619664370357,887.466840113766,891.086913331296,913.558370015038,918.322345979939,918.322345979939,13.6533389403595,16.7437826324884,6.72382201450544,7.38192628829748,21.9097689790826
2005-07-14,420.059032330274,420.059032330274,420.059032330274,423.364572493734,423.633475071613,433.367940186447,440.001427608982,442.211235124663,445.820102779231,467.403062027108,467.403062027108,478.165603500366,478.165603500366,486.187512614796,486.187512614796,495.295869686724,495.295869686724,495.295869686724,495.637604009782,506.74202307083,506.74202307083,522.683144819541,522.683144819541,525.129922573086,525.499509953226,529.873900282039,529.873900282039,532.509328417289,532.909008800672,536.840447285711,556.81564010605,556.81564010605,559.780705795971,560.850771835701,563.768069766554,565.843848155166,565.843848155166,697.83438657605,697.83438657605,704.013688796284,705.825799891899,706.217834581834,707.05446617899,715.035070169304,717.752789754028,838.477198779694,850.649820388779,851.862885165452,852.375280948029,852.745967093322,854.551480726132,855.020385842285,855.60152365562,856.031901212132,856.031901212132,857.099525579981,857.099525579981,865.029064030387,865.029064030387,865.310113046807,867.029853360447,869.740992159741,871.809248012325,875.610004327109,900.463767171079,905.265558024903,905.265558024903,13.228445062671,16.3459927363037,6.58003000406308,7.3054902995345,24.0660499009564
2005-07-15,390.90733287638,390.90733287638,390.90733287638,394.182036516319,394.448322263254,404.324218396365,410.937346108033,413.193541407424,416.911832626965,438.336309010508,438.336309010508,449.322374489895,449.322374489895,457.730128134603,457.730128134603,467.566585423009,467.566585423009,467.566585423009,467.93082572485,479.358686662636,479.358686662636,496.994890049832,496.994890049832,499.856921527638,500.278985743968,505.488093298954,505.488093298954,508.58811600213,509.056941284643,513.166673330788,533.545247817322,533.545247817322,537.129741863633,538.357913258685,541.986340096795,544.516565556491,544.516565556491,678.139866988679,678.139866988679,684.782764201023,686.77545379408,687.270428627387,688.204882466609,696.432282500413,699.484216968485,816.763010108309,829.068148969379,830.484109572567,831.097125705638,831.548075244604,833.344847138879,833.944827329106,834.642064583213,835.185265617843,835.185265617843,836.249110896854,836.249110896854,844.298368860118,844.298368860118,844.656383907372,846.59074878988,849.283720237107,851.570774829126,855.548914759042,884.031838270891,888.863383974345,888.863383974345,12.8489552282844,15.9412704331695,6.43376823244811,7.24213518540767,27.4886992333763
2005-07-16,364.577072899372,364.577072899372,364.577072899372,367.653346514649,367.903605347718,377.336680889257,383.764064033866,385.943985334305,389.561223086802,410.456321329054,410.456321329054,421.260484874556,421.260484874556,429.661667765175,429.661667765175,439.694489665969,439.694489665969,439.694489665969,440.065627894483,451.535077347587,451.535077347587,469.975010456439,469.975010456439,473.068599272616,473.51957768151,479.234694119561,479.234694119561,482.622031527525,483.133925648205,487.341462918153,507.855727359575,507.855727359575,511.86479236468,513.20023955154,517.337637832632,520.198895818866,520.198895818866,654.937502075062,654.937502075062,661.939324336252,664.075166067023,664.653188438132,665.665864602036,674.079845767844,677.40482039113,791.443152985334,803.828494629037,805.414174759949,806.111789353385,806.630410622869,808.415277633399,809.126662110714,809.922533361256,810.562176000541,810.562176000541,811.62196351595,811.62196351595,819.774356230413,819.774356230413,820.198706322,822.317263052427,824.989599156577,827.465282021864,831.592794313516,865.125256076677,869.96831992436,869.96831992436,12.5095600664299,15.5400527547766,6.29120019398722,7.18776648515815,32.3798217204357
2005-07-17,342.129707256987,342.129707256987,342.129707256987,344.879902045953,345.103928243545,353.628569975053,359.737481764308,361.745272200002,365.087566471637,385.140635761869,385.140635761869,395.414555260825,395.414555260825,403.46604595566,403.46604595566,413.219220291707,413.219220291707,413.219220291707,413.583212281104,424.836193162665,424.836193162665,443.238702751373,443.238702751373,446.388093701955,446.845388207689,452.737932050233,452.737932050233,456.233489142215,456.7619135064,460.985778320135,481.343942058136,481.343942058136,485.568088376592,486.955835743018,491.377304846781,494.429414486804,494.429414486804,629.62137738509,629.62137738509,636.846205218629,639.076082298874,639.710994140284,640.775987619662,649.296256587468,652.809929867409,763.741622314379,776.130543280625,777.838342468801,778.597333296785,779.165292335825,780.934219751829,781.727881471865,782.596223101761,783.307543620215,783.307543620215,784.362602273746,784.362602273746,792.585989378501,792.585989378501,793.060136129053,795.314394466049,797.965795251704,800.580365599951,804.813445251224,844.759447541119,849.59241450462,849.59241450462,12.2006334667329,15.1295196207782,6.14625598135231,7.1407375678689,38.6933998125296
2005-07-18,335.542899131263,335.542899131263,335.542899131263,337.434751724639,337.568625778219,342.658313669544,348.191851444552,349.647702698878,351.898428289102,371.059185873823,371.059185873823,379.519322032664,379.519322032664,386.465295585752,386.465295585752,394.430903143815,394.430903143815,394.430903143815,394.941232180095,406.967395699482,406.967395699482,422.87296115037,422.87296115037,425.444370494973,425.849851778763,431.073894089389,431.073894089389,434.918227907412,435.449186944762,440.683866803214,460.115271595971,460.115271595971,463.798172671204,465.062450542037,469.181930143606,472.025692498829,472.025692498829,607.64780012048,607.64780012048,617.246940187362,619.54177115961,620.142471954782,621.146388038197,631.455569160383,634.816518119459,748.806049059794,761.338823465586,762.553464069808,763.04628618659,763.407433252896,765.089748889826,765.568907765916,766.158098565426,766.613757946176,766.613757946176,767.651406357609,767.651406357609,775.439299427807,775.439299427807,775.751779521042,777.53238718909,780.148035449846,782.295174613208,786.076327549931,832.938427156149,837.533728231772,837.533728231772,13.3139689185029,14.8198380339454,6.42418600740133,7.09682271977377,46.1284971476977
2005-07-19,339.663705288148,339.663705288148,339.663705288148,339.939624089124,339.966470300974,340.827125753371,344.900093970349,345.465676390019,346.444308020876,363.55938992536,363.55938992536,370.310357748654,370.310357748654,375.147352130012,375.147352130012,380.864599060238,380.864599060238,380.864599060238,381.177065250019,392.096667761443,392.096667761443,405.768820830581,405.768820830581,407.926434199921,408.255705868582,412.549219986062,412.549219986062,415.330384617698,415.778162800748,420.745892682267,439.379045645005,439.379045645005,442.91058440965,444.10912117978,447.920048969634,450.619848448711,450.619848448711,585.047934442109,585.047934442109,592.867435958881,595.456258783813,596.084819616952,597.158992067874,606.625032705542,610.189154785447,727.436291889189,739.585451858155,741.027720223643,741.655037366336,742.118963123967,743.801695540845,744.429839133154,745.141094186133,745.705946386886,745.705946386886,746.741014943608,746.741014943608,754.640194523742,754.640194523742,755.014021099244,756.93992476866,759.539020110416,761.799994948626,765.635977023005,820.653885263142,825.212594758561,825.212594758561,13.4142599738647,14.3772524986716,6.31110183528618,7.05316493154759,54.2512793427191
2005-07-20,355.548243273363,355.548243273363,355.548243273363,354.537734908463,354.463151548046,351.016665834882,353.711952424292,353.347826030511,352.801154926793,366.874164313453,366.874164313453,371.08983526717,371.08983526717,373.457209458203,373.457209458203,376.168209724734,376.168209724734,376.168209724734,376.352104319105,385.664297873595,385.664297873595,395.18270376668,395.18270376668,396.605785244243,396.839674459083,399.83994400178,399.83994400178,401.868395744904,402.203645822552,406.81392696198,423.986293938628,423.986293938628,426.816563031903,427.827659062362,430.960239290311,433.242172328806,433.242172328806,565.887805572008,565.887805572008,573.015328006157,575.43233662692,575.977832295227,576.976552601814,586.109041894587,589.382343602576,710.594149939666,722.235759676097,723.493074599945,724.036226330605,724.436234604836,726.07680199692,726.613829358602,727.245023001608,727.740094769646,727.740094769646,728.765453474673,728.765453474673,736.518691496274,736.518691496274,736.851472332285,738.65183239512,741.223888483961,743.362551950299,747.059853491835,810.262062123771,814.734280196057,814.734280196057,13.2746919997944,13.9693778637243,6.13103958439881,7.00834352038198,62.5497703995352
2005-07-21,377.333355846494,377.333355846494,377.333355846494,375.656728612143,375.529624218346,369.3026436169,371.042598916911,370.02903655953,368.322428717595,379.664711489007,379.664711489007,381.426976916529,381.426976916529,381.363918758013,381.363918758013,380.879214521841,380.879214521841,380.879214521841,380.955600995693,388.352914845328,388.352914845328,392.745840456486,392.745840456486,393.196533169951,393.304616363481,394.578089055507,394.578089055507,395.672181421644,395.868720334868,399.975956669848,415.367851717185,415.367851717185,417.199942391537,417.943786761679,420.060377158232,421.718276003011,421.718276003011,551.728156921098,551.728156921098,558.117790275824,560.287829232789,560.725891992725,561.621427687148,570.345110925735,573.250739161736,697.764193464223,708.894601834613,709.963378251843,710.414812291257,710.742737235977,712.337460070703,712.761709670688,713.288619880752,713.686974360592,713.686974360592,714.701667492749,714.701667492749,722.255664818154,722.255664818154,722.524163930914,724.12226011352,726.668821627215,728.595249172817,732.065480731121,803.126566718655,807.48060325669,807.48060325669,12.9903508846405,13.5764223161879,5.95712941063685,6.96219343354505,70.6104018312688
2005-07-22,399.99167791445,399.99167791445,399.99167791445,398.194062813295,398.057657160781,390.855010415808,392.164112286522,390.86898434819,388.602102590187,398.199484213417,398.199484213417,398.319550156093,398.319550156093,396.488482142818,396.488482142818,393.415512335496,393.415512335496,393.415512335496,393.409974867226,399.03168711519,399.03168711519,398.479338212933,398.479338212933,397.920347226285,397.897425915615,397.292586788402,397.292586788402,397.35831220227,397.401651637264,400.922387031379,414.343866803136,414.343866803136,415.001888896545,415.430846782851,416.309931665879,417.196276736978,417.196276736978,543.878094627268,543.878094627268,549.40865341637,551.256937346521,551.555468824374,552.315000472272,560.513826471258,562.951010384639,689.536375150829,700.116429743665,700.96731095747,701.312580508467,701.557170006618,703.104959352343,703.398176060445,703.804113174055,704.089500620496,704.089500620496,705.093018403177,705.093018403177,712.418420519539,712.418420519539,712.610953207155,713.970706475459,716.490709497467,718.165672127078,721.36953667654,799.676217676563,803.902470394558,803.902470394558,12.6287442225848,13.1949729362702,5.8012051240958,6.9139526782133,78.0869110821104
2005-07-23,418.345526627375,418.345526627375,418.345526627375,416.937023846838,416.831837544661,410.454038702848,411.866628729734,410.681742955086,408.508272696302,417.607522820129,417.607522820129,417.248446408845,417.248446408845,414.71380271816,414.71380271816,410.304247162465,410.304247162465,410.304247162465,410.255789129106,414.668259983176,414.668259983176,410.568754150419,410.568754150419,409.206235750551,409.078378998628,406.869724135289,406.869724135289,406.032915947811,405.940260476036,408.911217509906,420.469953027368,420.469953027368,419.984823538535,420.104794063328,419.729600164566,419.818831729688,419.818831729688,542.80804442553,542.80804442553,547.433591961748,548.928929357853,549.071049995566,549.676518167498,557.281056193815,559.186281567481,686.344440178106,696.350366558613,696.958544894064,697.185610932792,697.337088544864,698.836232020145,698.982601476431,699.253174495368,699.411771675216,699.411771675216,700.403698322668,700.403698322668,707.479342154747,707.479342154747,707.586291078148,708.678952619896,711.173303677093,712.566437496063,715.470174016566,800.162391573296,804.256065247362,804.256065247362,12.2406767466417,12.825248294837,5.65910660950875,6.86727944774985,84.7203870195674
2005-07-24,428.295321454748,428.295321454748,428.295321454748,427.658686123572,427.615214146365,423.518987603893,425.475372013353,424.719204503128,423.209201386051,432.988933830879,432.988933830879,433.324948186885,433.324948186885,431.240030597487,431.240030597487,427.014413486434,427.014413486434,427.014413486434,426.968599248886,430.979926946125,430.979926946125,425.602987393968,425.602987393968,423.849139646253,423.669090687338,420.537630424062,420.537630424062,419.148937852143,418.970666366073,421.549408790085,431.711381132377,431.711381132377,430.376476506673,430.262235996583,428.891186762904,428.327473440298,428.327473440298,547.689351287869,547.689351287869,551.51238724888,552.68660549693,552.685212581592,553.147596292315,560.182811814618,561.58231110321,687.755539007541,697.222863447501,697.602983864855,697.718495716485,697.781893088426,699.232228317656,699.238908963266,699.380086448942,699.417027561184,699.417027561184,700.397706677257,700.397706677257,707.231985157365,707.231985157365,707.25606202017,708.088482925889,710.55477420089,711.671524951604,714.284610560271,804.36600827094,808.33374470728,808.33374470728,11.8583198464209,12.4679223573147,5.51946514494694,6.82203921170625,90.3435519681983
2005-07-25,428.064824971348,428.064824971348,428.064824971348,428.368350604507,428.400039389633,427.37392044915,430.125016829702,429.986137920342,429.493069510832,440.767140464825,440.767140464825,442.663975706098,442.663975706098,441.947278728671,441.947278728671,439.245712705566,439.245712705566,439.245712705566,439.242754901493,443.648028959935,443.648028959935,439.44348396248,439.44348396248,437.796249736191,437.628100124239,434.475108284584,434.475108284584,433.018411161227,432.825863172298,435.23679967393,444.735682860681,444.735682860681,443.055620531473,442.839103765732,440.982310396406,440.072794188119,440.072794188119,556.409030338019,556.409030338019,559.820315461367,560.824925973087,560.765969103852,561.16593907267,569.909420118457,571.070344390202,694.949577495394,703.903854936638,704.003401110849,703.98237945667,703.938230113969,705.336483256562,705.173518375393,705.158983700785,705.049895945695,705.049895945695,706.018464040272,706.018464040272,712.575835481028,712.575835481028,712.501487305273,713.02941885148,715.467947359311,716.264596466089,718.544903037291,812.900921330103,816.73047086462,816.73047086462,11.5010007864044,12.1284120332685,5.38994744999111,6.77889417244372,94.8891501136186
2005-07-26,418.954532293428,418.954532293428,418.954532293428,420.099575051189,420.198586182073,422.156691542254,425.706195273267,426.193216724337,426.76962719945,439.777416656188,439.777416656188,443.562523673321,443.562523673321,444.660211147264,444.660211147264,444.268669336577,444.268669336577,444.268669336577,444.332679584991,449.668932989062,449.668932989062,448.513634374171,448.513634374171,447.399424553383,447.298368491608,444.960311627845,444.960311627845,443.900232563613,443.762683918897,446.234523633807,455.842951804036,455.842951804036,454.384978672842,454.216236081561,452.474784545098,451.595174556526,451.595174556526,565.440148575548,565.440148575548,568.676942492121,569.565266311325,569.446197582886,569.792087185793,576.998914001873,578.152788479365,698.628611825908,707.58235290434,707.802861133442,707.836780181514,707.834359260466,709.220131094222,709.116900541959,709.148842322092,709.080856186443,709.080856186443,710.045016755784,710.045016755784,716.616636940052,716.616636940052,716.563188085754,717.12818439285,719.544743989795,720.35699855542,722.610552040176,820.508787642324,824.32393490328,824.32393490328,11.1712726947009,11.8043331985866,5.25900707886987,6.73824076681751,98.3713319311188
2005-07-27,403.660301942681,403.660301942681,403.660301942681,405.419219900424,405.567347717918,409.877428025128,414.061549511161,415.058718194788,416.532982375373,431.044319534427,431.044319534427,436.560132560558,436.560132560558,439.433358782395,439.433358782395,441.485097092481,441.485097092481,441.485097092481,441.620948752091,448.070277404425,448.070277404425,450.829909006187,450.829909006187,450.490523910159,450.488145771745,449.500165638259,449.500165638259,449.148023045011,449.11270709191,451.806725027769,462.107296853873,462.107296853873,461.326566140963,461.32774103763,460.240587148196,459.729982848238,459.729982848238,571.875503179069,571.875503179069,575.325950015127,576.26945979945,576.195084701801,576.580449148529,583.60894527434,584.809095426331,700.91651835916,709.800558766037,710.087697278468,710.15580039721,710.180949735293,711.552823600624,711.496236792716,711.568466243765,711.540519207927,711.540519207927,712.50034170159,712.50034170159,719.099124382698,719.099124382698,719.072893244562,719.706669581754,722.105324998053,722.98246333986,725.274401162036,825.822534203055,829.657884017485,829.657884017485,10.87197742026,11.4932024043237,5.13350049050434,6.7002544041839,100.876817585227
2005-07-28,385.197926963638,385.197926963638,385.197926963638,387.304581384468,387.480518853459,393.289431571329,397.870791987369,399.206546347527,401.29790063114,416.823520588749,416.823520588749,423.620253495095,423.620253495095,427.90759603773,427.90759603773,432.038977799295,432.038977799295,432.038977799295,432.236644466153,439.684407574339,439.684407574339,446.243286346214,446.243286346214,446.714417905879,446.815735194578,447.332628497083,447.332628497083,447.793235407144,447.87707316747,450.863355473741,462.126368002882,462.126368002882,462.256721766077,462.492543036327,462.345337514389,462.415387294632,462.415387294632,573.368189410449,573.368189410449,577.316861607077,578.427991397413,578.456282996635,578.93905370786,586.062944787909,587.567078621519,698.937726368872,707.959570117518,708.429269673429,708.586445418673,708.681825813449,710.04996253088,710.10539163281,710.275596542482,710.341206056895,710.341206056895,711.298957261472,711.298957261472,718.010638431574,718.010638431574,718.046308586672,718.849913736938,721.233505435903,722.278205726626,724.706811772484,827.163740635971,831.060062422836,831.060062422836,10.5979679872208,11.1940742995327,5.01122070803233,6.66455979159297,102.537974441865
2005-07-29,369.806559280739,369.806559280739,369.806559280739,372.223263057322,372.412780618333,378.478944558111,383.746849964821,385.333311574903,387.600922209279,404.651510511067,404.651510511067,411.464662893598,411.464662893598,416.32691913207,416.32691913207,421.492648192736,421.492648192736,421.492648192736,421.702330139262,429.626035892977,429.626035892977,438.782303883664,438.782303883664,439.666767316159,439.917890508521,441.604506994962,441.604506994962,442.746446364067,442.916805784809,446.338351705044,458.966997270498,458.966997270498,459.933428272546,460.642328401621,462.179104467675,463.201295093452,463.201295093452,581.462144633468,581.462144633468,587.192158858018,588.669245176797,588.552482221876,588.872826966507,596.246191556957,597.302672947323,703.086964406418,711.550864175963,711.775705521162,711.818882893011,711.826448465955,713.148167972165,713.073993041071,713.130048533474,713.093500147262,713.093500147262,714.041332259729,714.041332259729,720.567497362593,720.567497362593,720.541282573703,721.163055492702,723.524559039261,724.394161385942,726.651977160662,829.984790381511,833.817682800927,833.817682800927,11.6344024095468,11.5518737645896,4.88945955005895,6.63067156373573,103.505758108157
2005-07-30,351.985052679227,351.985052679227,351.985052679227,354.257369934997,354.443468463808,360.813991773851,365.812444628573,367.371549587654,369.829635538026,387.356869454346,387.356869454346,394.903939470424,394.903939470424,400.325075086816,400.325075086816,406.378026268616,406.378026268616,406.378026268616,406.630979470105,414.958046476246,414.958046476246,426.079241953603,426.079241953603,427.553487276862,427.786777432481,430.365338839741,430.365338839741,431.997322697322,432.258811105253,435.898099784961,449.306566655883,449.306566655883,450.992009811541,451.674187470039,453.37247258821,454.664146962086,454.664146962086,567.716459469602,567.716459469602,574.202232083956,576.094291207298,576.455845759784,577.253619089852,585.529781451229,588.034727810391,689.784683532194,699.300219060813,700.232525579462,700.611901125864,700.881101276943,702.253301936424,702.579703605491,702.984913148071,703.271556493253,703.271556493253,704.226796893596,704.226796893596,711.216445841059,711.216445841059,711.394496908337,712.585704841341,714.941677398188,716.361607667757,719.09807772461,823.437091772329,827.455032760938,827.455032760938,11.3992410894747,11.389163836728,4.7735361099958,6.59822387485631,103.929378287328
2005-07-31,336.812741774577,336.812741774577,336.812741774577,338.820554494337,338.987211876291,344.854762631189,349.576063985382,351.009862156743,353.342288567076,370.363847561759,370.363847561759,377.925739730614,377.925739730614,383.554908377974,383.554908377974,390.032413183409,390.032413183409,390.032413183409,390.299036935612,398.79484672631,398.79484672631,411.041808942192,411.041808942192,412.847832146404,413.122145111127,416.363711136708,416.363711136708,418.363974808723,418.680503503719,422.44736370736,436.344698889584,436.344698889584,438.568606514911,439.377377509676,441.591168616952,443.201195188856,443.201195188856,553.802704970603,553.802704970603,560.165482796817,562.063469839385,562.469490817135,563.319049140798,571.60819551613,574.440949138418,671.527223752871,681.308048241879,682.533563658339,683.063095092151,683.453393309791,684.83867887961,685.369019019742,685.961618383604,686.431765517938,686.431765517938,687.388842706487,687.388842706487,694.653239821607,694.653239821607,694.961215035151,696.537389242031,698.883205850689,700.709524286236,703.827222299517,808.695518941715,812.878129751207,812.878129751207,11.0083732103185,11.190580444273,4.6646032625138,6.56746093013946,103.944266802759
2005-08-01,325.14860596853,325.14860596853,325.14860596853,326.92343657322,327.063961636886,332.058104467337,336.391600563809,337.614505340413,339.628128078129,356.06996025453,356.06996025453,363.025257677088,363.025257677088,368.301824692504,368.301824692504,374.528818514302,374.528818514302,374.528818514302,374.789663433639,383.116198979887,383.116198979887,395.504648696439,395.504648696439,397.424322480049,397.712895842109,401.25594218171,401.25594218171,403.435012462794,403.778362838622,407.575961591646,421.633082400982,421.633082400982,424.177792813485,425.065464294855,427.667309507409,429.527456589794,429.527456589794,538.596823811735,538.596823811735,544.961734383733,546.872144623433,547.30772128157,548.184521321262,556.395815224689,559.347391021746,652.017510453671,661.775752636492,663.089297075376,663.665732894191,664.094553486285,665.468975836253,666.068132829967,666.724483341011,667.25982853165,667.25982853165,668.21401017494,668.21401017494,675.563058733848,675.563058733848,675.920463621237,677.643415785996,679.97614233125,681.964780244251,685.234369715472,790.077065863975,794.327328000937,794.327328000937,10.990307655822,10.9632796881058,4.55746442741459,6.53785349712339,103.666696687329
2005-08-02,322.85927541967,322.85927541967,322.85927541967,324.519334365662,324.623939623757,328.014558378144,332.330275304787,333.249934248354,334.494429417102,353.169971196235,353.169971196235,358.360735681444,358.360735681444,362.662923332492,362.662923332492,367.065212881988,367.065212881988,367.065212881988,367.500154852299,376.30296806275,376.30296806275,386.074369878613,386.074369878613,387.386654438557,387.704609505128,390.478656881668,390.478656881668,392.566221256599,392.874649539995,396.963740485285,410.540314655151,410.540314655151,412.746632242526,413.617684960581,416.238806839249,418.099234076443,418.099234076443,528.228473396474,528.228473396474,535.678764900952,537.56055935805,537.911404650092,538.679768319559,547.207395791593,549.853047214747,640.885701266683,650.644827555165,651.661779129953,652.116083023195,652.424237076111,653.755847846761,654.135666058164,654.597972229771,654.972567447084,654.972567447084,655.914128716103,655.914128716103,662.9747388002,662.9747388002,663.22081240965,664.620362319823,666.92741902501,668.601036608548,671.572889242149,775.684302673866,779.811648498491,779.811648498491,14.1981224129646,10.9917894045355,4.75194946237326,6.52012398541147,103.194264850016
2005-08-03,317.332803139786,317.332803139786,317.332803139786,318.501671745002,318.607346498226,321.283553263262,325.225044623506,326.017547770705,327.204147307575,346.199513572141,346.199513572141,351.8520101993,351.8520101993,355.595072019242,355.595072019242,359.328886913697,359.328886913697,359.328886913697,359.589325574617,367.899217411518,367.899217411518,376.835366928374,376.835366928374,378.034139781,378.233703526395,380.610477274278,380.610477274278,382.232079922794,382.504063884328,386.414510036424,399.658069966533,399.658069966533,401.716395842684,402.479716184544,404.721883689427,406.397267913509,406.397267913509,514.153221085034,514.153221085034,520.781787386093,522.813427242034,523.24498102147,524.12021695566,532.486339701884,535.385784824315,624.184356116552,633.894320082853,635.075442864007,635.587550260071,635.965122072947,637.304236072308,637.821594318059,638.398302863309,638.860005742097,638.860005742097,639.800458319252,639.800458319252,646.977771845949,646.977771845949,647.284576504447,648.836022632652,651.127847228491,652.929980903059,655.98797162221,759.627632727852,763.767505030021,763.767505030021,14.1955222175341,10.8991525281226,4.77993066323065,6.4850703195378,102.60877143304
2005-08-04,314.31370096701,314.31370096701,314.31370096701,315.136809808099,315.217830358516,316.999659826988,320.520056189688,321.109260668374,322.02049881652,340.044245967811,340.044245967811,345.692544613775,345.692544613775,349.203671085319,349.203671085319,352.591612653059,352.591612653059,352.591612653059,352.79304350662,360.658812233574,360.658812233574,368.790200494516,368.790200494516,369.851053542956,370.030347937485,372.10222874921,372.10222874921,373.520633033034,373.760417580371,377.519759903163,390.345887009967,390.345887009967,392.17330265286,392.86762203996,394.838194199158,396.337429696168,396.337429696168,502.410131953289,502.410131953289,508.536998093733,510.425880351829,510.80270095911,511.626993689608,519.711617019195,522.461405596714,609.103985268759,618.665187070565,619.784071228061,620.268898820134,620.626489915461,621.944903376452,622.438168372187,622.994827103074,623.441528765552,623.441528765552,624.376179445289,624.376179445289,631.505020244626,631.505020244626,631.806097203134,633.337940814711,635.611421717631,637.397649066748,640.429093670868,743.449033626341,747.568767214497,747.568767214497,13.6052978343341,10.7974086757099,4.76124921079434,6.45275404439437,101.972480746224
2005-08-05,311.906674929337,311.906674929337,311.906674929337,312.592874051456,312.664534900018,313.982320089246,317.205845867671,317.671391661711,318.377726545314,335.166575160951,335.166575160951,340.535449109163,340.535449109163,343.744207868114,343.744207868114,346.793084487446,346.793084487446,346.793084487446,346.968247286039,354.395388596754,354.395388596754,361.82590666955,361.82590666955,362.755766467561,362.917268657005,364.730471178781,364.730471178781,365.996241882997,366.211914799057,369.821109180935,382.26175843447,382.26175843447,383.889894461843,384.525689614808,386.27328276899,387.625013838615,387.625013838615,492.14863623213,492.14863623213,497.931889742714,499.706727570156,500.044230256949,500.828183617341,508.662712022687,511.249934347419,595.550541939881,604.934850072537,605.981280567261,606.431376037384,606.761786826392,608.055524359302,608.507502863817,609.025326354135,609.436943726909,609.436943726909,610.365040116613,610.365040116613,617.407019370297,617.407019370297,617.685453084222,619.142587346313,621.396840446385,623.104685257549,626.047988610135,728.334426480346,732.405621820289,732.405621820289,12.8815480177422,10.6587094700337,4.72155538654962,6.42008061519171,101.299534905262
2005-08-06,308.764425736255,308.764425736255,308.764425736255,309.476355661095,309.55080785633,310.897936703013,314.001399633508,314.446167421565,315.102290822004,330.851111081286,330.851111081286,335.989676741328,335.989676741328,338.962766191347,338.962766191347,341.737727998026,341.737727998026,341.737727998026,341.898966239882,348.920089863459,348.920089863459,355.753384787531,355.753384787531,356.572037991257,356.718335104442,358.31170601565,358.31170601565,359.449186946075,359.644584655777,363.101562925078,375.162014805864,375.162014805864,376.626231976974,377.21353320434,378.777609757025,380.007259956918,380.007259956918,482.964434958045,482.964434958045,488.480004799934,490.160414055212,490.469941751716,491.224083577514,498.846725501522,501.306275778113,583.276322527603,592.482952453854,593.465558668777,593.884835773923,594.191008670189,595.461277183749,595.875766454763,596.357624701677,596.73626599118,596.73626599118,597.657928361764,597.657928361764,604.613139685452,604.613139685452,604.869330563778,606.250890441029,608.486655354877,610.112129096538,612.9609510881,714.420686818111,718.439652396972,718.439652396972,12.1640149585312,10.4786401774071,4.66533254004189,6.38580323296508,100.543875726273
2005-08-07,304.152865529187,304.152865529187,304.152865529187,304.987494563037,305.071936483666,306.80186582854,309.910475191566,310.416403396307,311.161028706294,326.183098202835,326.183098202835,331.264787016659,331.264787016659,334.182964266657,334.182964266657,336.878409552193,336.878409552193,336.878409552193,337.034993961086,343.754897891129,343.754897891129,350.223398751641,350.223398751641,350.971315412897,351.107614375978,352.549619459637,352.549619459637,353.595200233484,353.775702108528,357.096423372511,368.796588321253,368.796588321253,370.134389346135,370.683705855737,372.104985060124,373.238387247802,373.238387247802,474.586567219898,474.586567219898,479.896892854852,481.498217947967,481.786455087042,482.516838003913,489.951514438869,492.310508689788,572.013445236371,581.045108142387,581.975921652621,582.370233287677,582.656768970161,583.904554227667,584.288788332031,584.741175890569,585.092888372277,585.092888372277,586.008386336,586.008386336,592.884118159646,592.884118159646,593.121979289207,594.439354250288,596.656987365421,598.21137866895,600.975984285905,701.46871906486,705.441468239553,705.441468239553,11.5108948831393,10.2678740042654,4.59084383277274,6.34937514870314,99.6336657741253
2005-08-08,297.767156348091,297.767156348091,297.767156348091,298.772351240578,298.870263282043,301.18155783268,304.373216373713,304.988901989213,305.910741472054,320.482591212413,320.482591212413,325.671157011551,325.671157011551,328.716510325841,328.716510325841,331.564347857305,331.564347857305,331.564347857305,331.724415833576,338.285596931141,338.285596931141,344.72946624437,344.72946624437,345.468764886807,345.603055074315,347.000835384644,347.000835384644,348.010935581629,348.184872867237,351.398933220931,362.799721414536,362.799721414536,364.067730673207,364.593960561624,365.929405895626,367.001689969775,367.001689969775,466.73966863894,466.73966863894,471.892751251314,473.431405800658,473.705319831219,474.418062079512,481.687213778809,483.977784062419,561.543150739897,570.400015207944,571.289750382438,571.664269136398,571.935262312924,573.16164973441,573.522188395153,573.951105203813,574.281869368639,574.281869368639,575.191456409833,575.191456409833,581.994287895372,581.994287895372,582.217700561914,583.482742084302,585.68269081474,587.178425003313,589.870959677503,689.2163908639,693.146968608858,693.146968608858,10.9361546363313,10.0395096129097,4.50301736004926,6.3103177241477,98.5268544986581
2005-08-09,289.643839999536,289.643839999536,289.643839999536,290.829009431578,290.940941994372,293.898550272032,297.207153394664,297.951997321383,299.090510951386,313.409245844842,313.409245844842,318.807451006357,318.807451006357,322.104926683913,322.104926683913,325.288251220932,325.288251220932,325.288251220932,325.457759796564,331.990248760987,331.990248760987,338.748748921291,338.748748921291,339.547389279043,339.688441954094,341.16596654968,341.16596654968,342.207893367491,342.38516600058,345.526934803354,356.718082881098,356.718082881098,357.988708970064,358.511111985487,359.83588139908,360.893488030566,360.893488030566,459.043512946128,459.043512946128,464.097140689608,465.594209913413,465.862481201413,466.565806128468,473.700698301574,475.933592540988,551.50812131695,560.210270331879,561.075286123015,561.437908196032,561.699704298072,562.906277524907,563.253124907351,563.667594666402,563.985988594642,563.985988594642,564.890946646704,564.890946646704,571.631668089831,571.631668089831,571.846275690961,573.07576365947,575.258325781868,576.712856761275,579.350206222145,677.388212702599,681.28687608119,681.28687608119,10.4406441735646,9.80087230527301,4.40563439753828,6.26857936331626,97.2422138876806
2005-08-10,280.533655530823,280.533655530823,280.533655530823,281.832659755955,281.953248907814,285.401422686551,288.797389914064,289.647031105142,290.970781793553,305.414466565791,305.414466565791,310.971193835964,310.971193835964,314.537006152703,314.537006152703,318.074602245431,318.074602245431,318.074602245431,318.266845364851,324.903639493387,324.903639493387,332.108776160684,332.108776160684,332.996504744853,333.148193234115,334.786645011603,334.786645011603,335.944939435847,336.135166883961,339.294144216307,350.336824908346,350.336824908346,351.652068890081,352.182267016103,353.549477690778,354.626356271843,354.626356271843,451.198395958235,451.198395958235,456.342512484418,457.823127916868,458.123832444119,458.854322736035,466.627546674898,468.90169570197,542.83370195669,551.430082547571,552.223069305117,552.551999463389,552.787204197952,553.981066805317,554.287488388771,554.664225516147,554.94886755916,554.94886755916,555.847162196762,555.847162196762,562.603307350018,562.603307350018,562.793734461849,563.944550886802,566.108159466035,567.482527799549,570.082712277205,666.855037583761,670.706311538061,670.706311538061,10.320980838685,9.55839795106617,4.30109207088615,6.34181641539867,96.0432601195684
2005-08-11,271.056364074874,271.056364074874,271.056364074874,272.40557386564,272.529670420445,276.262225376478,279.693976912082,280.608242092042,282.053216718,296.377720776822,296.377720776822,302.134730792699,302.134730792699,305.95282464162,305.95282464162,309.862073585686,309.862073585686,309.862073585686,310.066118939688,316.873581588057,316.873581588057,324.701720821684,324.701720821684,325.700346202387,325.864988727197,327.716557925091,327.716557925091,329.058846346593,329.271281377986,332.584377995012,343.525880183249,343.525880183249,344.911685446091,345.45696251196,346.901664114149,348.019951453995,348.019951453995,442.997702841305,442.997702841305,448.423699194723,449.932100826843,450.581939311187,451.521649897817,462.291348946842,465.361411858935,541.562199457533,551.603319176693,552.304414460278,552.741097350646,552.954143381919,554.215285517103,554.350665788152,554.570426720541,554.822207693248,554.822207693248,555.753191510743,555.753191510743,562.395097497585,562.395097497585,562.418284651646,563.087093890557,565.226649252373,566.225389189719,568.331151244321,663.259213232533,666.929910510374,666.929910510374,10.0168335111994,9.31586683836898,4.64274020076638,6.57957949125337,94.6820239953213
2005-08-12,261.698244601073,261.698244601073,261.698244601073,263.044576083124,263.167910640664,266.993649292025,270.408416363055,271.347561397528,272.846300175116,286.898995648948,286.898995648948,292.718368960315,292.718368960315,296.656667159911,296.656667159911,300.837764326952,300.837764326952,300.837764326952,301.042023626924,307.858652929551,307.858652929551,316.293773158446,316.293773158446,317.427515916774,317.609500130604,319.682491567185,319.682491567185,321.048656175298,321.275362475509,324.575611836763,335.516141910628,335.516141910628,337.091233867355,337.682001652029,339.311778597307,340.537271703285,340.537271703285,433.972507482965,433.972507482965,439.175608094828,440.742141893032,441.058086797793,441.840053784426,450.462474452868,453.396522953316,526.368227826781,536.191335996583,537.313627484315,537.802170923418,538.15928309758,539.484077511025,539.971352014688,540.502022358587,540.927064579306,540.927064579306,541.86519790818,541.86519790818,549.075751249621,549.075751249621,549.345439030622,550.694719460902,552.834900209399,554.390551081691,557.044926380276,651.296356936568,655.182554199536,655.182554199536,9.69757320985736,9.07529429968175,4.51231012501347,6.59519629440076,93.4341567697223
2005-08-13,252.781914886494,252.781914886494,252.781914886494,254.087407066991,254.206942057982,257.977423906025,261.334507067867,262.266176122769,263.761802114888,277.443694084098,277.443694084098,283.211399541079,283.211399541079,287.177468225462,287.177468225462,291.488357036546,291.488357036546,291.488357036546,291.693555407086,298.480150526379,298.480150526379,307.27061015481,307.27061015481,308.504458194702,308.698780396363,310.968185854601,310.968185854601,312.428548842705,312.668166746986,315.957919098357,326.829291902853,326.829291902853,328.538906845792,329.162649185495,330.949956601051,332.274078612053,332.274078612053,424.122445999638,424.122445999638,429.334908091608,430.916739143082,431.241137833211,432.021616940124,440.228228178539,443.036046886144,514.365362097018,523.813961879305,524.804291150598,525.233257168289,525.548572455125,526.852480012644,527.287941142959,527.780216229229,528.176034844807,528.176034844807,529.105159522786,529.105159522786,536.353330252625,536.353330252625,536.618501493748,537.980867971052,540.10954250909,541.697958107813,544.407537108998,637.708206884815,641.665550194812,641.665550194812,9.39307809007453,8.83605489444912,4.30541074534823,6.65477634499456,92.3654094677343
2005-08-14,246.958476653506,246.958476653506,246.958476653506,248.227208839768,248.325863506328,251.547357933983,254.687753075851,255.455452980604,256.694135200712,269.972082677147,269.972082677147,275.348263560959,275.348263560959,279.122636097199,279.122636097199,283.143634041944,283.143634041944,283.143634041944,283.391017243542,290.255162825304,290.255162825304,298.755006786515,298.755006786515,299.956393638478,300.165135387202,302.44397290355,302.44397290355,303.986809039958,304.23235599206,307.59308874464,318.290734938814,318.290734938814,320.015721678418,320.655228938416,322.662624673141,324.129229254986,324.129229254986,415.515861163109,415.515861163109,421.118936881064,422.657658204545,422.943558080147,423.681845895211,431.544440549798,434.200404445649,503.949069116089,513.08394610024,513.985583936763,514.374745390824,514.654687008493,515.928649816599,516.315299834149,516.761759877009,517.115857826884,517.115857826884,518.035394108723,518.035394108723,525.276023291283,525.276023291283,525.514163182755,526.790869025521,528.906904670172,530.398029340331,533.016296295555,625.340084144706,629.30859496187,629.30859496187,9.44340027020308,8.63623797344325,4.11330288042596,6.71920134338991,91.4654237902134
2005-08-15,240.270894662492,240.270894662492,240.270894662492,241.369388624332,241.474142694684,244.511775868017,247.635858949462,248.4099104446,249.633697635295,262.64881554342,262.64881554342,267.893326254701,267.893326254701,271.424771030832,271.424771030832,275.225580712055,275.225580712055,275.225580712055,275.433415013119,282.072475300756,282.072475300756,290.413248923772,290.413248923772,291.597331286355,291.797141230862,294.035417486794,294.035417486794,295.495696362286,295.736726716363,299.026137677128,309.556213291202,309.556213291202,311.314959076737,311.947782839792,313.854002277721,315.269723496351,315.269723496351,404.157191579266,404.157191579266,409.635072030898,411.300280749504,411.664811517257,412.473295915068,420.333386432466,423.15898355923,491.713886758656,500.801632866573,501.787376450974,502.208694801133,502.515494240937,503.772194104488,504.195892334114,504.671980294435,505.053761527355,505.053761527355,505.966837338911,505.966837338911,513.306833045382,513.306833045382,513.560706032509,514.88494224476,516.993398944211,518.518142007396,521.153106341269,612.741446560574,616.761496186284,616.761496186284,9.33609324445696,8.44491761468977,3.95276149256466,6.7718033819686,90.7070766058159
2005-08-16,234.710156163418,234.710156163418,234.710156163418,235.662810957421,235.755255786282,238.426020596895,241.409831910455,242.120341344821,243.251933479065,255.898218762125,255.898218762125,260.969086906911,260.969086906911,264.312398349225,264.312398349225,267.900254331043,267.900254331043,267.900254331043,268.089940720714,274.485308826281,274.485308826281,282.484273247763,282.484273247763,283.624581520924,283.806264681994,285.975917032715,285.975917032715,287.389430639499,287.622669079395,290.836288186885,301.132655716377,301.132655716377,302.860017904569,303.481699262635,305.344962528749,306.728994715155,306.728994715155,393.661283623505,393.661283623505,398.942892245178,400.55671213695,400.909438842624,401.7030486145,409.339917965711,412.132851367382,479.456849947097,488.371630864473,489.364827626488,489.794814159495,490.10883189727,491.340823892824,491.77864276533,492.266423068767,492.661203137107,492.661203137107,493.568019285618,493.568019285618,500.969698417094,500.969698417094,501.23323796462,502.577004885452,504.679201884316,506.224606291364,508.871927215018,599.854199426735,603.931522947366,603.931522947366,9.17718670232264,8.26537403097498,3.82046300768623,6.80367590955457,90.0734094241022
2005-08-17,230.022294696495,230.022294696495,230.022294696495,230.858735487194,230.942344043914,233.254227805187,236.085042962587,236.720267616613,237.729803012592,249.909837607999,249.909837607999,254.735211093699,254.735211093699,257.865722560074,257.865722560074,261.215404503475,261.215404503475,261.215404503475,261.393616128134,267.53280170888,267.53280170888,275.119974930192,275.119974930192,276.194821488491,276.36731447094,278.423411765238,278.423411765238,279.772728903285,279.995721148112,283.117330951579,293.149570059908,293.149570059908,294.815496575186,295.41823147526,297.22036093684,298.564615096558,298.564615096558,383.690467909688,383.690467909688,388.832427414692,390.397623756997,390.73669497783,391.511310278551,398.923288575059,401.640713574265,467.825591910418,476.507837460219,477.474436595846,477.89722262249,478.202124156505,479.404876469769,479.830613672848,480.306524628308,480.692059751461,480.692059751461,481.590606286486,481.590606286486,488.981119874581,488.981119874581,489.240152809111,490.566624500189,492.662885065816,494.181336302056,496.795822543107,587.248276874193,591.365954068411,591.365954068411,8.97946133292666,8.08678179873098,3.70178459201706,6.8106230777431,89.5558687486838
2005-08-18,226.861785476894,226.861785476894,226.861785476894,227.51398008322,227.582562895738,229.367093275665,232.003010021317,232.532528591411,233.370883132124,244.972167725719,244.972167725719,249.453005602065,249.453005602065,252.304794434643,252.304794434643,255.34108337598,255.34108337598,255.34108337598,255.508434722556,261.364513541289,261.364513541289,268.44174966821,268.44174966821,269.431324465419,269.59230136161,271.498351522775,271.498351522775,272.763528673176,272.973450020961,275.997052593031,285.736781727337,285.736781727337,287.314896960771,287.891840179463,289.605885186862,290.894231186016,290.894231186016,374.270643400739,374.270643400739,379.284474116699,380.802720628109,381.128309033569,381.883830715086,389.089720180686,391.720851824315,456.849249376012,465.298242900163,466.231385072516,466.633761342473,466.926535934217,468.100613587348,468.508439573151,468.966678678962,469.336929289136,469.336929289136,470.227311056613,470.227311056613,477.576037723085,477.576037723085,477.825417115224,479.117764034253,481.208383856785,482.686335096202,485.253325992471,575.257797726032,579.400615044545,579.400615044545,8.75936341698867,7.91392282442278,3.59705709006352,6.79173297985032,89.1444522213486
2005-08-19,226.776310515763,226.776310515763,226.776310515763,227.067365476585,227.106796904381,227.878639488884,230.194737052711,230.52696363251,231.056598280063,241.837972493532,241.837972493532,245.780088577502,245.780088577502,248.223966512159,248.223966512159,250.755235323285,250.755235323285,250.755235323285,250.922997681634,256.484626367393,256.484626367393,262.774663088079,262.774663088079,263.632960717593,263.776584631759,265.457292071245,265.457292071245,266.600081941614,266.791357378826,269.701859609278,279.09690507683,279.09690507683,280.549413916322,281.090810955497,282.678011635519,283.887015307197,283.887015307197,365.555162267301,365.555162267301,370.425531850131,371.890354106649,372.199009575457,372.931959798753,379.938715594046,382.476887643345,446.676131088561,454.889788869613,455.780470604296,456.162412536314,456.439291586558,457.583979845975,457.967885982494,458.403024187014,458.752760099084,458.752760099084,459.635108289399,459.635108289399,466.910188232273,466.910188232273,467.146379383858,468.393436387867,470.478130357475,471.904654328668,474.413070266577,564.045695887555,568.200050267773,568.200050267773,8.53705074687429,7.74257859295572,3.50211452564611,6.74929950919676,88.8218514627585
2005-08-20,231.016354813213,231.016354813213,231.016354813213,231.03952089646,231.05410157592,230.482641869988,232.692381425166,232.854844012985,232.937089949873,242.616558319126,242.616558319126,245.526122558334,245.526122558334,247.175969367028,247.175969367028,248.72335306786,248.72335306786,248.72335306786,248.882318977365,254.120166622535,254.120166622535,259.096758552997,259.096758552997,259.698281752821,259.819083824492,261.127871702906,261.127871702906,262.233567860498,262.405966480232,265.434107976429,274.38610787703,274.38610787703,275.554741687788,276.037226903215,277.510320951864,278.623729376125,278.623729376125,359.799605851422,359.799605851422,365.186684171211,366.683972231174,366.896515879035,367.529994746192,374.309593913534,376.518074325412,440.050702983822,447.804718055467,448.514711751431,448.810408001822,449.020083660573,450.122533260076,450.403625991187,450.74614245881,451.010948551334,451.010948551334,451.882982839254,451.882982839254,458.965624936207,458.965624936207,459.14751511007,460.231199933624,462.306986648746,463.56658488638,465.910386762462,555.124599583684,559.239269219894,559.239269219894,8.3892312532048,7.65686770743257,3.41499353582947,6.68751139721836,88.5641182202906
2005-08-21,243.342814595292,243.342814595292,243.342814595292,242.98683668412,242.948513630711,240.148589158487,242.092688920657,241.83906593475,241.10455098685,250.414482438364,250.414482438364,251.819689862792,251.819689862792,252.301071821023,252.301071821023,251.894643468971,251.894643468971,251.894643468971,252.17202517835,257.611709163972,257.611709163972,259.900612273598,259.900612273598,259.929313390618,260.050466352294,260.626223432643,260.626223432643,261.669567178189,261.810223947829,265.465153463499,274.04526148114,274.04526148114,274.664258162682,275.146349896477,276.528395772436,277.54925669409,277.54925669409,361.240912676901,361.240912676901,368.515728825624,370.504961737804,370.570306184154,371.039576742334,379.132293407558,380.720307065211,463.073676548486,469.724150344892,469.124092309037,468.921252067674,468.65562059841,469.661732097425,469.034756857758,468.560995551285,468.098437846709,468.098437846709,468.933468380772,468.933468380772,474.787483476904,474.787483476904,474.483146415201,474.16530955838,476.203851095146,476.076876249677,477.137773570761,564.783814903694,568.4088835933,568.4088835933,9.49889940947456,8.01819713376101,4.0062942176809,6.63359280157412,88.345491918055
2005-08-22,262.745440928123,262.745440928123,262.745440928123,261.318036583788,261.203771315397,255.491844826317,256.383533360838,255.436929442235,253.76664433486,262.880111641982,262.880111641982,263.175367133647,263.175367133647,262.272076007653,262.272076007653,259.955422398309,259.955422398309,259.955422398309,260.109930506018,264.916011046647,264.916011046647,264.646820074368,264.646820074368,264.075870772616,264.078491724183,263.392353395997,263.392353395997,263.535400700638,263.589529137796,267.155829321451,275.16252852788,275.16252852788,275.287678283504,275.50057584413,275.854018695368,276.337014732958,276.337014732958,355.030992491474,355.030992491474,361.50799245606,363.435909074858,363.7000050871,364.417016483506,372.411241894387,374.684385301022,476.002794812172,483.057390206967,482.626717394326,482.347277951897,482.100090635365,483.1154971726,482.653258719284,482.310774919997,481.920292490858,481.920292490858,482.753661719451,482.753661719451,488.617679827771,488.617679827771,488.347361595317,488.055475541941,490.086779797729,489.894257590905,490.805883469298,577.9995072322,581.522006345213,581.522006345213,11.0130170836886,8.19215137670846,4.57648714947612,6.53682791401675,88.1436816330595
2005-08-23,287.57274079379,287.57274079379,287.57274079379,285.266114526206,285.101143633511,276.790684111767,276.840410482205,275.345812253436,272.779236011629,281.101320758933,281.101320758933,279.957503370348,279.957503370348,277.369213191343,277.369213191343,272.990674628207,272.990674628207,272.990674628207,272.993090961916,276.636527771657,276.636527771657,273.346172774712,273.346172774712,272.18899098667,272.07597735089,270.215007272556,270.215007272556,269.542242325136,269.491330511342,272.726449085113,279.980447074694,279.980447074694,279.435851347792,279.463188992364,279.02605106826,278.998597497983,278.998597497983,354.676171064,354.676171064,359.680276635896,361.317498512019,361.452622184648,362.05462943378,369.660988294356,371.617648454458,481.400132000767,489.366295137108,489.290204379068,489.191403681574,489.08601869407,490.126937672976,489.889244754317,489.747221381192,489.545530723343,489.545530723343,490.380953438849,490.380953438849,496.451670855634,496.451670855634,496.304131248531,496.357847343503,498.388315473717,498.529630897518,499.728935349472,587.029077267593,590.654610108032,590.654610108032,11.9879739672163,8.4070879602885,5.12788986649948,6.44778904565148,87.9436622388988
2005-08-24,315.788557508849,315.788557508849,315.788557508849,313.099812001767,312.905887578004,303.001941131259,302.421207137933,300.539795474982,297.289702282105,304.535287815467,304.535287815467,302.085311895011,302.085311895011,298.016900788297,298.016900788297,291.633141338242,291.633141338242,291.633141338242,291.542569029512,293.901889090728,293.901889090728,287.10797415812,287.10797415812,285.261789192147,285.058794718897,281.900829731481,281.900829731481,280.49452845635,280.332875076456,283.152981572622,289.483928050919,289.483928050919,288.107454477406,287.910927268822,286.584054444001,285.992733261221,285.992733261221,359.319488858175,359.319488858175,363.33942701782,364.621589556697,364.605430541091,365.060345239321,372.165810176225,373.623464750556,484.127823389716,492.796760818765,492.886338161664,492.872872958584,492.836282075541,493.876137119052,493.755414809964,493.721169652366,493.625838710286,493.625838710286,494.460222219007,494.460222219007,500.625237715631,500.625237715631,500.553544007624,500.832831626935,502.85856360411,503.239650265327,504.666460634704,592.0507981377,595.770056206715,595.770056206715,12.3022512953354,8.61652234318754,5.66334513194354,6.36421691787437,87.7396391540435
2005-08-25,344.829448452173,344.829448452173,344.829448452173,342.138254830835,341.945487036069,331.57766947348,330.893386131132,328.891993722278,325.336458123167,332.007740127181,332.007740127181,328.666554988713,328.666554988713,323.601315909607,323.601315909607,315.643545499835,315.643545499835,315.643545499835,315.489374318913,316.66740192466,316.66740192466,306.628602168829,306.628602168829,304.038298747241,303.795529062431,299.277080122018,299.277080122018,297.09934714612,296.819088983721,299.181958618555,304.664894453915,304.664894453915,302.38371380402,302.02213636512,299.830992488092,298.625628103493,298.625628103493,371.318157487394,371.318157487394,374.402347450872,375.238836563575,375.022300010379,375.280705990868,381.715581009352,382.509281036119,491.050137223349,499.807484983282,499.71572095559,499.619011793468,499.518719147359,500.517628931543,500.305462425605,500.19257719189,500.028649657454,500.028649657454,500.855101969368,500.855101969368,506.84126628264,506.84126628264,506.730887649676,506.9030158483,508.915901902403,509.203803493167,510.549764622561,597.686834518567,601.371863228918,601.371863228918,12.4024257001716,8.99345460083812,6.10373419226124,6.28932398361458,87.534660010348
2005-08-26,370.47655500717,370.47655500717,370.47655500717,368.132513904157,367.965427038559,358.501343303472,357.889083080429,356.000230333377,352.614957079205,359.036273930214,359.036273930214,355.673772595822,355.673772595822,350.367204544493,350.367204544493,341.807424624487,341.807424624487,341.807424624487,341.632515315453,342.099681019298,342.099681019298,329.850265956002,329.850265956002,326.780295483179,326.419930623107,320.840419242722,320.840419242722,318.068646652509,317.699774934656,319.642878710842,324.362008127128,324.362008127128,321.241060338777,320.584767945225,317.348879199544,315.538154436158,315.538154436158,386.176212181289,386.176212181289,388.531540572827,389.129502262303,388.823261452547,388.989861439072,395.028602279756,395.435055667338,502.025008028058,510.754582860504,510.442870475544,510.24259597336,510.060511407698,511.012563488228,510.671974554195,510.442214740776,510.169187147198,510.169187147198,510.986226773484,510.986226773484,516.745537624392,516.745537624392,516.562500172713,516.510334070432,518.506930725346,518.566686249255,519.689058591148,606.413484405574,609.993079966633,609.993079966633,11.9936544365928,9.29480338343042,6.39294793159105,6.22932846398971,87.3381937289949
2005-08-27,391.766839244518,391.766839244518,391.766839244518,390.038337239707,389.917838202098,382.108531304289,381.981764291414,380.444016101008,377.552617532994,384.939604616635,384.939604616635,382.105398403222,382.105398403222,377.329159893094,377.329159893094,368.913068419442,368.913068419442,368.913068419442,368.835919009101,369.640398441955,369.640398441955,356.200236989059,356.200236989059,352.793354002674,352.391980519243,346.089908661127,346.089908661127,343.009738893357,342.583402143328,344.373660751727,348.633988741778,348.633988741778,344.789555304314,343.92995936073,339.869440143336,337.539976367443,337.539976367443,407.009173126645,407.009173126645,409.020113151713,409.450854727632,409.059554534528,409.109591112191,415.963930000445,415.962719997184,522.186141596113,530.813463424606,530.06448850181,529.640794992469,529.278002065325,530.156616940408,529.529212825649,529.041767817255,528.528008901501,528.528008901501,529.330643277656,529.330643277656,534.695709716631,534.695709716631,534.430515443451,534.008951900604,536.122984003175,535.85422621203,537.521039736313,625.072430425083,628.884679102469,628.884679102469,12.130642200718,9.69274959102626,6.66887410114615,6.17833742729863,88.2847729947713
2005-08-28,403.921209109855,403.921209109855,403.921209109855,402.95699013567,402.90019723344,397.752734192885,398.193093772499,397.160436509939,395.152331323374,403.79848368173,403.79848368173,402.57043996402,402.57043996402,398.96923183336,398.96923183336,392.021426798879,392.021426798879,392.021426798879,391.92188553252,393.231364553996,393.231364553996,381.325704956145,381.325704956145,378.10070778414,377.716542418623,371.507193307561,371.507193307561,368.326828249657,367.894141350044,369.521416343102,374.142499637384,374.142499637384,370.100902046323,369.180431950512,364.747504020196,362.124740486266,362.124740486266,430.64249703574,430.64249703574,431.840934587949,431.980819099689,431.464629206863,431.426970487072,437.153289336637,436.932394925113,541.752518092921,550.198065678557,549.444327834274,549.020787887952,548.659150118888,549.514879711922,548.88483630027,548.38608002961,547.855980525365,547.855980525365,548.652881235475,548.652881235475,553.905804445218,553.905804445218,553.547698243121,553.005082112737,555.072638952573,554.605979524089,555.679590161793,642.570219152759,646.098113928582,646.098113928582,11.6611789729384,10.2094423826633,6.670074392337,6.14389558491535,88.0983075217742
2005-08-29,407.870166017645,407.870166017645,407.870166017645,407.689817183304,407.695659525257,405.325553501356,406.469700464056,406.004772241274,404.976077834338,414.963178071196,414.963178071196,415.558150995235,415.558150995235,413.640501535292,413.640501535292,408.899630498114,408.899630498114,408.899630498114,408.842181341045,411.091943324369,411.091943324369,402.236668847077,402.236668847077,399.569178046836,399.255392978006,393.920388124031,393.920388124031,391.16052945593,390.785693904511,392.46290326444,398.22759770642,398.22759770642,394.449914585124,393.590873977661,389.331911107075,386.776275825301,386.776275825301,455.452914051435,455.452914051435,456.388395478954,456.408437409293,455.852341575187,455.772187013963,461.112125462889,460.673254649773,564.059597665165,572.220735776475,571.347497970417,570.86703781124,570.462799360998,571.286487040328,570.589078144552,570.029289988108,569.443142037595,569.443142037595,570.233331194461,570.233331194461,575.37788890507,575.37788890507,574.980277692305,574.300774717894,576.322909825435,575.716569447789,576.582591689373,663.157691532513,666.564432394798,666.564432394798,11.1109365766689,10.8874520708431,6.53288976727148,6.12618693430389,87.9797298313786
2005-08-30,404.510210848891,404.510210848891,404.510210848891,405.029205285425,405.09080499361,405.280848456823,407.099320513498,407.1753318939,407.089711589582,418.374332797573,418.374332797573,420.74935548679,420.74935548679,420.608408440454,420.608408440454,418.336137588415,418.336137588415,418.336137588415,418.342796357427,421.732450249889,421.732450249889,416.830831565189,416.830831565189,414.957348842475,414.744871394505,410.808242844636,410.808242844636,408.783849570444,408.514759405211,410.401151862066,418.024971230814,418.024971230814,414.947722965716,414.267013290209,410.682981474518,408.520658447332,408.520658447332,478.261721261352,478.261721261352,479.372364527087,479.432416719484,478.920372040652,478.87944789712,484.130690171812,483.766798856986,585.362719153988,593.424835483461,592.599714104079,592.141042081222,591.753297600906,592.562181578389,591.888290847646,591.346277646454,590.776022161668,590.776022161668,591.562327423669,591.562327423669,596.725728878526,596.725728878526,596.335456731637,595.657532881295,597.642956703819,597.033920433108,597.831242026992,684.317517635964,687.663629102641,687.663629102641,10.5678274634275,11.720246419477,6.31976489094161,6.12499624573383,87.9120425369485
2005-08-31,395.655912210808,395.655912210808,395.655912210808,396.712909021081,396.817253642569,399.074100398642,401.445055776503,401.968629181576,402.67600696134,415.020328927679,415.020328927679,418.927976151984,418.927976151984,420.403573826177,420.403573826177,420.473385833198,420.473385833198,420.473385833198,420.545860270595,425.050293831384,425.050293831384,424.28317762524,424.28317762524,423.286732314336,423.186610235852,420.876732094111,420.876732094111,419.73082109698,419.589806266175,421.767452890018,431.703385892783,431.703385892783,429.596911976761,429.168543650405,426.597720076703,425.056243646949,425.056243646949,496.510315388441,496.510315388441,498.121360825645,498.509125398657,498.103977188313,498.161505268565,503.530092903772,503.449651815611,602.888428957606,611.007022611768,610.370250273837,610.002768766948,609.68658795051,610.496682487225,609.935076354246,609.491554942537,609.014038736603,609.014038736603,609.799658743438,609.799658743438,615.121695803465,615.121695803465,614.791011682387,614.27330452114,616.231951434066,615.783495824577,616.679649151125,703.140199836283,706.496696941209,706.496696941209,10.0548041946786,12.6927509739451,6.0655074352704,6.13954004109786,87.7139551052741
2005-09-01,383.303718577242,383.303718577242,383.303718577242,384.719035312343,384.851651195232,388.574871956247,391.336522971687,392.185723903743,393.48146769321,406.537384536542,406.537384536542,411.605339368862,411.605339368862,414.380085386714,414.380085386714,416.413238326999,416.413238326999,416.413238326999,416.54261871417,421.987419998874,421.987419998874,424.959875338022,424.959875338022,424.791672607577,424.797881708196,424.078976944184,424.078976944184,423.806433317057,423.793825447477,426.270315642545,438.679543272628,438.679543272628,437.624348925017,437.471624611351,436.045431608327,435.222103639973,435.222103639973,508.729627820924,508.729627820924,511.010379060365,511.485240018008,511.231023874397,511.433806631065,517.083464728137,517.47220845454,614.461338678435,622.761528519183,622.418328484168,622.194362295832,621.991406807712,622.816145976383,622.434665861295,622.151874916971,621.826894082782,621.826894082782,622.614330944203,622.614330944203,628.208185183784,628.208185183784,627.978713665226,627.74899095658,629.689175009487,629.535883618132,630.675432045316,716.84242740438,720.277387653918,720.277387653918,9.58301485244641,13.7629089114902,5.78713913483407,6.16908136305618,87.07053858718
2005-09-02,369.223135144774,369.223135144774,369.223135144774,370.833017035643,370.980728140239,375.592275368669,378.583272767022,379.636693997211,381.3121340713,394.715923518508,394.715923518508,400.537626263153,400.537626263153,404.233950771823,404.233950771823,407.735445764001,407.735445764001,407.735445764001,407.908075878147,414.043594473718,414.043594473718,420.023264093954,420.023264093954,420.549292082975,420.644719932477,421.299117045014,421.299117045014,421.789332254763,421.88938714484,424.630388896656,439.436621385487,439.436621385487,439.358950236629,439.464277725119,439.134475865107,439.009911507978,439.009911507978,514.61041006886,514.61041006886,517.602549935782,518.323784072129,518.217949973751,518.563838070539,524.506819423254,525.376823401969,619.660787378833,628.152907291691,628.126837056781,628.059119396403,627.979921800925,628.822960088116,628.640561618891,628.536972252405,628.38320166962,628.38320166962,629.173284431257,629.173284431257,635.085890717308,635.085890717308,634.972145325805,635.078325416732,637.004316676972,637.200326616528,638.645972375673,723.827396645649,727.379910951008,727.379910951008,9.15805893906852,14.8861767751085,5.5010971129526,6.21232581144611,85.6384618260394
2005-09-03,354.744407875719,354.744407875719,354.744407875719,356.420153650454,356.572612600781,361.595094265542,364.679192321153,365.837835057333,367.712306750267,381.143319491847,381.143319491847,387.354671179354,387.354671179354,391.610670277004,391.610670277004,396.07890688343,396.07890688343,396.07890688343,396.280335217309,402.842587830552,402.842587830552,410.980555155231,410.980555155231,412.029536568016,412.192176843469,413.912182873438,413.912182873438,414.99992437702,415.188557076458,418.125717458855,435.10694720696,435.10694720696,435.84064790229,436.160958380925,436.763983639789,437.241366531545,437.241366531545,514.758794393019,514.758794393019,518.394211633074,519.344496454081,519.377272862955,519.856048326463,526.074356116005,527.398173117008,618.812343312184,627.464958547659,627.740215256984,627.821658962298,627.860688430447,628.721119971299,628.729921551368,628.799049620318,628.810892302204,628.810892302204,629.603459944262,629.603459944262,635.841704613451,635.841704613451,635.840880700513,636.277479365583,638.192351184392,638.734403835491,640.491631982692,723.687383859668,727.368505730283,727.368505730283,8.77566375707558,16.0249226014861,5.21671124636809,6.26982461813167,83.184709235898
2005-09-04,340.719980170734,340.719980170734,340.719980170734,342.373776491968,342.523929040014,347.611533844607,350.688804592333,351.868595043455,353.806733609464,367.024803819848,367.024803819848,373.338552305605,373.338552305605,377.854735458982,377.854735458982,382.856349191996,382.856349191996,382.856349191996,383.073848747971,389.829174190643,389.829174190643,399.320873921875,399.320873921875,400.721718433743,400.929524491603,403.392793729035,403.392793729035,404.90229391754,405.153426935886,408.218511612463,427.082224920027,427.082224920027,428.42326492431,428.904785185169,430.223896548143,431.16892302806,431.16892302806,510.256519553253,510.256519553253,514.404893946746,515.543050302585,515.690604776609,516.278315716145,522.70985051724,524.411062450368,612.850160088565,621.591990286408,622.125346476304,622.334875358456,622.475702440453,623.349795560732,623.524043654971,623.742935179042,623.898881125137,623.898881125137,624.693122947995,624.693122947995,631.243126514819,631.243126514819,631.34107814466,632.067710017935,633.974347456412,634.821629066516,636.856205827063,716.982191061992,720.780084420606,720.780084420606,8.43265995501766,17.1477722406317,4.93658783303032,6.34745001690278,79.6836066058085
2005-09-05,328.44728660459,328.44728660459,328.44728660459,330.02898667907,330.167354069197,334.970045600605,337.908872283761,339.017431120586,340.858033223765,353.899302417595,353.899302417595,360.020711529445,360.020711529445,364.525785279858,364.525785279858,369.591304293504,369.591304293504,369.591304293504,369.841816698732,376.686956486758,376.686956486758,386.625731266617,386.625731266617,388.194148209015,388.423409634967,391.287001997616,391.287001997616,393.03093532611,393.316953985692,396.430984611224,416.846350555697,416.846350555697,418.575119464137,419.159866677321,421.356814875848,422.976749233949,422.976749233949,507.285893054294,507.285893054294,512.594372304087,513.905602075333,514.029834351355,514.582593362614,521.232628060988,522.870821475982,608.066752456143,616.554719819034,617.152244477196,617.481867063185,617.666702698817,618.570774148127,618.806060839187,619.08999526678,619.374963078128,619.374963078128,620.199998185257,620.199998185257,627.400060198776,627.400060198776,627.547533905028,628.332522445827,630.360094382948,631.458067402387,633.917441197301,709.914248053935,713.90107602462,713.90107602462,8.42185301472588,18.2331688738829,4.67273353659154,6.94370643108388,75.415657168497
2005-09-06,316.584247188047,316.584247188047,316.584247188047,318.057296174686,318.192774468495,322.772063878493,325.649061077044,326.728619670114,328.51400126746,341.26453305533,341.26453305533,347.269294844712,347.269294844712,351.669433880266,351.669433880266,356.694350802375,356.694350802375,356.694350802375,356.923326142365,363.776313270986,363.776313270986,373.947163577255,373.947163577255,375.558537958297,375.808450968988,379.028687805753,379.028687805753,381.080637084162,381.394682999897,384.806956372877,407.039399381593,407.039399381593,408.971832539631,409.779176682153,412.317378770585,413.982709306908,413.982709306908,502.4582766092,502.4582766092,509.151494594868,511.286471261915,512.430714787784,513.353507083437,527.403396223854,530.578318655455,619.160135772464,634.459027869005,641.688030484687,649.340950446971,653.397123410841,661.848729238669,664.757780539564,667.07767027373,674.914836940376,674.914836940376,677.365996199101,677.365996199101,786.309230795957,786.309230795957,789.747960817674,794.369411027218,839.525946523315,842.018654299646,850.52601927182,928.354160499273,1097.95280028313,1097.95280028313,8.2379117577574,19.826453903189,5.64517762142828,112.143291767321,76.2749926248472
2005-09-07,305.757684654266,305.757684654266,305.757684654266,307.128867690169,307.255788338351,311.539575255471,314.301003298476,315.324065687637,317.019216804607,329.360461257888,329.360461257888,335.157955942578,335.157955942578,339.365284642554,339.365284642554,344.226834723994,344.226834723994,344.226834723994,344.44527708663,351.03870545454,351.03870545454,361.190738279588,361.190738279588,362.825819344035,363.063239896562,366.179221444818,366.179221444818,368.10735040081,368.426151935367,371.800588759355,395.244345263238,395.244345263238,397.319765779569,398.020187545962,400.336806141858,401.983314911662,401.983314911662,488.715192157848,488.715192157848,495.173348899963,496.985697747375,497.424670511944,498.350802700519,511.118490483515,514.68283296871,597.089906859385,614.846371986226,616.768297687668,617.868172003841,618.878068906118,627.961461497162,629.075910589341,631.093789248741,632.251582816637,632.251582816637,634.779164827715,634.779164827715,812.464667554345,812.464667554345,813.334381220261,817.163700505382,870.861859186841,873.505090077385,878.983362241391,949.260651584749,1232.80162798361,1232.80162798361,8.02534934397173,20.8927522004981,5.62676090229921,178.717047846713,71.4832541246012
2005-09-08,295.742117275878,295.742117275878,295.742117275878,297.031869927619,297.151789277374,301.168354323824,303.827525251104,304.793146691376,306.391895279198,318.346364756561,318.346364756561,323.905664078958,323.905664078958,327.902981646218,327.902981646218,332.534339525461,332.534339525461,332.534339525461,332.743081927543,339.092181502283,339.092181502283,348.93522822149,348.93522822149,350.535103543411,350.767401836425,353.808588660471,353.808588660471,355.681636142668,355.99143307419,359.2993852799,383.686194182619,383.686194182619,385.761391164655,386.45692312132,388.741044911623,390.357409453624,390.357409453624,476.558813754571,476.558813754571,482.623414581075,484.312291421299,484.958907611898,485.994918318998,499.460568338214,503.553318752769,585.220038501818,606.567402445274,608.468165873351,610.0198382209,612.836948306486,631.635742057931,632.272401815419,634.719644121344,635.078808695973,635.078808695973,637.981503467586,637.981503467586,944.863238726863,944.863238726863,946.30140343126,947.515708630822,1074.67545088874,1072.03057227223,1079.87044921831,1171.51677262416,1761.04402982521,1761.04402982521,7.85121761168492,21.8602283014027,5.88400070028191,310.612584125388,73.5237577924599
2005-09-09,286.505894312146,286.505894312146,286.505894312146,287.721555015272,287.834711428375,291.597228509202,294.177857296774,295.087747515365,296.591811455275,308.661673613755,308.661673613755,313.88052194804,313.88052194804,317.591595377681,317.591595377681,321.887673704256,321.887673704256,321.887673704256,322.08535479629,328.150396519343,328.150396519343,337.500360668637,337.500360668637,339.020328638207,339.255099310996,342.158400056405,342.158400056405,343.953785351417,344.251131864311,347.473531241118,372.659791756807,372.659791756807,374.674296818885,375.345624030799,377.561230338898,379.142358649557,379.142358649557,465.160992008715,465.160992008715,470.936441861229,472.528979603236,472.899822883868,473.77558732385,485.951052421615,489.891201820105,566.805500837324,589.16843587729,590.773104214766,591.577542507931,593.344966661888,610.629796787702,611.478393951905,613.849359581684,614.438843048186,614.438843048186,617.140973858363,617.140973858363,912.774974623228,912.774974623228,915.263048012288,922.53529787493,1065.93717895222,1070.04163357583,1080.95286059056,1150.97711556739,1727.24711741505,1727.24711741505,8.10228623444024,22.7512223613483,5.71373487320556,294.426792595124,68.9059456003103
2005-09-10,284.290135111278,284.290135111278,284.290135111278,285.552609292923,285.638755514027,288.375838632143,290.963578599345,291.67790089864,292.66620909193,305.267037785861,305.267037785861,309.367171160403,309.367171160403,312.417909515361,312.417909515361,315.525527964443,315.525527964443,315.525527964443,315.838873272293,322.024875574527,322.024875574527,329.502659963972,329.502659963972,330.642298336291,330.860259751839,333.234230941144,333.234230941144,334.926656235836,335.194226729321,338.528726675622,364.394826293607,364.394826293607,366.070843428022,366.694554456892,368.712163991615,370.143037897606,370.143037897606,456.837350426171,456.837350426171,462.954276488398,464.43312377142,464.800200237871,465.624482003917,477.45287288678,481.316715836051,558.398813776447,581.567956452388,582.891736439599,583.624923521197,585.175069959112,599.619047022997,600.251313618795,602.245805684772,602.735199407294,602.735199407294,605.209600871579,605.209600871579,852.558157800865,852.558157800865,855.022538533677,863.496977875429,1000.16766180534,1006.58869575539,1019.77391468649,1088.52415042527,1564.60753566969,1564.60753566969,9.4117192082866,23.8823706776737,5.85728661991905,245.029813337223,65.1640579304649
2005-09-11,285.543437191841,285.543437191841,285.543437191841,286.410361252524,286.467535380447,287.846932586635,289.90294983965,290.282753733199,290.800726669589,305.484695756816,305.484695756816,309.483990083446,309.483990083446,312.188914818084,312.188914818084,314.00149777806,314.00149777806,314.00149777806,314.701226138308,321.786243054639,321.786243054639,326.603970490176,326.603970490176,327.111412199926,327.243566406662,328.670612246764,328.670612246764,330.018808413597,330.231157764079,333.821949190572,360.246168980193,360.246168980193,361.373620682398,361.900001847031,363.285284563553,364.264730187285,364.264730187285,451.491589833208,451.491589833208,458.040667151904,459.614029646906,459.841959627343,460.549674847526,472.414661283294,475.985766862615,556.119068686011,578.874547746995,579.806242292194,580.238727315471,581.434102132892,593.51392090563,594.017656932271,595.739180025054,596.001011265822,596.001011265822,598.293643922981,598.293643922981,797.039979073152,797.039979073152,799.165773560101,807.238414573256,931.301427854545,937.933364774975,951.429843265282,1018.31011711244,1395.65923774647,1395.65923774647,11.8518178464744,25.1979456548138,6.08557312307002,196.489916581734,62.841607572416
2005-09-12,285.478397865253,285.478397865253,285.478397865253,285.885331132874,285.944307798296,286.581801702749,288.427534135687,288.716031019566,289.113498385424,304.099421267891,304.099421267891,308.523222085726,308.523222085726,310.631577952126,310.631577952126,311.944594942132,311.944594942132,311.944594942132,312.2140217691,318.907410849897,318.907410849897,323.58740190363,323.58740190363,324.01294952247,324.094741751475,325.033678318344,325.033678318344,325.830677468865,325.996492925584,329.386949667741,356.371965814573,356.371965814573,357.269047558449,357.655148013119,358.711255957413,359.553983552883,359.553983552883,446.270702883053,446.270702883053,451.693405195541,453.239381553543,453.465867761272,454.188353677116,464.425726342635,467.980085144218,550.502814687419,572.289230540649,573.312656200916,573.818974580822,574.932708837677,585.297682905199,585.769562721897,587.372846851156,587.677678830918,587.677678830918,589.755488198319,589.755488198319,748.696378762628,748.696378762628,750.435475165572,757.740758523475,867.066312712529,873.272634820534,886.029348807939,951.876996247645,1251.28296818418,1251.28296818418,11.9888902402276,26.0785776027039,5.97370978034597,156.985413224505,61.9907327605021
2005-09-13,285.636956434765,285.636956434765,285.636956434765,285.933101917791,285.984716991779,286.258675572933,287.908840670854,288.106165013883,288.371905175184,302.815901936537,302.815901936537,307.414824253837,307.414824253837,309.34815911972,309.34815911972,310.448108260819,310.448108260819,310.448108260819,310.604109140568,316.84380780664,316.84380780664,321.076138264228,321.076138264228,321.433148748665,321.504928781951,322.233382183268,322.233382183268,322.863092046352,323.000953481247,326.249078180817,353.74374334579,353.74374334579,354.424739090006,354.745568845476,355.542598522198,356.221648837365,356.221648837365,442.204097473671,442.204097473671,447.195443972979,448.62014116233,448.801482139122,449.475738657955,458.883004314935,462.184645007967,545.507327661239,566.256719946906,567.249361115998,567.742512727803,568.719655296147,577.775117478128,578.160947619737,579.654159642868,579.93384973694,579.93384973694,581.832364818075,581.832364818075,710.757518055973,710.757518055973,712.154643523616,718.541646162634,813.956209674748,819.544476713082,831.446072772707,897.41245982724,1138.29219068869,1138.29219068869,11.6056300993643,26.8650708345561,5.78146635148089,127.354950408441,62.7237241011946
2005-09-14,284.581462139323,284.581462139323,284.581462139323,284.956211480084,285.014620820525,285.46835163111,287.080261260531,287.288938139062,287.563344450771,301.344967737225,301.344967737225,306.006911838319,306.006911838319,307.902686906774,307.902686906774,308.983300643776,308.983300643776,308.983300643776,309.10470992898,315.009918615754,315.009918615754,318.943988843751,318.943988843751,319.248493702589,319.312990864429,319.919104470057,319.919104470057,320.467551196952,320.590966822432,323.70892087755,351.776744783326,351.776744783326,352.327490181168,352.608988347783,353.243808104387,353.811536094546,353.811536094546,439.240417546012,439.240417546012,443.890097679363,445.206797789789,445.355308968409,445.991318946639,454.737582691108,457.837444167782,540.695597599222,560.304394102614,561.289356881742,561.774223823418,562.641090103803,570.675823878262,570.999249896298,572.385676737188,572.645783988035,572.645783988035,574.397019200982,574.397019200982,680.942086035237,680.942086035237,682.074639614815,687.671147870728,770.859008943239,775.874062879181,786.970111448137,854.258266037656,1051.33900087877,1051.33900087877,11.041631841704,27.582671185042,5.55803332741137,105.287333906907,64.6627272061814
2005-09-15,282.374431548819,282.374431548819,282.374431548819,282.849002368067,282.915420131466,283.731407324342,285.381098487921,285.652945744537,286.028000948119,299.213593420716,299.213593420716,303.909486794479,303.909486794479,305.888209701185,305.888209701185,307.109644569408,307.109644569408,307.109644569408,307.222468720772,312.909844976957,312.909844976957,316.811308721081,316.811308721081,317.11010488974,317.173306361799,317.744931796042,317.744931796042,318.263717411242,318.38078609809,321.376960127802,350.037561642772,350.037561642772,350.532921140485,350.795864611118,351.353273977935,351.863531713768,351.863531713768,436.89068873177,436.89068873177,441.291868008556,442.52001765729,442.647886497715,443.257265529678,451.467512847345,454.399377095477,536.459058861366,554.863116245185,555.814409747474,556.280982762707,557.051350089841,564.263590994187,564.536172849167,565.818201086051,566.054608379936,566.054608379936,567.68378226094,567.68378226094,657.453218567171,657.453218567171,658.378200619553,663.310088847683,736.155862300623,740.667039305714,751.035689327521,820.3390768096,984.236632046521,984.236632046521,10.430713496717,28.2245952537971,5.316192849642,88.7628532525024,67.2023054974115
2005-09-16,281.443802597806,281.443802597806,281.443802597806,281.989651044303,282.058665415614,282.865087494244,284.688122504847,285.028304780494,285.417161892494,298.015511081029,298.015511081029,302.421552424865,302.421552424865,304.325328641745,304.325328641745,305.463162109698,305.463162109698,305.463162109698,305.597795483611,311.176461528896,311.176461528896,314.871009860472,314.871009860472,315.147552386181,315.221340187105,315.818262835576,315.818262835576,316.341415017446,316.454235281809,319.373262781392,348.817478750336,348.817478750336,349.29625717997,349.618394200401,350.193335709082,350.628783358897,350.628783358897,436.933488449467,436.933488449467,441.118416183749,442.211847722267,442.278308034512,442.821692911735,450.466595083297,453.118093896425,534.747218454697,551.81837136247,552.639747772578,553.041742822307,553.69479476324,560.216773409294,560.397871285173,561.538903555734,561.709663754807,561.709663754807,563.237327669499,563.237327669499,640.216399819466,640.216399819466,640.954245159289,645.258687952035,709.503268052305,713.517677009788,723.170121731846,794.471248643118,932.768762384618,932.768762384618,10.0203716455386,29.0338499033053,5.06510936635804,76.2309668364664,69.6751086378523
2005-09-17,279.078298338242,279.078298338242,279.078298338242,279.598063520358,279.66745231819,280.668868868336,282.383186390158,282.721050564718,283.191712101034,295.398852567908,295.398852567908,299.932387600213,299.932387600213,301.954441092477,301.954441092477,303.268673048607,303.268673048607,303.268673048607,303.388423008386,308.816323208278,308.816323208278,312.658594486823,312.658594486823,312.964482281194,313.02795813261,313.610740113314,313.610740113314,314.127797904575,314.241889676231,317.060678191488,347.056307260872,347.056307260872,347.54817894841,347.814012049034,348.359052696079,348.844885449849,348.844885449849,435.446144146362,435.446144146362,439.557735410505,440.656118298317,440.75047949605,441.313160883227,448.68760489977,451.293794680303,532.990896515337,548.974731646136,549.770930647506,550.157021107876,550.742361762389,556.696798845777,556.849525852823,557.906357734865,558.056250567489,558.056250567489,559.502095521237,559.502095521237,626.679756376756,626.679756376756,627.289287023657,631.133753330836,688.247938769292,691.894117892457,700.944426016229,773.839567234481,892.065268487378,892.065268487378,9.57462293810753,29.5534214055361,4.80997260354201,66.5842598521784,71.5828014225616
2005-09-18,276.702034848801,276.702034848801,276.702034848801,277.203697140512,277.271298035593,278.326328866262,279.992641991038,280.329073941864,280.820371094769,292.529431140694,292.529431140694,297.044757311245,297.044757311245,299.233943449897,299.233943449897,300.799054687541,300.799054687541,300.799054687541,300.914150685297,306.287299518094,306.287299518094,310.406163546695,310.406163546695,310.725079432539,310.801077134647,311.420129009634,311.420129009634,312.044095114115,312.165357689503,315.041741998524,345.460362915545,345.460362915545,345.931266904772,346.189457046534,346.712249710472,347.181024591711,347.181024591711,434.090998445184,434.090998445184,438.434384282822,439.506609284692,439.596061195931,440.143171199233,447.300261843023,449.797303856702,532.120648873318,547.148131370107,547.928931399814,548.349517151418,548.898873000519,554.404164860604,554.59305531484,555.635831128367,555.783075353273,555.783075353273,557.227493944637,557.227493944637,616.882891396877,616.882891396877,617.37588179576,620.899162897898,672.086361204312,675.99760658472,684.708010478084,759.009768194548,861.185719792717,861.185719792717,9.16829164738927,29.9673663554166,4.65461914732705,59.0857043509652,73.3493866264362
2005-09-19,273.840593602788,273.840593602788,273.840593602788,274.375547441329,274.445321565719,275.636035997385,277.291185099153,277.64742822753,278.177303408549,289.446514364116,289.446514364116,293.80702648802,293.80702648802,295.967609798954,295.967609798954,297.633718590871,297.633718590871,297.633718590871,297.752973169981,302.994639247511,302.994639247511,307.381873797549,307.381873797549,307.791690489049,307.86762026415,308.609932426635,308.609932426635,309.214166131117,309.341320189992,312.149203284649,343.015455056015,343.015455056015,343.598163377252,343.878822101066,344.496141141212,345.021555566515,345.021555566515,432.4581053816,432.4581053816,436.507078074199,437.589925680933,437.691102994463,438.249341716339,445.184143625533,447.641456585694,530.234876538534,544.42800301754,545.198290306596,545.56934518069,546.069672384335,551.177012367958,551.323570247607,552.266012548064,552.409551244138,552.409551244138,553.794776946124,553.794776946124,607.359709109143,607.359709109143,607.807988707813,611.136685182767,657.349174506722,660.702474563121,669.25105275758,744.265426178231,833.556876741891,833.556876741891,8.79436731027863,30.2647647209192,4.49387169866043,53.1413916149468,74.0601484805728
2005-09-20,270.129748132253,270.129748132253,270.129748132253,270.743505101605,270.818969029317,272.27453197229,273.961811874438,274.36574710568,274.975304443906,285.922671427824,285.922671427824,290.220656782802,290.220656782802,292.416894467926,292.416894467926,294.177956771768,294.177956771768,294.177956771768,294.298831624627,299.430293733689,299.430293733689,303.964553170259,303.964553170259,304.434009693271,304.51709419105,305.373235890189,305.373235890189,306.026401285103,306.159350277014,308.913013245416,340.091313854652,340.091313854652,340.757379695466,341.057972753776,341.770114260246,342.354154494531,342.354154494531,430.389641222986,430.389641222986,434.364954091785,435.429022805352,435.535425407047,436.092896295768,442.817723804724,445.212682733198,527.862404445087,541.314424073647,542.0947259095,542.467818541357,542.935322259493,547.698859208692,547.843750593863,548.743435316519,548.890444147057,548.890444147057,550.223326982072,550.223326982072,598.995521267929,598.995521267929,599.390980337285,602.495682704053,644.478829725946,647.603015705964,655.868970237764,730.636763297938,809.341117188472,809.341117188472,8.44950284758564,30.46929051066,4.32574766328954,48.3978760008382,73.8789619709246
2005-09-21,265.377515070415,265.377515070415,265.377515070415,266.097998784417,266.181287808756,268.000907480407,269.754901795673,270.22931556448,270.956406015242,281.70364494458,281.70364494458,286.019398684242,286.019398684242,288.326161389166,288.326161389166,290.256232242527,290.256232242527,290.256232242527,290.381235140958,295.45400115503,295.45400115503,300.173685061442,300.173685061442,300.697314928154,300.786997422218,301.748367009984,301.748367009984,302.454714875113,302.594193798706,305.293552644403,336.691528981754,336.691528981754,337.437459007711,337.75719238325,338.560061728291,339.200719751332,339.200719751332,427.821760751416,427.821760751416,431.756636919786,432.812101230335,432.929011738018,433.490228012565,440.038364948851,442.38941058707,524.765489050011,537.557385471343,538.362218589095,538.745285638107,539.191293925585,543.649459912722,543.806974846386,544.679926353286,544.842409734017,544.842409734017,546.132484983217,546.132484983217,591.061159701395,591.061159701395,591.42234339554,594.349991530855,632.711694814972,635.67406352556,643.664166684182,717.448633300362,787.381555556518,787.381555556518,8.13488856924597,30.5798745620144,4.15063122597415,44.5716171254979,72.9180394749802
2005-09-22,259.555796134072,259.555796134072,259.555796134072,260.392778910389,260.484613756039,262.715238138239,264.555595289124,265.112685870362,265.979627418033,276.620561144731,276.620561144731,281.017431101461,281.017431101461,283.494513516303,283.494513516303,285.671671497742,285.671671497742,285.671671497742,285.803290363237,290.877427043668,290.877427043668,295.888597806181,295.888597806181,296.481173998129,296.579324063217,297.665791009531,297.665791009531,298.435591656906,298.58315828169,301.237381451421,332.774377330933,332.774377330933,333.606889013661,333.947618494482,334.845996624338,335.545858487534,335.545858487534,424.685490327332,424.685490327332,428.601382590781,429.653466978529,429.783339289075,430.350522461485,436.748389678166,439.069832888822,520.928496483926,533.117778120929,533.948491400262,534.343320519206,534.777024036341,538.967597550972,539.143056233268,539.996882783868,540.177448739703,540.177448739703,541.430758269706,541.430758269706,583.230426476757,583.230426476757,583.568505322391,586.349986804188,621.577749083498,624.415643833487,632.136203440715,704.346842664263,766.937910955781,766.937910955781,7.85065917927073,30.598579471975,3.97524659047262,41.4454002574609,71.3436063996253
2005-09-23,252.75397110116,252.75397110116,252.75397110116,253.703420710664,253.803450779521,256.444187595679,258.374438969457,259.016265626732,260.028577246446,270.619453256753,270.619453256753,275.138764625424,275.138764625424,277.819198314258,277.819198314258,280.296373341095,280.296373341095,280.296373341095,280.436291732758,285.558714110379,285.558714110379,290.969132524748,290.969132524748,291.650706798925,291.75990281671,293.005417011163,293.005417011163,293.856753021349,294.015055779619,296.636666492675,328.248227504399,328.248227504399,329.183117094219,329.549043738872,330.557619592482,331.325370603128,331.325370603128,420.876406725574,420.876406725574,424.799529076909,425.855963114793,426.001504875123,426.577116064126,432.848684841606,435.154458343745,516.33213898368,527.979695365369,528.838375686686,529.24572636391,529.667681334459,533.618570889442,533.814931936037,534.654192001438,534.85416826748,534.85416826748,536.076318616775,536.076318616775,575.302243315668,575.302243315668,575.62403943349,578.285996476017,610.7849836093,613.521020937803,620.957175496216,691.17994877419,747.56271147848,747.56271147848,7.5922955749917,30.5296813164599,3.80842802799648,38.8653482158194,69.3449818675073
2005-09-24,245.152593162318,245.152593162318,245.152593162318,246.199475853276,246.30648631518,249.316849402801,251.328826130566,252.048590415632,253.196624942832,263.758458449665,263.758458449665,268.410427129874,268.410427129874,271.301341407009,271.301341407009,274.097640091821,274.097640091821,274.097640091821,274.246503738425,279.444011421664,279.444011421664,285.322165668361,285.322165668361,286.108277433653,286.23053782269,287.665391518718,287.665391518718,288.614826091253,288.786429248847,291.384149969944,323.014676408395,323.014676408395,324.070559308171,324.466657591716,325.60455310248,326.45201806991,326.45201806991,416.293921087758,416.293921087758,420.245356080864,421.314233965489,421.478421942408,422.065240149242,428.233939478633,430.538284854074,510.957489665327,522.106326124074,522.995468336471,523.420489300477,523.836334352777,527.573995641581,527.793142507969,528.622300503036,528.84271550914,528.84271550914,530.036426365964,530.036426365964,567.12244850543,567.12244850543,567.433832477268,569.99793906691,600.10176579965,602.752602368539,609.909326993873,677.874398239252,728.962997174903,728.962997174903,7.35691364010488,30.3799142811767,3.64829741540497,36.7119819002373,67.0712989492752
2005-09-25,237.438944496357,237.438944496357,237.438944496357,238.564273751449,238.683961239447,241.91860224047,244.235821987213,245.121425276044,246.424191621352,257.378257028552,257.378257028552,262.04885693574,262.04885693574,265.138344995892,265.138344995892,267.981382792713,267.981382792713,267.981382792713,268.23124040727,273.847186202033,273.847186202033,279.64900943567,279.64900943567,280.459274010683,280.603180227735,282.107217860145,282.107217860145,283.09769383686,283.274716496597,285.834014871266,317.405922681286,317.405922681286,318.538031523599,318.960690993769,320.717401690049,322.069070058085,322.069070058085,416.087198115209,416.087198115209,420.634023046797,421.637210798442,421.678558879354,422.141399547189,427.80256342343,429.716310819264,509.535210069361,519.962948892224,520.784829774576,521.332930574805,521.770258394944,525.433644039086,525.555166359138,526.257559690349,526.378673314047,526.378673314047,527.552701905075,527.552701905075,562.910011969565,562.910011969565,563.133379813834,565.396901209218,593.384154552605,595.892761125393,603.428992915544,669.676022746458,716.226882264489,716.226882264489,7.57129336117669,30.2292094576405,3.52838280357102,35.1334428881426,65.6594650742715
2005-09-26,228.796195390618,228.796195390618,228.796195390618,230.01045755696,230.127443169714,233.674920247256,235.858782367008,236.730462966897,238.118972699301,249.225319034876,249.225319034876,254.338935888054,254.338935888054,257.622601093449,257.622601093449,260.817795179556,260.817795179556,260.817795179556,261.014161889552,266.752503501826,266.752503501826,273.173179568991,273.173179568991,274.089680446578,274.22868502019,275.916284434127,275.916284434127,276.997774583676,277.186933444611,279.72856729805,311.239578515173,311.239578515173,312.470185914317,312.91002441412,314.33759090432,315.423958459029,315.423958459029,406.591423813009,406.591423813009,411.455005896981,412.743470563223,413.015315385456,413.691211135826,419.888204997609,422.33111933717,502.042163182583,512.436305622363,513.392339271246,513.847247678974,514.268908853643,517.784665772078,518.053985137011,518.875282247907,519.136715329498,519.136715329498,520.292678458241,520.292678458241,554.440725661953,554.440725661953,554.732160928659,557.127495898363,583.245278057153,585.780562943135,592.849313862392,656.544317803964,699.31257286565,699.31257286565,7.40359743252637,30.0281550432427,3.38880279210159,33.7574103334085,62.8017111294954
2005-09-27,220.168660950865,220.168660950865,220.168660950865,221.399513604418,221.517093460952,225.204910062687,227.373531294963,228.25278817311,229.678192032015,240.653976589187,240.653976589187,245.952002846756,245.952002846756,249.405994951887,249.405994951887,252.913386246265,252.913386246265,252.913386246265,253.097354163544,258.890355709334,258.890355709334,265.879390855375,265.879390855375,266.919961529793,267.074214817456,268.981028058607,268.981028058607,270.176364953923,270.381255661478,272.921564470263,304.339245811098,304.339245811098,305.700629559372,306.172875209517,307.664903444238,308.75785253,308.75785253,398.932597318356,398.932597318356,403.484745180895,404.69897096107,404.955865977248,405.615208490808,411.700262782094,414.16164050284,493.450335664078,503.536166737163,504.569609376143,505.05513092759,505.489360346125,508.856038414388,509.177843274014,510.01734933613,510.321524976421,510.321524976421,511.458512118668,511.458512118668,544.433015702203,544.433015702203,544.74624242358,547.161646958385,571.611127109849,574.166690073607,581.054080065983,642.166930320961,681.568695194826,681.568695194826,7.19122027365502,29.7494771340574,3.25043398876623,32.510079529522,60.1268153966937
2005-09-28,211.722074992235,211.722074992235,211.722074992235,212.94277009674,213.059033487297,216.778145721304,218.927835053019,219.812478421503,221.253206927192,232.021698269977,232.021698269977,237.352123384733,237.352123384733,240.879470083545,240.879470083545,244.581606846102,244.581606846102,244.581606846102,244.763067694423,250.551384749836,250.551384749836,257.95997600779,257.95997600779,259.105831269727,259.273325521196,261.383464513415,261.383464513415,262.687314301057,262.907397864918,265.450304049447,296.706650032261,296.706650032261,298.206628029862,298.713952986798,300.343107645588,301.513409025991,301.513409025991,390.947658109134,390.947658109134,395.442008835528,396.638406855216,396.89616025953,397.548500519014,403.526378810451,405.948052077933,484.699530521602,494.418163229826,495.454147235568,495.944564691431,496.373245364302,499.588247941746,499.919629457475,500.751707906027,501.070307101225,501.070307101225,502.189036504286,502.189036504286,534.038206951842,534.038206951842,534.352028691413,536.724217453944,559.678985301059,562.193832718173,568.889742859665,627.524602488954,663.94900836263,663.94900836263,6.9807424159234,29.3991586971445,3.11847592466078,31.3632392467976,57.6216436223831
2005-09-29,203.616136187184,203.616136187184,203.616136187184,204.805633037887,204.918962134846,208.587762764437,210.701656466522,211.575845199784,213.007211489617,223.529027724138,223.529027724138,228.805560455077,228.805560455077,232.333603810291,232.333603810291,236.119091787439,236.119091787439,236.119091787439,236.298767276974,242.036986951033,242.036986951033,249.683687890189,249.683687890189,250.901029257668,251.077462581045,253.337905972544,253.337905972544,254.723824809371,254.955386516851,257.491480350391,288.502242866615,288.502242866615,290.121000957587,290.669226048515,292.460999227863,293.708822048468,293.708822048468,382.264991164261,382.264991164261,386.777969097622,387.989247049007,388.263341207135,388.923971084473,394.84655278229,397.27358356205,475.513864182634,484.907825526232,485.959319861461,486.456610698986,486.882193065791,489.952692226903,490.298377317347,491.123679636617,491.454862803364,491.454862803364,492.555812607101,492.555812607101,523.371279361892,523.371279361892,523.687242738337,526.01381682256,547.621688386188,550.085916517327,556.590044053195,612.890084133439,646.66835004947,646.66835004947,6.78261288834172,28.9915481902315,2.99638712409153,30.3129380852399,55.2779478066065
2005-09-30,195.922587101882,195.922587101882,195.922587101882,197.062055850131,197.171662697965,200.741361502522,202.807157087163,203.66068329638,205.06292784443,215.313591103537,215.313591103537,220.471591592615,220.471591592615,223.949754394853,223.949754394853,227.738509061027,227.738509061027,227.738509061027,227.917678869876,233.56820398084,233.56820398084,241.295315731229,241.295315731229,242.550226043993,242.731241506745,245.085493037006,245.085493037006,246.519905710062,246.758097064261,249.27885853208,279.967922669763,279.967922669763,281.678053241154,282.249134719478,284.122483959661,285.43826531422,285.43826531422,372.856627375234,372.856627375234,377.40479983234,378.639689784139,378.933977982159,379.607092720027,385.495717854338,387.949029385729,465.729092300365,474.842641678589,475.919592628577,476.428640583426,476.855664487807,479.794006310026,480.159802968738,480.984879603752,481.333194031105,481.333194031105,482.419280751852,482.419280751852,512.296397677409,512.296397677409,512.612453881139,514.904885761875,535.29981794125,537.72428215601,544.05239428632,598.18091484768,629.618982198086,629.618982198086,6.59927476311638,28.5672951827899,2.88394790943884,29.351104567261,53.0914166082419
2005-10-01,195.573113224747,195.573113224747,195.573113224747,196.628375718913,196.697605535124,199.060878368557,201.016794967299,201.600566063694,202.423200870874,213.865182483533,213.865182483533,218.017563178096,218.017563178096,221.053204837437,221.053204837437,223.872287931768,223.872287931768,223.872287931768,224.181744560791,230.163740875879,230.163740875879,236.435118595843,236.435118595843,237.273553839128,237.539291276043,239.528160419637,239.528160419637,240.857984055379,241.063315074649,243.703604353477,274.608727073556,274.608727073556,276.121487416257,276.859376077186,278.724607273991,279.8584844158,279.8584844158,369.332221853862,369.332221853862,374.14187195464,375.173611986849,375.313674959382,375.832511815578,381.314406951125,383.30297178949,460.861900031779,469.267232999359,470.102031378003,470.495659471674,470.826757215734,473.617809075791,473.852296387785,474.545359273113,474.78780050203,474.78780050203,475.855051758264,475.855051758264,504.692626640476,504.692626640476,504.935908276403,506.973243402994,526.253184986852,528.430790996266,534.392595383853,586.291090484635,615.562508024223,615.562508024223,8.66621212622426,29.1728020286167,2.78111998816152,28.4665257034271,51.0524480269568
2005-10-02,194.688437760995,194.688437760995,194.688437760995,195.420201338951,195.490168021984,196.982586826684,198.85924086223,199.34373730792,199.992130028083,212.187774657643,212.187774657643,216.520170216999,216.520170216999,218.86174976963,218.86174976963,220.694543916843,220.694543916843,220.694543916843,220.987633944367,227.374764928851,227.374764928851,232.352079307383,232.352079307383,233.024467662012,233.171261338604,234.780179646027,234.780179646027,236.013719273706,236.209793561005,239.056643228906,269.914308285828,269.914308285828,271.189675793119,271.774915092169,273.300349218491,274.300008240793,274.300008240793,363.325086742569,363.325086742569,368.523114329636,369.762341022291,369.951747468978,370.5107904841,376.22075920861,378.220712312826,457.345059272609,465.33469321234,466.063193490955,466.402087154128,466.683839423629,469.348664129934,469.514980833787,470.12870199787,470.309229834656,470.309229834656,471.360323471578,471.360323471578,499.27368416535,499.27368416535,499.467762977845,501.315744587236,519.580241454509,521.559540610628,527.185507606781,577.002639043493,604.327153855791,604.327153855791,9.56827911434853,29.4304413715896,2.70198747771031,27.652251504118,49.1510959284361
2005-10-03,194.276155773678,194.276155773678,194.276155773678,194.748534509365,194.811968089255,195.668199399308,197.442215340031,197.83567766433,198.341935245015,210.723930788608,210.723930788608,215.395094586534,215.395094586534,217.356684122509,217.356684122509,218.637446169416,218.637446169416,218.637446169416,218.816550648537,225.434480361965,225.434480361965,229.474934009845,229.474934009845,229.957271266808,230.051325849461,231.202842322363,231.202842322363,232.124429430499,232.289125847455,235.154123064156,265.736231524115,265.736231524115,266.83421156795,267.316408772322,268.7085400362,269.717436224975,269.717436224975,359.684254411901,359.684254411901,364.800784810109,366.344078160921,366.489955059028,367.004204605516,373.065785567808,374.929925050571,457.398351534031,465.176305736331,465.711513305671,465.945603658656,466.140463977117,468.677934332928,468.720189718233,469.208048107954,469.283886808727,469.283886808727,470.317883526176,470.317883526176,497.312124364312,497.312124364312,497.432167134734,499.024622820186,516.360092884458,518.071784417177,523.315487651056,571.120020951026,596.664687363352,596.664687363352,9.86701328568147,29.4027553349817,2.74544622235564,26.8987013398345,47.3799337396142
2005-10-04,193.99287401887,193.99287401887,193.99287401887,194.334854740387,194.386922124503,194.887232252427,196.375749826259,196.632725984548,196.994243479319,209.105256913198,209.105256913198,214.006723738648,214.006723738648,215.897362595215,215.897362595215,217.003134864534,217.003134864534,217.003134864534,217.134525117519,224.034886570927,224.034886570927,227.47678092476,227.47678092476,227.812918177001,227.877995124173,228.638705632835,228.638705632835,229.26867497602,229.401172312501,232.143954627289,262.181531749055,262.181531749055,263.098077437403,263.484045499093,264.538850516144,265.372333064138,265.372333064138,353.784494596358,353.784494596358,358.492886240623,359.869420551329,360.089083980003,360.677999743479,366.731658849148,368.804195828819,454.478683349152,462.084548590598,462.738485012855,463.035944998184,463.274933821138,465.727999645788,465.843182507674,466.377998199549,466.506726322294,466.506726322294,467.530702506505,467.530702506505,493.895554741632,493.895554741632,494.038730592714,495.653251467447,512.142626598427,513.859737807596,518.954790941771,565.120807361049,589.14210035274,589.14210035274,9.77565648216824,29.111082234904,2.72402207206469,26.1989703128182,45.7312533280892
2005-10-05,193.618265799893,193.618265799893,193.618265799893,193.925886987032,193.976593294143,194.359755317372,195.709051995866,195.90988562787,196.183933956253,207.824340658347,207.824340658347,212.673503082821,212.673503082821,214.50292662206,214.50292662206,215.537788945131,215.537788945131,215.537788945131,215.651845511053,222.752462237098,222.752462237098,225.919865436632,225.919865436632,226.178190912717,226.232464534973,226.786900634552,226.786900634552,227.275939419138,227.385999948253,230.02154606054,259.521669731769,259.521669731769,260.262814992412,260.594073950536,261.429457716495,262.117888885682,262.117888885682,349.884877754942,349.884877754942,354.152859077537,355.385274449452,355.553274588645,356.091738349904,361.958230113716,363.898006528947,452.529388055758,459.876944467318,460.481607516566,460.757406105886,460.976905244639,463.335010592363,463.433765907576,463.943115940142,464.061577184957,464.061577184957,465.073584373342,465.073584373342,490.773772389089,490.773772389089,490.90798361849,492.466274057279,508.175212708814,509.829463618493,514.751546032941,559.38070671453,582.01485889004,582.01485889004,9.51172893210618,28.7949353785009,2.68440338080643,25.5481295033427,44.2114005448454
2005-10-06,192.868162495488,192.868162495488,192.868162495488,193.191410030629,193.244267551219,193.688148038448,194.972354928697,195.169167885157,195.432822376174,206.622358587969,206.622358587969,211.35153571029,211.35153571029,213.134369416888,213.134369416888,214.137041347016,214.137041347016,214.137041347016,214.244088027116,221.336528336639,221.336528336639,224.45333246559,224.45333246559,224.689558860688,224.740429468861,225.214239751056,225.214239751056,225.648008431535,225.747404732625,228.286413240906,257.383513766723,257.383513766723,258.009213670446,258.304359283913,258.997778233258,259.588199433508,259.588199433508,347.210117264777,347.210117264777,351.167375253757,352.286648852604,352.415321888087,352.911607310504,358.603028014872,360.391683022096,451.485666236873,458.579693032026,459.12564784963,459.372511403918,459.56626184056,461.834945653229,461.902721269906,462.372321108344,462.464697992175,462.464697992175,463.464620321503,463.464620321503,488.519444170364,488.519444170364,488.63291521941,490.099171455528,505.086790561767,506.643216521107,511.35069694553,554.492642578529,575.852344415225,575.852344415225,9.17619202654277,28.5197167710886,2.64003748577405,24.9444669357928,42.7846304458089
2005-10-07,191.692448032988,191.692448032988,191.692448032988,192.048410018964,192.104345370792,192.690882962129,193.951131629959,194.168907749392,194.466666984901,205.266557033025,205.266557033025,209.878331056863,209.878331056863,211.656710848758,211.656710848758,212.678637823038,212.678637823038,212.678637823038,212.783512760864,219.701478259169,219.701478259169,222.875230192491,222.875230192491,223.12389167264,223.175876491741,223.648767751985,223.648767751985,224.072424031639,224.168777757513,226.627278520987,255.4661438052,255.4661438052,256.034015255206,256.309512241768,256.926418109854,257.461140279473,257.461140279473,345.177399120258,345.177399120258,348.930001876337,349.96770752857,350.073543450158,350.543493240721,356.098665962518,357.782739168076,450.833964337433,457.721721517377,458.233819457237,458.463386474528,458.640745166155,460.828290824042,460.87809604417,461.319652901028,461.395618041404,461.395618041404,462.384311978166,462.384311978166,486.842094225749,486.842094225749,486.940649818077,488.331703769506,502.652074732577,504.124516690699,508.63662881259,550.403327934495,570.599783351706,570.599783351706,8.82628459963414,28.3146452934392,2.59284180739275,24.3752541041457,41.4665665496072
2005-10-08,190.108564686984,190.108564686984,190.108564686984,190.501707985532,190.560728393101,191.314778964909,192.572218272111,192.820587553721,193.171258822966,203.637762835282,203.637762835282,208.139636818399,208.139636818399,209.952623017689,209.952623017689,211.04391860004,211.04391860004,211.04391860004,211.149357232413,217.811187079579,217.811187079579,221.092822539744,221.092822539744,221.371191718212,221.426572078274,221.942435998131,221.942435998131,222.382756859556,222.480233765549,224.865548876142,253.563483343171,253.563483343171,254.116047137685,254.384140130252,254.974781352187,255.487050738507,255.487050738507,343.430271878658,343.430271878658,347.045557515244,348.025994373252,348.120303865361,348.574964739006,354.020117438079,355.63763390228,450.174352944886,456.897742081046,457.399093136896,457.622768989615,457.793105057671,459.906440155507,459.952616486187,460.379749475682,460.451560635066,460.451560635066,461.429935963592,461.429935963592,485.347057610779,485.347057610779,485.438980521275,486.780409337131,500.484549106763,501.898951569927,506.245742291315,546.762171089116,565.903989887718,565.903989887718,8.48946199164832,28.1755464008422,2.54100877569906,23.8433535370916,40.2482843228527
2005-10-09,188.120749608521,188.120749608521,188.120749608521,188.554663674925,188.616788047146,189.546204375746,190.813192523369,191.095804766491,191.506388596246,201.685208745237,201.685208745237,206.088341280964,206.088341280964,207.9567894231,207.9567894231,209.151709090025,209.151709090025,209.151709090025,209.259230940042,215.643997074472,215.643997074472,219.060497034594,219.060497034594,219.377336043028,219.437274555892,220.019153006711,220.019153006711,220.490486095037,220.591373099645,222.915669256376,251.545208172681,251.545208172681,252.110416678806,252.379305018862,252.978402003238,253.491693620338,253.491693620338,341.791293880483,341.791293880483,345.308082353545,346.246163812777,346.335117869046,346.780456940935,352.127998327118,353.70239219198,449.328948524718,455.910323556012,456.412832334592,456.636676337957,456.805151129086,458.852005085538,458.902461167036,459.323132577966,459.397952792971,459.397952792971,460.366974561328,460.366974561328,483.796028805398,483.796028805398,483.88651924737,485.195162416,498.327197920973,499.702280178934,503.912136005409,543.287075013909,561.470616725251,561.470616725251,8.17655150595347,28.0762294855151,2.48743660761992,23.3524797213273,39.1183035641015
2005-10-10,185.725624758703,185.725624758703,185.725624758703,186.203937172369,186.269266036988,187.379223749205,188.664444699056,188.983214954007,189.447837831192,199.381508288667,199.381508288667,203.692092653703,203.692092653703,205.627979957666,205.627979957666,206.949538680382,206.949538680382,206.949538680382,207.060061319023,213.184349083829,213.184349083829,216.755081875257,216.755081875257,217.115096223702,217.180220814689,217.840338204125,217.840338204125,218.350096672564,218.455644945107,220.726467273933,249.316751966627,249.316751966627,249.915140214956,250.19064267359,250.822715686911,251.353624843419,251.353624843419,340.148987051666,340.148987051666,343.591707829308,344.498139115258,344.585481437047,345.02501066456,350.280994260916,351.827933493424,448.24140757132,454.688867890291,455.197094319704,455.42349478225,455.592304551364,457.576757589461,457.634860773594,458.05275121647,458.133685781044,458.133685781044,459.093611406429,459.093611406429,482.078108986579,482.078108986579,482.169736604068,483.455815681888,496.054957249215,497.401058256038,501.489042164486,539.814837248924,557.123939320142,557.123939320142,7.88915716428971,27.9817345352407,2.43127669920696,22.8997002929403,38.0687300517365
2005-10-11,182.91423550627,182.91423550627,182.91423550627,183.440801866896,183.509513784103,184.806537251483,186.116841025882,186.473465942634,187.011420662557,196.733851264424,196.733851264424,200.979182858253,200.979182858253,202.979443708714,202.979443708714,204.43117832024,204.43117832024,204.43117832024,204.544996814938,210.439961296463,210.439961296463,214.167119759175,214.167119759175,214.572712162321,214.643348922694,215.388040222033,215.388040222033,215.940475736928,216.051351710483,218.277025934595,246.816147591695,246.816147591695,247.461782832297,247.747915028266,248.429963485401,248.990045510364,248.990045510364,338.449593384409,338.449593384409,341.832211717651,342.714151023869,342.801873670594,343.237507531195,348.405612870289,349.933977723002,446.913620015419,453.234472382967,453.748770278284,453.977993399561,454.147617460658,456.073792767498,456.139977122688,456.556018137893,456.643556324322,456.643556324322,457.594607858985,457.594607858985,480.171846390521,480.171846390521,480.265313215742,481.532390161356,493.633644020173,494.954546668715,498.93330551558,536.284130686862,552.790532964504,552.790532964504,7.62868491934538,27.8589821093835,2.37473012374451,22.4831360147799,37.0887953459998
2005-10-12,179.695083862846,179.695083862846,179.695083862846,180.271169130582,180.343308371739,181.830058269935,183.170340595261,183.565707219303,184.171661920358,193.718477676257,193.718477676257,197.92083417274,197.92083417274,199.994370814424,199.994370814424,201.584183761164,201.584183761164,201.584183761164,201.701689079597,207.4063119645,207.4063119645,211.307007250105,211.307007250105,211.757646643482,211.833744911639,212.663733010826,212.663733010826,213.259739091289,213.376151270191,215.556437757895,244.003330708392,244.003330708392,244.705812749527,245.005315110834,245.748945420517,246.346125715609,246.346125715609,336.644548412074,336.644548412074,339.978787404627,340.842389462899,340.932009702164,341.36492771598,346.445960070187,347.962553068545,445.356757686,451.553329767042,452.073577868491,452.305905274664,452.476562055965,454.347374717193,454.421538094735,454.836116755041,454.930207417048,454.930207417048,455.872614041965,455.872614041965,478.080677680216,478.080677680216,478.176128356123,479.425809072755,491.065516257528,492.36327343292,496.238630175588,532.671443425921,548.440822372084,548.440822372084,7.38618544470053,27.6840433622771,2.31672723953926,22.1047796338664,36.1640367023999
2005-10-13,176.099131322419,176.099131322419,176.099131322419,176.723552601417,176.798937170153,178.470096640656,179.841950116629,180.275400428081,180.947471554436,190.346885851066,190.346885851066,194.520800764575,194.520800764575,196.671833733419,196.671833733419,198.404251340038,198.404251340038,198.404251340038,198.525740886649,204.080400508022,204.080400508022,208.161691197686,208.161691197686,208.65972892983,208.741593551499,209.660349479095,209.660349479095,210.301765774086,210.424023883316,212.577462735617,240.87014661194,240.87014661194,241.633289862408,241.947339095852,242.758052918537,243.396398320858,243.396398320858,334.674969970994,334.674969970994,337.974492980782,338.825409812444,338.918597621758,339.350282923491,344.350798202313,345.859391093607,443.572658528596,449.648087641244,450.174336842547,450.409488064048,450.58143533637,452.401301825698,452.483343795786,452.89679466804,452.997358204741,452.997358204741,453.931354486112,453.931354486112,475.807467237667,475.807467237667,475.90502927016,477.138603020543,488.346163233074,489.623316605756,493.403756445282,528.973223017368,544.07183804755,544.07183804755,7.16661643463402,27.4440414630904,2.25869329515869,21.7637393866423,35.2936235361876
2005-10-14,172.188339885777,172.188339885777,172.188339885777,172.855338957128,172.933481254269,174.772118156642,176.173162088183,176.641735463592,177.375232610594,186.644074866796,186.644074866796,190.812994510473,190.812994510473,193.037826754323,193.037826754323,194.908179199961,194.908179199961,194.908179199961,195.033544879163,200.471476151185,200.471476151185,204.737245314206,204.737245314206,205.28290211679,205.370575633307,206.379235781286,206.379235781286,207.066884054878,207.195158159378,209.323352219661,237.397100200781,237.397100200781,238.2257623419,238.555691822753,239.438912470248,240.1217540254,240.1217540254,332.45275122787,332.45275122787,335.733231620372,336.57847842983,336.677677065933,337.110405071013,342.041021990196,343.553202398536,441.535036089811,447.498862423513,448.032397794322,448.270993560242,448.444899533872,450.216651900206,450.307257638984,450.720571308405,450.828165856412,450.828165856412,451.754007344716,451.754007344716,473.337775792653,473.337775792653,473.437912054202,474.657545287739,485.45980874689,486.719010568305,490.409196279382,525.162697096039,539.631633162261,539.631633162261,6.96352241981762,27.1327237087137,2.20502745950508,21.4615445674378,34.4685364056063
2005-10-15,168.056244943186,168.056244943186,168.056244943186,168.755460311468,168.835516930098,170.810684513874,172.234101194987,172.732012690165,173.517774437426,182.662629522662,182.662629522662,186.823088817901,186.823088817901,189.116514554362,189.116514554362,191.118097608136,191.118097608136,191.118097608136,191.247079200341,196.591763379827,196.591763379827,201.038262100707,201.038262100707,201.631749264817,201.725267218292,202.824356308745,202.824356308745,203.558636562401,203.69302737605,205.800668811475,233.585954419004,233.585954419004,234.481816170681,234.828148676482,235.785933381946,236.515081671644,236.515081671644,329.838874680137,329.838874680137,333.123643823763,333.972362997956,334.081298608556,334.518640956257,339.399465969593,340.924211187924,439.161125515479,445.032114915333,445.603251645483,445.874358730023,446.056041494415,447.803503909179,447.948484150721,448.413807663607,448.606979023313,448.606979023313,449.555073300722,449.555073300722,471.828722003762,471.828722003762,472.015095292188,473.363587915205,484.285809968134,486.127310532768,490.477911342543,524.6592059858,538.889070589099,538.889070589099,6.77688746400074,26.7508160891138,2.15347415138451,22.0221257561814,33.9618598249439
2005-10-16,163.821347473179,163.821347473179,163.821347473179,164.538417146696,164.619238281439,166.686697415391,168.121442238679,168.640099807382,169.464262314066,178.469082942738,178.469082942738,182.611472445663,182.611472445663,184.960263453514,184.960263453514,187.07730009218,187.07730009218,187.07730009218,187.209428612786,192.473767706311,192.473767706311,197.088773036933,197.088773036933,197.727657066345,197.826720923482,199.012864258742,199.012864258742,199.785010350437,199.925519472107,202.015517042279,229.444106954335,229.444106954335,230.407495640006,230.770365972613,231.803257365381,232.568365126881,232.568365126881,326.699290392138,326.699290392138,330.011176942464,330.872566253799,330.995200602592,331.441022330633,336.290176560146,337.843129926809,436.348260287419,442.140995812126,442.707054235922,442.962581032053,443.147673074191,444.860547447363,444.979766762298,445.407349830486,445.542229083,445.542229083,446.480760062609,446.480760062609,468.778951598912,468.778951598912,468.898018723081,470.257173977014,480.815592192338,482.262204125506,486.139506256456,519.6395479786,533.662189513102,533.662189513102,6.60408200730509,26.3034127749205,2.10405727988734,22.1469912326135,33.1237470112574
2005-10-17,159.614163544662,159.614163544662,159.614163544662,160.33218853315,160.412429065031,162.51806230344,163.949936413309,164.47857654987,165.323446094886,174.192566615227,174.192566615227,178.289856529271,178.289856529271,180.665627084903,180.665627084903,182.86522045147,182.86522045147,182.86522045147,182.999567602137,188.190130995307,188.190130995307,192.952588592711,192.952588592711,193.6284511243,193.732001005197,194.992375151219,194.992375151219,195.809414472042,195.954679495369,198.026601675776,225.034972449227,225.034972449227,226.056710850862,226.433835481048,227.53391310639,228.351254958217,228.351254958217,322.952854868199,322.952854868199,326.30739657905,327.188128954961,327.32728974716,327.784393320155,332.614389551483,334.208027367858,433.00970290889,438.735730045409,439.324056679138,439.589601294115,439.782290486466,441.457740957807,441.592244048738,442.02529376899,442.169653946067,442.169653946067,443.098584362061,443.098584362061,466.175340952731,466.175340952731,466.282313169404,467.574853497797,477.784902347314,479.111981750406,482.776106266294,515.435925896428,529.254037763477,529.254037763477,6.44504987579598,25.8024444365473,2.056382680422,22.9472190598931,32.343359687838
2005-10-18,155.935777061875,155.935777061875,155.935777061875,156.664899382761,156.753417512624,158.766622784078,160.532511798896,161.17116461179,162.051938197693,171.233087883442,171.233087883442,175.296815811354,175.296815811354,177.882141589583,177.882141589583,180.085134395381,180.085134395381,180.085134395381,180.269516757951,185.885230438163,185.885230438163,190.587037153331,190.587037153331,191.061941648857,191.275429000561,192.80658488363,192.80658488363,193.979325439137,194.132439566613,196.823202881478,224.511727896145,224.511727896145,225.407652378591,226.175682861469,228.241785418667,229.501089541148,229.501089541148,337.369056517877,337.369056517877,342.732621827343,344.735972454735,344.694181707868,344.757803154651,350.964730606638,351.465107272431,454.44988628605,460.53142404252,460.842180938033,461.464615139138,461.6989882295,463.727837542633,463.635065759469,463.935526820783,464.039012512239,464.039012512239,465.36534871445,465.36534871445,491.910937089242,491.910937089242,491.949780273946,493.09384716809,505.075168296469,510.57707208629,520.474826063404,557.906632887704,574.176341892688,574.176341892688,6.72142766001707,26.7414203589989,2.62282699163323,26.807217799568,37.3920714099949
2005-10-19,153.098088584989,153.098088584989,153.098088584989,153.871869636875,153.951918632466,155.777023272231,157.640194260102,158.253358530887,159.075627019825,168.915108887878,168.915108887878,173.183021828106,173.183021828106,175.866676149795,175.866676149795,177.999603280645,177.999603280645,177.999603280645,178.227213387134,184.07298862422,184.07298862422,188.798653236486,188.798653236486,189.137305036861,189.279156444794,190.280725676088,190.280725676088,191.177176407789,191.334130470535,194.255211209762,221.814732388293,221.814732388293,222.727173624095,223.224563019125,224.433032153706,225.297889524225,225.297889524225,328.577509981937,328.577509981937,334.877143769103,336.565596884613,336.885216020752,337.492674094141,344.952297747188,347.03171833865,451.559140447291,458.50357863546,459.092156126551,459.39717788114,459.602836497027,461.773814810088,461.876551345165,462.279942837604,462.38371469873,462.38371469873,463.700444233025,463.700444233025,491.287938528915,491.287938528915,491.412202203787,493.575415194988,505.27575629257,508.390600630416,519.246083602301,557.290529516642,573.867049110361,573.867049110361,7.32198218484186,26.5947134345039,2.87323139797624,27.5495748360392,37.9764833707772
2005-10-20,150.070351663755,150.070351663755,150.070351663755,150.742520067107,150.812463775713,152.52708779913,154.171613158847,154.674178594421,155.443850269925,165.260168093048,165.260168093048,169.799344027198,169.799344027198,172.281411191498,172.281411191498,174.373011828436,174.373011828436,174.373011828436,174.548140122993,180.353682445768,180.353682445768,185.461585381506,185.461585381506,185.990003350334,186.078164054403,187.100241170114,187.100241170114,187.847463261571,188.00076413959,190.925567356543,218.046846011133,218.046846011133,219.036202000567,219.457439007001,220.519538111158,221.349207893566,221.349207893566,321.865936722869,321.865936722869,327.190833817304,328.766711053029,329.047928826517,329.656006148946,336.43407129243,338.747546217379,445.567955077847,452.684823825289,453.435881522402,453.796003108357,454.057981030987,456.274276856396,456.48702979237,456.983059784203,457.190207950132,457.190207950132,458.466328216228,458.466328216228,487.599376314939,487.599376314939,487.757805407816,490.06891442281,501.311335891706,504.213752397567,515.909919333087,553.874146201751,570.832946433977,570.832946433977,7.25116285508435,26.0576801033747,2.9211348678717,28.950395497668,37.7138779006657
2005-10-21,148.190453025542,148.190453025542,148.190453025542,148.734087641035,148.798403960219,150.1434634433,151.771122593695,152.247125171645,152.916897905283,162.728209912544,162.728209912544,167.437518600785,167.437518600785,169.854888678514,169.854888678514,171.684663660402,171.684663660402,171.684663660402,171.893002275597,177.879865913383,177.879865913383,182.602340230096,182.602340230096,183.099410000786,183.192735393768,184.203362311377,184.203362311377,185.040724815778,185.19592276505,188.290722592375,214.825701119446,214.825701119446,215.751187617766,216.154874022324,217.128215451765,217.888343411533,217.888343411533,316.858406464096,316.858406464096,322.152358644147,323.581829208879,330.38816683179,332.270235559314,342.185816376275,350.563303192785,490.168586556979,513.708777731369,512.226136013091,512.190180231526,512.369621172253,519.492298175992,517.630409705848,516.607451402314,515.069471893542,515.069471893542,516.363864128748,516.363864128748,574.860313826594,574.860313826594,573.251316995055,570.51875537886,581.536156113994,579.55291565051,587.727512709352,620.40546360959,636.108145207805,636.108145207805,7.42669545284716,25.5377880322505,6.74282946996451,62.4720577445935,37.4165270879556
2005-10-22,149.703671125242,149.703671125242,149.703671125242,150.245037071533,150.298853622017,150.827586195164,152.705976047349,153.16423502314,153.559261868969,164.340230585225,164.340230585225,171.033639362512,171.033639362512,172.991126402945,172.991126402945,173.415095232275,173.415095232275,173.415095232275,174.30009432834,182.185225155348,182.185225155348,184.926164078977,184.926164078977,184.727616755577,184.824247667805,185.217028569492,185.217028569492,186.788513755885,186.964231276369,192.409917960264,217.903767007088,217.903767007088,217.902228672438,218.153724131129,218.503472327714,218.79873110268,218.79873110268,319.464941438535,319.464941438535,330.537799665821,332.538268625099,336.734878314595,338.10792698283,372.459946944147,379.332225388531,540.463817970299,610.415222050082,609.400806629013,609.079218399182,611.934026928332,632.839964476396,630.261851187288,629.400955252654,627.27222662185,627.27222662185,628.900194643065,628.900194643065,789.381876055736,789.381876055736,785.64652515667,776.771850892477,788.223756293025,780.427655786385,783.05352434469,808.270244292991,822.442986648835,822.442986648835,8.73118319969773,25.7237206285071,19.3644832272486,169.229099052831,37.6190786527075
2005-10-23,154.496018234433,154.496018234433,154.496018234433,154.987245473525,155.024906479749,154.636333832982,156.532135370185,156.819972751437,156.808905219879,169.969020806112,169.969020806112,178.945954505448,178.945954505448,180.393099888543,180.393099888543,179.362780727796,179.362780727796,179.362780727796,179.979295520548,188.843571836937,188.843571836937,190.359616958744,190.359616958744,189.582129164213,189.600665561626,188.762812189281,188.762812189281,188.86501422304,188.981026580521,195.00462269118,220.660910566091,220.660910566091,220.541041474194,220.780976719476,221.035089113377,221.284907825296,221.284907825296,324.037782973551,324.037782973551,331.531397337172,333.811985043087,334.416317339464,335.517205821186,356.209492929246,362.150581808052,519.024990990064,593.467936511321,595.956707847134,597.80702478626,601.52204810056,621.776762305816,622.274609120725,624.167189589811,624.365873748531,624.365873748531,626.075276832676,626.075276832676,820.788559791834,820.788559791834,820.285202232185,820.592323915737,833.416318840185,833.570553690762,844.684125495085,879.028692629084,898.658185550048,898.658185550048,11.0838936603124,26.0582085753799,13.5274882160506,195.944601145842,38.7098494545827
2005-10-24,156.363909389027,156.363909389027,156.363909389027,156.621858761877,156.662167669718,156.130784579301,157.556482046684,157.652279753102,157.630295233915,171.754900033572,171.754900033572,181.657020516473,181.657020516473,183.531192480647,183.531192480647,182.68981755272,182.68981755272,182.68981755272,182.930549779313,192.190130201522,192.190130201522,194.136322593965,194.136322593965,193.502527008115,193.44295955537,192.369484411283,192.369484411283,192.062985179595,192.129280754131,197.977061456149,223.397348660686,223.397348660686,223.128014796866,223.221655685291,223.027018982746,223.057346367158,223.057346367158,323.150467748208,323.150467748208,329.436540932961,331.604984481683,332.08060537585,333.123043587167,350.454565710352,355.618975683875,516.724136300607,583.765850190552,586.071429710168,587.749467087482,590.668782579795,607.268174002391,607.907335738939,609.866713303383,610.35493086003,610.35493086003,611.988094173654,611.988094173654,788.413674944254,788.413674944254,789.012210484051,792.91695198785,807.560925659435,811.594339006765,827.265935540309,868.67023137161,893.651348295701,893.651348295701,11.4574675302853,26.0357438957554,9.50906923001718,175.136700216462,40.7725779285392
2005-10-25,159.325410271574,159.325410271574,159.325410271574,159.352452397103,159.381937808492,158.439298317387,159.551784933398,159.503302898143,159.326491406737,173.266174625426,173.266174625426,182.902362437247,182.902362437247,185.17790053615,185.17790053615,184.847680335761,184.847680335761,184.847680335761,185.014135595784,194.348061547262,194.348061547262,196.830493618776,196.830493618776,196.36424649005,196.324978029327,195.427551615922,195.427551615922,195.149008179106,195.210880009823,200.743010573804,226.161422085448,226.161422085448,225.854179324329,225.927995094867,225.607471741712,225.533768779924,225.533768779924,324.193886611014,324.193886611014,329.580762509486,331.467925054503,331.807133519104,332.750245754768,347.97878566792,352.757038584978,517.482727974617,574.596242161795,576.903468076212,578.478159246301,580.830133332495,594.517100470662,595.090031595718,596.889698027523,597.346314875019,597.346314875019,598.890032602221,598.890032602221,745.367973345771,745.367973345771,746.17082292038,750.834241806929,767.452857667098,772.41825298502,789.416587166208,835.31433539051,864.152026409527,864.152026409527,11.3652843777443,26.036921100038,7.30137861809206,144.731610674672,43.8461225874986
2005-10-26,162.93347763861,162.93347763861,162.93347763861,162.803342240723,162.826318082724,161.50875583178,162.36850751744,162.216029578393,161.887983791249,175.187452006744,175.187452006744,184.043050438984,184.043050438984,186.359918595215,186.359918595215,186.306969192604,186.306969192604,186.306969192604,186.452969816867,195.586124217044,195.586124217044,198.526510702284,198.526510702284,198.225778090097,198.20729609356,197.589074174197,197.589074174197,197.445526493357,197.521183463492,202.71579958175,228.376215032305,228.376215032305,228.147704977138,228.231821969714,227.965473664799,227.903727749219,227.903727749219,325.713735709599,325.713735709599,330.601864477831,332.258427026885,332.512241968057,333.389364393423,347.04559592016,351.524955076566,518.363250380493,566.506710559468,568.768442718924,570.240513561586,572.160092251,583.755307846149,584.242808279025,585.881411350232,586.279704951159,586.279704951159,587.738880887694,587.738880887694,707.606747049295,707.606747049295,708.335108342752,712.81647877063,731.139421834583,736.028329474191,752.995099389465,802.791796303526,833.765169693084,833.765169693084,11.0622547436324,26.1312510439138,6.05606833999618,118.302582672366,47.7647665840553
2005-10-27,166.888468669868,166.888468669868,166.888468669868,166.662722471314,166.682310020343,165.109862685955,165.779826536465,165.557076375703,165.115204760615,177.618910998941,177.618910998941,185.587348054601,185.587348054601,187.726553211603,187.726553211603,187.675425785159,187.675425785159,187.675425785159,187.809146536923,196.48631356888,196.48631356888,199.564953481226,199.564953481226,199.380194151918,199.376274856134,198.990492627162,198.990492627162,198.972620836527,199.062472129251,203.93285589025,229.973422019797,229.973422019797,229.854754620095,229.96347472219,229.813274024787,229.81308498041,229.81308498041,326.999295490677,326.999295490677,331.622325062297,333.109048872919,333.316522012325,334.156343798932,346.60912900197,350.841121160422,518.297754994174,559.26464483206,561.471475513912,562.851595272205,564.440823775821,574.505009394163,574.921091727736,576.423972141815,576.774558025096,576.774558025096,578.15728769475,578.15728769475,677.611734851442,677.611734851442,678.212869660423,682.29662272981,701.759629098163,706.351991635252,722.785898986133,776.65149429857,808.120596226708,808.120596226708,10.6526820482381,26.3518339205797,5.32430729836218,98.1871328732412,52.2083576012069
2005-10-28,171.063433316949,171.063433316949,171.063433316949,170.776503796705,170.794247983421,169.060932885827,169.594167040673,169.326299321877,168.807692120733,180.512791835611,180.512791835611,187.635018706412,187.635018706412,189.521850658486,189.521850658486,189.320471304528,189.320471304528,189.320471304528,189.442527556339,197.547444378369,197.547444378369,200.385242087358,200.385242087358,200.247437512443,200.249258977994,199.985261069392,199.985261069392,200.04566518984,200.141777364021,204.706162638858,231.179394821435,231.179394821435,231.138199298703,231.264850609248,231.2146309272,231.273790563246,231.273790563246,327.891404874387,327.891404874387,332.349401745633,333.706349373879,333.886065252512,334.702123011587,346.184482936361,350.196624292937,516.705451470864,552.170794931602,554.345805180966,555.656333347923,557.003348087715,565.906493244289,566.283855268396,567.685452903745,568.012566874199,568.012566874199,569.328632327162,569.328632327162,653.844944003766,653.844944003766,654.339271492707,658.055066618046,678.03212274729,682.354959746506,698.088527623046,756.087785256791,786.826961993232,786.826961993232,10.2060400449418,26.6853859324182,4.86839987435926,83.4960614362774,56.6796637030885
2005-10-29,175.347581493951,175.347581493951,175.347581493951,175.024903101127,175.041930340646,173.220134883519,173.658098086031,173.363797962631,172.798783683519,183.741711310239,183.741711310239,190.133659103125,190.133659103125,191.768884185751,191.768884185751,191.370803856895,191.370803856895,191.370803856895,191.482545946105,199.009914684847,199.009914684847,201.35785393783,201.35785393783,201.205481545967,201.205120894224,200.947943643587,200.947943643587,201.017331469112,201.111119763412,205.386376203289,232.253186400061,232.253186400061,232.240886374406,232.373217200802,232.376185815493,232.469159193839,232.469159193839,328.477476427146,328.477476427146,332.804692995621,334.053557812052,334.213154182638,335.008444574574,345.671104991285,349.479760383591,513.787856972506,545.016063534874,547.164422366673,548.416802532865,549.582953693654,557.5686244498,557.926157842973,559.248193348666,559.56525602477,559.56525602477,560.826103589167,560.826103589167,634.518611420716,634.518611420716,634.934641472543,638.35060327459,658.317955048783,662.431828744862,677.399796430609,739.195487667614,768.491343540763,768.491343540763,9.76856067660314,27.0535650535139,4.57043492113583,72.8518015983781,60.7007664271855
2005-10-30,179.586925129088,179.586925129088,179.586925129088,179.255070500105,179.272819287045,177.436375527042,177.815553381414,177.511979622835,176.928727392754,187.21490803097,187.21490803097,192.979998788501,192.979998788501,194.390941512744,194.390941512744,193.808638705487,193.808638705487,193.808638705487,193.911494214325,200.915056518996,200.915056518996,202.703503461292,202.703503461292,202.497350531997,202.489718679703,202.154414781722,202.154414781722,202.190253053769,202.274393194852,206.276523802759,233.427253832041,233.427253832041,233.397494382732,233.523880244752,233.528460440724,233.634794586067,233.634794586067,328.95676216152,328.95676216152,333.143715638519,334.296990730746,334.437777763786,335.209611080515,345.153344946249,348.762404585229,509.994474679335,537.872312029689,539.987045857817,541.184764922355,542.208386792689,549.449360967222,549.789656596252,551.042088335142,551.351634090716,551.351634090716,552.56634971937,552.56634971937,618.381283370257,618.381283370257,618.739897206249,621.911581805702,641.501292854496,645.444185536219,659.619668774209,724.479677454058,752.035424549709,752.035424549709,9.36507010066918,27.3701679200015,4.35623588391314,65.1049802334177,63.8978716364301
2005-10-31,185.609719226455,185.609719226455,185.609719226455,185.189634537922,185.198852320602,182.957962466132,183.307925020819,182.945995535899,182.234735708692,192.54144521102,192.54144521102,198.312205649707,198.312205649707,199.7798918119,199.7798918119,198.786041328605,198.786041328605,198.786041328605,198.985203697811,206.37089033102,206.37089033102,207.107395181425,207.107395181425,206.511597806241,206.60051394187,206.442590640928,206.442590640928,206.612646078857,206.679682717644,211.260307585567,239.744698848611,239.744698848611,239.400737131365,240.082593094713,242.069998066003,243.813583694704,243.813583694704,362.459705700432,362.459705700432,371.397162461675,376.238143970509,377.027213294345,377.159138017953,390.912179302176,392.798089866579,560.706545138479,591.793718022888,594.560062046655,596.482267065767,598.187065015501,606.984662726198,607.769351208446,608.438775317744,610.904055902276,610.904055902276,612.459844048944,612.459844048944,683.70962578554,683.70962578554,683.572701757436,684.73014906778,710.583990203084,714.487287268467,730.983498637166,798.716579266585,831.747133518956,831.747133518956,9.67679124472005,29.1847979813909,8.01978747260131,73.2074933065186,68.8868191817332
2005-11-01,191.990733554089,191.990733554089,191.990733554089,191.418363927703,191.420539503634,188.856964153862,189.061765122215,188.622274603873,187.81247177608,197.747838086482,197.747838086482,203.370102036986,203.370102036986,204.406414622324,204.406414622324,203.126094309753,203.126094309753,203.126094309753,203.264592235102,210.328097628013,210.328097628013,210.810719413871,210.810719413871,210.221211166428,210.175343429933,209.366382424847,209.366382424847,209.200922936011,209.268808725382,213.733326771662,242.315143426237,242.315143426237,242.079088221585,242.240581024948,242.467840107719,242.916914050397,242.916914050397,352.110202118239,352.110202118239,362.401984066457,365.163611177398,365.833723302648,367.117226197187,380.734310770469,385.580717630125,549.837544564732,580.149435889592,582.961681583771,584.414920272894,585.671169921836,594.562248792046,595.407389428049,597.326764286377,597.879813403252,597.879813403252,599.488459597949,599.488459597949,670.560206307078,670.560206307078,671.069838804821,675.113030072702,702.019972019516,707.06601129108,724.139420932475,794.375733342356,836.203944431793,836.203944431793,9.5411949374654,29.1107054255222,7.65064417970791,70.5106045841706,69.9607743029236
2005-11-02,198.691228784258,198.691228784258,198.691228784258,198.062354087409,198.061483494856,195.28845298973,195.394471212102,194.90138454599,194.010991746765,203.459957929069,203.459957929069,208.829167520823,208.829167520823,209.601345299332,209.601345299332,208.046386653403,208.046386653403,208.046386653403,208.152200975478,214.865236017302,214.865236017302,214.83632802904,214.83632802904,214.206748731337,214.146278329426,213.093923612221,213.093923612221,212.761026028479,212.80094198888,217.057829236482,245.213520785832,245.213520785832,244.92899212879,245.043076024286,244.840605091766,244.887828168618,244.887828168618,350.200033144228,350.200033144228,358.666150381417,360.68508166554,361.125561371015,362.229402045872,374.500602604055,379.22330216121,541.008443632428,569.469356035012,572.199702664188,573.576998096663,574.631354859218,583.182761617981,583.942816254008,585.852688346853,586.401137397488,586.401137397488,587.98013383488,587.98013383488,659.653071634475,659.653071634475,660.104347741942,664.149388044797,692.017536407941,696.897458137193,713.51740530765,784.41493758911,834.892399686436,834.892399686436,9.32166110410694,28.7800988591508,6.95284800086863,71.2039985336276,70.2649779314696
2005-11-03,204.46987169502,204.46987169502,204.46987169502,203.946324268047,203.954307033812,201.373297046632,201.488097125515,201.017102288381,200.139322293841,209.258819095871,209.258819095871,214.374698026433,214.374698026433,215.01753993747,215.01753993747,213.319228239511,213.319228239511,213.319228239511,213.411591764679,219.814901862156,219.814901862156,219.367109449975,219.367109449975,218.672597388958,218.637533961185,217.502894264074,217.502894264074,217.050548312777,217.068313223275,221.088105851301,248.965455112197,248.965455112197,248.636376637875,248.829506869752,248.503787140124,248.342347264297,248.342347264297,355.658249648079,355.658249648079,362.313312942353,363.684796967616,363.877892212489,364.740715564108,375.580812452532,379.56108558988,538.848315953658,564.991829017719,567.368109178091,568.553742917818,569.375594504672,577.464913750532,577.981962936164,579.708423679531,580.100579024236,580.100579024236,581.633914556858,581.633914556858,653.119291940492,653.119291940492,653.466759806746,657.248533860258,685.957857106827,690.454465988741,706.579799054628,777.203778799731,832.645919996684,832.645919996684,9.09264940000749,28.6018899624086,6.41720346325915,71.2025918195112,70.1636459872014
2005-11-04,216.675890855294,216.675890855294,216.675890855294,216.32732642639,216.349691669944,213.015718732917,213.748795742735,213.317901073991,212.07857888239,224.22001903633,224.22001903633,232.022292915529,232.022292915529,232.50645025823,232.50645025823,229.046572597607,229.046572597607,229.046572597607,230.034510255659,238.999561521004,238.999561521004,236.460533032592,236.460533032592,234.180643010614,234.319211574339,232.651513911053,232.651513911053,232.997531705483,232.999760637201,241.618351338887,271.173747959876,271.173747959876,268.704316806741,269.922376201904,269.867466936278,270.134034791405,270.134034791405,404.852827571863,404.852827571863,421.792185009602,424.540623696638,427.381696817393,427.360604876117,458.86543495162,467.309812966929,674.324130628798,739.377532393698,752.111879926209,763.439981563607,774.717989437743,799.598141703634,805.749616304418,818.018851059411,844.823585883524,844.823585883524,847.866699155738,847.866699155738,937.665725547157,937.665725547157,934.384009710334,927.79073442045,974.621948113494,969.746666344403,978.545980257046,1037.19451896385,1094.37289016051,1094.37289016051,12.1070285945879,32.5254603360565,25.4690198705501,100.284261155144,72.7736094343466
2005-11-05,223.046957223892,223.046957223892,223.046957223892,222.725700934136,222.775303800145,220.015022954101,220.569284897256,220.119667795846,219.131622184262,232.970989296503,232.970989296503,241.624429731741,241.624429731741,242.660448309416,242.660448309416,239.528339275432,239.528339275432,239.528339275432,239.872449032075,249.637207226666,249.637207226666,248.625555982569,248.625555982569,246.73662089344,246.531875388574,243.558018868066,243.558018868066,242.549411785523,242.609953332332,252.123397932722,283.050106680601,283.050106680601,281.25879934845,281.174477545858,279.691463035295,279.039439973192,279.039439973192,406.523106718528,406.523106718528,419.403236249848,422.746294506513,423.637267807767,424.925899217202,448.843804755269,457.09142473614,655.139477530117,709.955497054661,716.020045699503,719.066827805175,721.048228240123,746.693471013385,749.057474317031,758.641106363516,760.888282940844,760.888282940844,764.828086499944,764.828086499944,876.512161964253,876.512161964253,878.147477292879,887.638084920103,939.799413703996,947.434143169724,969.451592968856,1043.13202100198,1109.58651703924,1109.58651703924,12.7336128521615,33.4561024500619,18.5293828527776,109.362598820105,74.0151971534415
2005-11-06,228.813857921913,228.813857921913,228.813857921913,228.525584900385,228.58895535268,226.184168130178,226.740496885873,226.321985908844,225.458180252545,239.769284151269,239.769284151269,248.753880163091,248.753880163091,250.444419197587,250.444419197587,248.074563254142,248.074563254142,248.074563254142,248.275499253249,258.303601854756,258.303601854756,258.560733980553,258.560733980553,257.041226730475,256.875897797457,254.0549263098,254.0549263098,252.922259200239,252.955103835212,262.042913246524,294.28382475108,294.28382475108,292.692678939063,292.588617960695,290.865462024047,289.948019170534,289.948019170534,415.605061306144,415.605061306144,425.845540082511,428.513654705381,429.045453181221,430.110854698927,451.40620696976,459.34349297018,656.13240290186,704.045174600746,708.643543912,710.755377608185,711.869955542135,735.071761976197,736.05580637847,743.02242677837,743.642856700482,743.642856700482,747.718199770904,747.718199770904,866.453452944544,866.453452944544,867.299719531687,875.813596832848,927.72576195217,934.453900654722,958.18041228004,1035.14996562108,1105.47866402394,1105.47866402394,12.7788335601727,34.5943992913592,14.4429600472354,118.345934736883,76.513680116472
2005-11-07,233.041636462287,233.041636462287,233.041636462287,232.894956687825,232.978845470613,231.113123385189,231.741870377985,231.416690579585,230.723639176657,245.06935682189,245.06935682189,253.999107773698,253.999107773698,256.216420899135,256.216420899135,254.620162907711,254.620162907711,254.620162907711,254.794910908389,264.819785892537,264.819785892537,266.225434976898,266.225434976898,265.062199123636,264.943419955634,262.675352708013,262.675352708013,261.794493063768,261.851887783178,270.313306957742,304.008571915618,304.008571915618,302.675022733136,302.628902398214,301.125564543016,300.282861971089,300.282861971089,426.782700642243,426.782700642243,435.589448504445,437.789997727624,438.132150395591,439.0741700089,458.634278653512,466.431536060385,661.437899164801,704.293525730933,708.40680715687,710.234167649692,711.120919821216,731.582350293137,732.198923836827,737.781472716077,738.103483069838,738.103483069838,742.108723227651,742.108723227651,861.062442099226,861.062442099226,861.758180323665,870.080275437472,919.546951913713,925.865906322937,950.542827846368,1030.95584747101,1102.04400411406,1102.04400411406,12.5629775999399,35.6708292341753,12.0883031048022,118.743491020486,80.1717956270976
2005-11-08,235.344906053959,235.344906053959,235.344906053959,235.39549671418,235.502712555852,234.350985976009,235.115174570085,234.92371037694,234.466299761768,248.742557107034,248.742557107034,257.545244294854,257.545244294854,260.1939820452,260.1939820452,259.292583317923,259.292583317923,259.292583317923,259.469486493463,269.361518569451,269.361518569451,271.717239115576,271.717239115576,270.884929147203,270.809564371534,269.147146776878,269.147146776878,268.58562147663,268.680806073204,276.560078229565,311.708812618112,311.708812618112,310.713056884248,310.748847147133,309.6204321884,308.981489869728,308.981489869728,436.999687877327,436.999687877327,445.151726847934,447.070092295025,447.33409495747,448.244377765115,466.538101086919,474.334652202728,666.741399916944,705.848344277458,709.745840630194,711.439832926058,712.225482816602,730.279433803181,730.751498358494,735.41230890197,735.651653545792,735.651653545792,739.452924650691,739.452924650691,852.340664303778,852.340664303778,853.029964187486,861.295342879346,907.520284017918,913.851221724601,938.885849241663,1023.6688419173,1092.6056169189,1092.6056169189,12.2253546593873,36.643524585353,10.7428564602295,112.54754085003,84.3647502784862
2005-11-09,235.648774221526,235.648774221526,235.648774221526,235.914261119105,236.044518795123,235.683912615971,236.623058531263,236.589993699591,236.405851803481,250.616077106601,250.616077106601,259.351496310604,259.351496310604,262.403026911255,262.403026911255,262.165030920174,262.165030920174,262.165030920174,262.351938422329,272.096870633237,272.096870633237,275.258382872251,275.258382872251,274.718510106095,274.689384395565,273.677823457141,273.677823457141,273.416956525777,273.546982257739,280.938136120869,317.752490816223,317.752490816223,317.14250294371,317.377304642307,317.005039516198,316.843614759114,316.843614759114,450.601696391991,450.601696391991,459.059923543434,461.383040705991,461.74014814642,462.653370115877,481.340654410052,489.681273553005,680.806441675688,719.267484737595,723.254665965552,725.100576501998,727.289747337661,749.630667228375,750.872898169892,755.938000184232,756.327513023977,756.327513023977,760.142031954746,760.142031954746,896.319297933586,896.319297933586,897.604005910033,904.355070082589,956.060932161162,961.399498670911,984.823216127968,1071.27094799215,1142.43162007079,1142.43162007079,11.8492188143074,37.8026321652013,10.4105719740342,137.435035766713,88.5729133052663
2005-11-10,234.044688580961,234.044688580961,234.044688580961,234.521585696037,234.673009488555,235.102143071091,236.231843528473,236.361809579096,236.460553102418,250.631361504224,250.631361504224,259.371589007004,259.371589007004,262.817038529955,262.817038529955,263.239016776096,263.239016776096,263.239016776096,263.438406801889,273.080013183294,273.080013183294,277.002868387257,277.002868387257,276.727164023408,276.726704455615,276.167573153288,276.167573153288,276.198611838754,276.36527651865,283.372701455473,321.296821518109,321.296821518109,321.028866217472,321.285576463995,321.087332526463,321.071323394003,321.071323394003,454.536573891601,454.536573891601,463.252579089181,465.201889467659,465.630699875994,466.710531697164,484.72119031336,493.886164942441,681.191200778571,718.794727283001,722.968868252584,724.675553108602,726.533930257878,747.776018281018,748.543566796882,753.307032126505,753.767162990717,753.767162990717,757.340849238001,757.340849238001,888.291073759643,888.291073759643,889.808685340659,898.677829815535,949.161738207036,955.645881566121,979.341550864109,1070.70319540548,1142.55465482232,1142.55465482232,11.4739640713046,38.4531605942103,9.93805068305426,130.640975593344,91.3264603001021
2005-11-11,230.716880930257,230.716880930257,230.716880930257,231.389817290896,231.559774042066,232.729507427967,234.047926516522,234.333541382105,234.704001784501,248.856294699896,248.856294699896,257.64389090796,257.64389090796,261.465789433796,261.465789433796,262.536778082288,262.536778082288,262.536778082288,262.749116139252,272.344695210161,272.344695210161,277.033084286041,277.033084286041,277.005652770894,277.036485218194,276.9382459083,276.9382459083,277.220915185442,277.418111420767,284.102525771074,322.874205085132,322.874205085132,322.933774991148,323.27040435653,323.409179856068,323.585557490601,323.585557490601,457.420489209052,457.420489209052,465.922370666535,467.728656873564,468.156513058024,469.258939835565,486.367417528624,495.786661358449,679.306935349894,715.435426525392,719.654357201651,721.370587562472,722.984342228504,741.86441094296,742.640376628393,746.892575757266,747.402746257102,747.402746257102,750.730011427099,750.730011427099,868.061252419762,868.061252419762,869.476108452144,878.722677568619,926.466829352048,933.470810676461,956.462038360336,1050.37925648472,1119.63679120529,1119.63679120529,11.120945222954,38.8597723152343,9.49577314610735,116.551025629363,92.7678133830968
2005-11-12,225.978877924485,225.978877924485,225.978877924485,226.817905658175,227.002972565497,228.817796802582,230.307660661032,230.728675654623,231.342081914692,245.481380840615,245.481380840615,254.332812668285,254.332812668285,258.496833778289,258.496833778289,260.192142921592,260.192142921592,260.192142921592,260.417506997701,270.00684212772,270.00684212772,275.461726249326,275.461726249326,275.666303416571,275.745242894296,276.106290893454,276.106290893454,276.624281025025,276.849293653245,283.263696858483,322.692450799131,322.692450799131,323.071255304325,323.512333743276,324.013314870478,324.386983175841,324.386983175841,459.316020142689,459.316020142689,467.602230786356,469.293835209792,469.779496638072,470.925389215066,488.044661976251,497.854364824687,677.781333898904,713.326017603562,717.543271559988,719.280732332522,720.703044717995,737.833796038203,738.622601939762,742.462461788791,743.027396129544,743.027396129544,746.16763074587,746.16763074587,853.608742784286,853.608742784286,854.72996289979,863.508773069642,908.914218307562,915.706942494449,937.5971137574,1032.37293274194,1097.60184394605,1097.60184394605,10.7967270963789,39.0887947827105,9.32986806737468,106.835556547732,93.7107521029218
2005-11-13,220.151640221533,220.151640221533,220.151640221533,221.124021978966,221.32067617768,223.667003728452,225.301616683036,225.839984428814,226.657385694157,240.752727158797,240.752727158797,249.645386161915,249.645386161915,254.102447799389,254.102447799389,256.352442020458,256.352442020458,256.352442020458,256.625488145523,266.229434422261,266.229434422261,272.407650454641,272.407650454641,272.828174245928,272.918716114607,273.681901791536,273.681901791536,274.429228525501,274.681721866517,280.875012277111,320.530133505227,320.530133505227,321.218622648267,321.722696194648,322.578184231076,323.186938041357,323.186938041357,458.585614566767,458.585614566767,466.865575878356,468.538441261291,469.016501220284,470.175472638622,486.520786110591,496.62416878121,671.853280898344,706.644040382627,710.909961282908,712.644084861981,713.932788864188,729.596193077941,730.396408182007,733.910662434383,734.480992745321,734.480992745321,737.433052617404,737.433052617404,839.247349562619,839.247349562619,840.211824597023,848.71922980128,892.44750460888,898.948426296657,919.575869166591,1014.16052609952,1076.2395242169,1076.2395242169,10.5026204244847,38.9030904644021,9.09773082627169,101.244106770833,93.4347026557717
2005-11-14,213.527815926513,213.527815926513,213.527815926513,214.602584966291,214.807541786043,217.573231822556,219.324058367462,219.9546315399,220.93679531255,234.962289638646,234.962289638646,243.856407903685,243.856407903685,248.540344812648,248.540344812648,251.25879387708,251.25879387708,251.25879387708,251.576481413398,261.199126463747,261.199126463747,268.063459628901,268.063459628901,268.675984146157,268.791648866973,269.918558653089,269.918558653089,270.865456149003,271.14168669935,277.13616595956,316.688432698063,316.688432698063,317.661538849611,318.236634855196,319.417982646612,320.231004093231,320.231004093231,455.709468579072,455.709468579072,463.955866754211,465.623660844186,466.129279524008,467.315386597018,483.067682526813,493.414922741005,663.916767557113,697.845813986547,702.129913158894,703.869793358502,705.056599951711,719.536520569059,720.336549863872,723.57492329704,724.164701886831,724.164701886831,726.955837794784,726.955837794784,825.38200102962,825.38200102962,826.261058360331,834.597088715277,877.075836655138,883.534089057458,903.913905343148,998.636436106327,1058.78452024201,1058.78452024201,10.2342112101504,38.4211402449329,8.84659045123112,97.8565691537688,93.6415245670071
2005-11-15,206.400984655133,206.400984655133,206.400984655133,207.546364765182,207.756428340704,210.829116088925,212.665912112217,213.365143716479,214.471686718853,228.393886366912,228.393886366912,237.249947164426,237.249947164426,242.09329812557,242.09329812557,245.184923299076,245.184923299076,245.184923299076,245.517364434317,255.146982458128,255.146982458128,262.576438907794,262.576438907794,263.362237966205,263.500838000879,264.958518682309,264.958518682309,266.091992512146,266.38922278213,272.203999653413,311.379702278229,311.379702278229,312.607001168447,313.245564875149,314.719558727796,315.71475717825,315.71475717825,450.933042494131,450.933042494131,459.129196767546,460.798682304852,461.325065846323,462.530820371226,477.714010295681,488.209120321719,654.03986906674,686.969046343794,691.266913403266,693.012760436535,694.126710611658,707.632188818296,708.444796253749,711.465333447002,712.074970141877,712.074970141877,714.730645033015,714.730645033015,809.967324181529,809.967324181529,810.75808171113,818.9047385699,859.856671743116,866.229965117252,885.612386424349,979.86795068264,1038.44662481603,1038.44662481603,9.98735521727787,37.7095313707849,8.58107634279735,94.6234491137043,93.0854369011929
2005-11-16,199.066779405431,199.066779405431,199.066779405431,200.241706301748,200.453917114423,203.720694423717,205.612439183953,206.356644778431,207.547018712038,221.334362289221,221.334362289221,230.119485446478,230.119485446478,235.061693344228,235.061693344228,238.426801840494,238.426801840494,238.426801840494,238.766203600878,248.397739444141,248.397739444141,256.241766867258,256.241766867258,257.164231124917,257.330579762144,259.058344472776,259.058344472776,260.34278808146,260.656750716833,266.307042103195,304.933267495763,304.933267495763,306.366356289229,307.055623847901,308.773011118065,309.922186851164,309.922186851164,444.503204254648,444.503204254648,452.647191834263,454.375161696156,454.921973248973,456.141864265679,470.857365714763,481.419151999236,642.700024037531,674.522425535278,678.808384271281,680.551189758556,681.601373425985,694.268147200079,695.081354077167,697.918779666383,698.545465297969,698.545465297969,701.085865763145,701.085865763145,792.42361866013,792.42361866013,793.175443555287,801.173190084143,840.4820988521,846.867601202594,865.588184794753,959.214664529768,1016.15955982291,1016.15955982291,9.7762370365715,36.8891680450809,8.32029495515218,90.6345421191388,92.4150981438452
2005-11-17,192.085972810534,192.085972810534,192.085972810534,193.238559956154,193.44724740157,196.709936780182,198.603610074613,199.3545622282,200.567304224455,214.139701319043,214.139701319043,222.78893670954,222.78893670954,227.740125180748,227.740125180748,231.272139153662,231.272139153662,231.272139153662,231.611393872575,241.20272673274,241.20272673274,249.327360046196,249.327360046196,250.350532252121,250.521301343488,252.457466340804,252.457466340804,253.85652050537,254.182779051624,259.669922992743,297.61175058591,297.61175058591,299.207688790055,299.936433696343,301.846488081759,303.118565035785,303.118565035785,436.662622689316,436.662622689316,444.750954328704,446.443263876442,447.007263265473,448.236825236097,462.496314948688,473.038435278338,630.075067396252,660.726054598126,664.984655531081,666.720246475702,667.717959062237,679.625232332317,680.422618366586,683.09790589744,683.737814992336,683.737814992336,686.180533207093,686.180533207093,772.727960493195,772.727960493195,773.468251707235,781.350281589067,818.888412899625,825.301966065493,843.563090135417,936.66265059633,991.783166745481,991.783166745481,9.59231882411608,35.9990947025334,8.0649210216655,85.737658654148,91.7652317186659
2005-11-18,185.299170646063,185.299170646063,185.299170646063,186.433189431297,186.639010118582,189.8672369825,191.749283314987,192.494997044871,193.703373098755,207.033351803739,207.033351803739,215.491908289651,215.491908289651,220.392220838994,220.392220838994,223.985699242404,223.985699242404,223.985699242404,224.321755962645,233.833971070619,233.833971070619,242.073948305487,242.073948305487,243.16450348456,243.344374774783,245.421156031133,245.421156031133,246.897680358481,247.231024123591,252.557674373568,289.744585477803,289.744585477803,291.451793000833,292.205455522653,294.250930838963,295.610109983314,295.610109983314,427.719340177015,427.719340177015,435.728143314627,437.421049005626,437.992024611796,439.220771923937,453.048179363388,463.459069204068,616.492026874329,645.920303448377,650.13876290192,651.86119207891,652.813269849803,664.028251770975,664.809761805613,667.344684843044,667.994096797874,667.994096797874,670.347592435056,670.347592435056,751.595725364423,751.595725364423,752.324000211693,760.074309602881,795.732181515633,802.144728611253,819.988546160383,912.54779568981,965.479644036739,965.479644036739,9.4214544711614,35.1061294226327,7.81801373028639,80.3689306651042,91.1186187106036
2005-11-19,178.710745726022,178.710745726022,178.710745726022,179.82565581901,180.028241295304,183.211653879208,185.077975537288,185.814981202392,187.00102886691,200.078700919052,200.078700919052,208.334715455055,208.334715455055,213.146459567251,213.146459567251,216.742044733186,216.742044733186,216.742044733186,217.072294590472,226.474600558478,226.474600558478,234.705024272023,234.705024272023,235.831109130186,236.014640491812,238.172434962092,238.172434962092,239.693061231887,240.02886177912,245.197403514918,281.601819196751,281.601819196751,283.373634844599,284.139342233797,286.268912587738,287.682871507179,287.682871507179,417.991350079289,417.991350079289,425.897658539429,427.584925193792,428.158456262284,429.37956072857,442.772423336512,452.974723694531,602.347970445516,630.554596472263,634.722921529324,636.425942358166,637.335724921418,647.924082423817,648.700256556883,651.117964606962,651.805159316129,651.805159316129,654.078585035968,654.078585035968,730.049612996189,730.049612996189,730.756071889664,738.329798544451,772.098531944761,778.462495154585,795.860191780948,887.782169405398,938.22717354288,938.22717354288,9.25854825095633,34.2463805160287,7.58686885566004,75.0670023807777,90.426816925141
2005-11-20,172.36834737371,172.36834737371,172.36834737371,173.458317040178,173.656924567955,176.780569697947,178.625592064456,179.350161837751,180.523910864463,193.339741735753,193.339741735753,201.380257240109,201.380257240109,206.082812929593,206.082812929593,209.639088588327,209.639088588327,209.639088588327,209.961911449642,219.235150404782,219.235150404782,227.37188817298,227.37188817298,228.510221924934,228.69731164692,230.887963083299,230.887963083299,232.425819584295,232.75849490833,237.765952923218,273.407440066144,273.407440066144,275.204753513597,275.972049750274,278.139428494146,279.579904283984,279.579904283984,407.763883968454,407.763883968454,415.546554061132,417.220234050156,417.791365792602,418.998279186178,431.975867750433,441.909820677867,587.950505045195,614.968210323023,619.071610467822,620.748829778419,621.619750676653,631.644383848007,632.408825528016,634.717408250133,635.384540147468,635.384540147468,637.58602620222,637.58602620222,708.588448789321,708.588448789321,709.270025036442,716.634169756967,748.587330857664,754.880000750833,771.798662078555,862.95630213378,910.774096645414,910.774096645414,9.10199184602156,33.4574361215879,7.37664313829204,70.0929871318001,89.6421448215466
2005-11-21,166.320318975471,166.320318975471,166.320318975471,167.378119689865,167.571985632201,170.611666644183,172.429215676731,173.137299902948,174.285077007661,186.842698271847,186.842698271847,194.669002582295,194.669002582295,199.247690436766,199.247690436766,202.739617161411,202.739617161411,202.739617161411,203.054529403085,212.186898795482,212.186898795482,220.17990863233,220.17990863233,221.313574511978,221.500551909206,223.689897516115,223.689897516115,225.222216759948,225.552579509798,230.403656939532,265.319038779364,265.319038779364,267.11199432937,267.873052296273,270.041755406867,271.485979240915,271.485979240915,397.273877002312,397.273877002312,404.917303164917,406.57097765942,407.13546808739,408.322803686596,420.906734306394,430.535688619773,573.572499115045,599.447281133945,603.472100530665,605.118132020937,605.951222021625,615.465082828647,616.205231787564,618.411879655029,619.06948232851,619.06948232851,621.205854040232,621.205854040232,687.711986524833,687.711986524833,688.363514112026,695.500407939266,725.732815547784,731.923464329234,748.322639803352,838.559497653186,883.735482915273,883.735482915273,8.95073115602313,32.7421925078403,7.18345261513958,65.6121198637052,88.7305235731682
2005-11-22,160.592089892448,160.592089892448,160.592089892448,161.612670858455,161.801221256036,164.737628133168,166.521702032569,167.209385592199,168.323517704214,180.619574278365,180.619574278365,188.232122544998,188.232122544998,192.677812870464,192.677812870464,196.085249856693,196.085249856693,196.085249856693,196.391502153397,205.37383892327,205.37383892327,213.182659018786,213.182659018786,214.301920252676,214.487442373624,216.653269909233,216.653269909233,218.173010036565,218.497380454622,223.197798604339,257.437422411064,257.437422411064,259.205406097384,259.954344272766,262.099130859087,263.529655685207,263.529655685207,386.706289875717,386.706289875717,394.199863819898,395.827235095797,396.380432179152,397.544232734018,409.749402783687,419.048716010468,559.327961802212,584.114397050615,588.05370657157,589.666240818609,590.463950695553,599.514217167355,600.228044137032,602.338214853686,602.98280787966,602.98280787966,605.058810868491,605.058810868491,667.567867954059,667.567867954059,668.189140645662,675.09286261017,703.705149463598,709.782231167962,725.642614529039,814.802629908962,857.40825769885,857.40825769885,8.80535998194685,32.1022197586011,6.99905025566116,61.6372750485012,87.6763105188891
2005-11-23,155.202928730163,155.202928730163,155.202928730163,156.182057544953,156.364811343399,159.182466348162,160.927836030454,161.591823687753,162.666301189359,174.688784180233,174.688784180233,182.081317548229,182.081317548229,186.387961709548,186.387961709548,189.699663969909,189.699663969909,189.699663969909,189.997522221205,198.825410151805,198.825410151805,206.438303991065,206.438303991065,207.533342388686,207.716101780911,209.839308715602,209.839308715602,211.333006318322,211.650125297275,216.199919485409,249.819165930875,249.819165930875,251.549864937726,252.282812583686,254.386944376158,255.792408360103,255.792408360103,376.197415903703,376.197415903703,383.53523139159,385.132648489578,385.671629683067,386.809030004728,398.649860134016,407.606143564723,545.401267542014,569.153028585664,573.002724388354,574.57914342921,575.343439252365,583.972759928569,584.660958852402,586.679030341542,587.308672538424,587.308672538424,589.330790641786,589.330790641786,648.3228295678,648.3228295678,648.913056627456,655.582649508669,682.685227667815,688.640927362508,703.952584263443,791.883021506602,832.053175378916,832.053175378916,8.66687781277792,31.5325469710407,6.8237266917012,58.1501479195965,86.4825466250712
2005-11-24,150.165569525908,150.165569525908,150.165569525908,151.100004903433,151.276734717329,153.963433349406,155.665954729011,156.303459570291,157.333275593877,169.102049503949,169.102049503949,176.266959871322,176.266959871322,180.42673383038,180.42673383038,183.623840502789,183.623840502789,183.623840502789,183.914307763955,192.582377320883,192.582377320883,199.960940751652,199.960940751652,201.027681245729,201.207118990252,203.278616180479,203.278616180479,204.740545257555,205.049571497653,209.463285570808,242.517124545745,242.517124545745,244.200349913899,244.916093475038,246.985657227494,248.369784431823,248.369784431823,366.257548070932,366.257548070932,373.398449084285,374.946844319743,375.460795930222,376.56083379679,388.036719438361,396.623861444541,532.16609124049,554.943112075735,558.687460461805,560.219443766615,560.947128786667,569.190123262604,569.845563667977,571.769582409997,572.375315668668,572.375315668668,574.348301586438,574.348301586438,630.25439410949,630.25439410949,630.810224966631,637.24256726184,662.949685758788,668.772089946333,683.528268013263,770.085978102245,807.97884114684,807.97884114684,8.53404793390219,31.0301120481493,6.66873973730744,55.1070304233337,85.1650287404827
2005-11-25,145.514382896286,145.514382896286,145.514382896286,146.403173429114,146.573682147385,149.110305774618,150.764512907424,151.368613436762,152.347926594035,163.855637011613,163.855637011613,170.810422504083,170.810422504083,174.834236362655,174.834236362655,177.921776343846,177.921776343846,177.921776343846,178.205002365797,186.71298994148,186.71298994148,193.862989446052,193.862989446052,194.884556857298,195.0609739492,197.080156294738,197.080156294738,198.500045945188,198.801802419866,203.11203273556,235.727820341816,235.727820341816,237.357075191104,238.0816590858,240.106147338524,241.464101106512,241.464101106512,357.102692123403,357.102692123403,364.099846021913,365.591174555744,366.07608975171,367.13098436294,378.281014854541,386.487203402476,519.997997581007,541.859481791564,545.483185276127,546.963193323939,547.650153447823,555.545847196279,556.161764107334,557.988511636417,558.562314218277,558.562314218277,560.491322949806,560.491322949806,613.7044744469,613.7044744469,614.221869190544,620.40493661305,644.838997523068,650.514782938027,664.718561381713,749.833835527448,785.620011354699,785.620011354699,8.40769544237228,30.6637288050819,6.53106599160117,52.4730020742989,83.8068824328237
2005-11-26,141.189104757408,141.189104757408,141.189104757408,142.029235043352,142.194052801103,144.591363730951,146.199304741479,146.777279706605,147.705156791499,158.958371530294,158.958371530294,165.689232676589,165.689232676589,169.550825152143,169.550825152143,172.500526695016,172.500526695016,172.500526695016,172.778027835381,181.127095575726,181.127095575726,188.032969211856,188.032969211856,189.011550953864,189.181672632611,191.1162256812,191.1162256812,192.497557674645,192.789645644433,196.967725012923,229.108600096376,229.108600096376,230.683886875153,231.370495734025,233.309042033592,234.61960130206,234.61960130206,347.256573844885,347.256573844885,354.14077175191,355.64715681833,356.13990674884,357.187165314491,368.100977943866,376.053676997629,507.800017262297,528.91082408955,532.466852424655,533.919691170275,534.588645722867,542.17412102606,542.779730938012,544.539313290748,545.103726121682,545.103726121682,546.99328299516,546.99328299516,597.893390566273,597.893390566273,598.387232786361,604.378299756975,627.653477107355,633.221404093536,646.928706783208,730.538923137355,764.412579234466,764.412579234466,8.28874843061802,30.2618711330348,6.40471596650846,50.1853440858026,82.3503356822696
2005-11-27,137.224066829594,137.224066829594,137.224066829594,138.014056649081,138.172774040538,140.419162706125,141.978360163049,142.525728090692,143.401059004464,154.408209697665,154.408209697665,160.926944448949,160.926944448949,164.618606669192,164.618606669192,167.426732008801,167.426732008801,167.426732008801,167.69774750328,175.887458358991,175.887458358991,182.526655140521,182.526655140521,183.472272431672,183.637102173478,185.488934882041,185.488934882041,186.822574167537,187.104643739052,191.160180636707,222.871288778475,222.871288778475,224.383197433927,225.048800594696,226.907724608613,228.15825736239,228.15825736239,338.325427184365,338.325427184365,344.973805380927,346.426998255239,346.895474553124,347.904123909803,358.519046426273,366.159940799319,496.23933390114,516.615197473407,520.081396625283,521.501199195511,522.142558736295,529.43866499381,530.022425651363,531.711526163223,532.259015681946,532.259015681946,534.114094791371,534.114094791371,582.990197264557,582.990197264557,583.458749778617,589.267086129968,611.481299368713,616.939607320415,630.181182463793,712.218156664888,744.338336820512,744.338336820512,8.1770507957875,29.9137638807428,6.29372411892677,48.1952518530905,80.8281920838832
2005-11-28,134.319361391251,134.319361391251,134.319361391251,135.102152729361,135.251986149003,137.165964539982,138.652733087609,139.156699736732,139.917013331863,150.799529917805,150.799529917805,157.15362998605,157.15362998605,160.822218687001,160.822218687001,163.516257115358,163.516257115358,163.516257115358,163.777995612831,171.883739293686,171.883739293686,178.25302569728,178.25302569728,179.03742957226,179.237748347627,180.973202580108,180.973202580108,182.287065914163,182.551949919539,186.614112911026,218.276129524638,218.276129524638,219.653278708069,220.416797442263,222.135856285575,223.251655544352,223.251655544352,334.29876609927,334.29876609927,340.661675436541,341.891376376064,342.232984948467,343.097734051217,353.333107965811,360.36003739452,488.672579815586,508.109231607214,511.323766390058,512.625817015947,513.182958460166,520.202913805327,520.671431194297,522.211882567485,522.665462668565,522.665462668565,524.487322876187,524.487322876187,571.496367350931,571.496367350931,571.926801713192,577.499238597773,598.855261457571,604.206949612308,617.070620410537,697.435154582253,728.055240173024,728.055240173024,8.30199245034113,30.0865655371413,6.18914595361034,46.4532092150188,79.3290834143058
2005-11-29,132.217987440584,132.217987440584,132.217987440584,132.993522039588,133.144344143961,134.723830163505,136.110735930198,136.534725808977,137.167366453268,148.310387207228,148.310387207228,154.599836023491,154.599836023491,158.174139837621,158.174139837621,160.56700625716,160.56700625716,160.56700625716,160.933068726724,169.345888641387,169.345888641387,175.160098394131,175.160098394131,175.769572525384,175.967892454757,177.558220645375,177.558220645375,178.899777299456,179.170708329294,183.63181928799,215.738978786282,215.738978786282,216.879505202252,217.746041877607,219.415718030499,220.294426907878,220.294426907878,332.805250616556,332.805250616556,340.186933321481,341.51427660699,341.766263038855,342.506688129354,352.903614128078,359.332493787077,486.840962867652,505.4694964096,508.407834274887,509.614789909491,510.079334326011,516.898246750009,517.231100199307,518.604003287726,518.945979671933,518.945979671933,520.774043589345,520.774043589345,566.057744504134,566.057744504134,566.359408526441,571.545768195292,592.043369474822,597.209485627564,609.54205609553,688.114653837009,717.189302719263,717.189302719263,8.71631192668655,30.8083754730034,6.21658037051422,44.9654626611063,77.9289137346653
2005-11-30,129.917845970849,129.917845970849,129.917845970849,130.64388609242,130.803399247281,132.265188200499,133.588491852193,133.972459289387,134.551893453047,145.59739928464,145.59739928464,151.957164477915,151.957164477915,155.263039145628,155.263039145628,157.426891708033,157.426891708033,157.426891708033,157.758026436064,166.008642985103,166.008642985103,171.77795946178,171.77795946178,172.384184964155,172.516862539587,173.886829222066,173.886829222066,175.075779601192,175.334242172198,179.777992620317,211.764063383181,211.764063383181,212.902226056174,213.583798112001,215.047189071119,216.026295229675,216.026295229675,327.740731987009,327.740731987009,334.71555708434,336.190855970377,336.545221731709,337.390331371544,347.754103829844,354.294193454286,481.470364021084,499.81593629688,502.782484546337,503.96530980224,504.436776953152,511.068623535953,511.428703901168,512.778429483633,513.134658608159,513.134658608159,514.936923223737,514.936923223737,558.863623354927,558.863623354927,559.171029557961,564.312351428376,583.941690388287,588.940267823689,600.987244749022,678.095641314237,705.867121174843,705.867121174843,8.61234908728478,30.6849102248988,6.1934294288905,43.5849141657611,76.4302940698336
2005-12-01,127.373022038013,127.373022038013,127.373022038013,128.023374576929,128.189661045795,129.69955105183,131.019518485122,131.40305558543,131.98020258975,142.836763431315,142.836763431315,149.290896018062,149.290896018062,152.504531093694,152.504531093694,154.56391536941,154.56391536941,154.56391536941,154.857113699812,162.84992684023,162.84992684023,168.535669779106,168.535669779106,169.125855739039,169.254194809539,170.509949243637,170.509949243637,171.582488439463,171.832037119635,176.270002271225,208.039742047155,208.039742047155,209.139433769865,209.790796079622,211.143247824235,212.074277469307,212.074277469307,323.201189352351,323.201189352351,329.888266371453,331.345277887971,331.696493237001,332.527115983144,342.93313040657,349.329871709869,475.93285905766,493.934907511712,496.868455742555,498.041430050077,498.511192122292,504.963556179539,505.333193144893,506.657526451378,507.031694199899,507.031694199899,508.807401394878,508.807401394878,551.586020420029,551.586020420029,551.889471820139,556.939641162047,575.791813489064,580.724341611378,592.520324269286,668.147876225568,694.716569031121,694.716569031121,8.41451721783624,30.5328806802676,6.14470250558664,42.4315302219738,74.9503152194696
2005-12-02,125.473662217612,125.473662217612,125.473662217612,126.093024312524,126.273361570382,127.58566530214,129.354237205965,129.835726563408,130.433377647943,141.66525571739,141.66525571739,149.408953290727,149.408953290727,152.911508296893,152.911508296893,154.541233285776,154.541233285776,154.541233285776,154.990330412096,163.531584363907,163.531584363907,168.618490851979,168.618490851979,168.754290385714,168.957829308608,169.627337585702,169.627337585702,170.581325909405,170.798873219408,175.520533160442,207.824539547616,207.824539547616,208.420773431568,209.032954237535,209.916994040767,210.498354304665,210.498354304665,322.240165706469,322.240165706469,329.444737886537,330.907058625725,331.502465102647,332.380574407414,345.53570779895,352.586543317046,502.069162481604,534.635425476869,536.26657031527,537.058542202917,537.199437509507,545.6000100191,545.154630055193,545.518524970119,544.891746226153,544.891746226153,546.926675851151,546.926675851151,588.781498412313,588.781498412313,588.365664548866,591.643071275099,610.466995313071,616.728902063462,635.884739159695,724.933672777433,749.45487191813,749.45487191813,8.71175392362139,31.8152323966843,26.0267603374093,43.2021369821525,92.3760813461336
2005-12-03,127.400559539749,127.400559539749,127.400559539749,128.025365367983,128.184180282721,128.622453636889,130.216824371345,130.487319206712,130.702753974418,142.871303780919,142.871303780919,151.079172226915,151.079172226915,154.356019644823,154.356019644823,155.923663236685,155.923663236685,155.923663236685,156.429286938196,165.35885488669,165.35885488669,169.343572799105,169.343572799105,169.297801717579,169.422201215846,169.602121908029,169.602121908029,170.158183055653,170.341642823599,174.975811215788,208.757400807891,208.757400807891,208.9750836356,209.416515533708,209.890630745231,210.268312389682,210.268312389682,322.194248249334,322.194248249334,328.544389542619,329.925666235434,330.28536819029,331.048505206529,343.133324161943,350.006337191872,515.530948376792,568.094863762919,569.259665698631,569.500573237888,569.370330433867,580.024569090899,579.352715928379,579.516513515292,578.811989781203,578.811989781203,580.830459604652,580.830459604652,622.866615740644,622.866615740644,622.407654649576,626.198146553347,644.449773029931,654.165911481866,689.856709983409,800.07137169467,822.990055460912,822.990055460912,10.0355064752052,33.8082550098595,47.5144724434267,43.5332480176243,115.035544087964
2005-12-04,138.534719973595,138.534719973595,138.534719973595,138.465044086469,139.248176373775,138.362793078809,139.785847205996,139.813378023282,138.977173960753,152.804930939412,152.804930939412,163.929595763519,163.929595763519,165.95127418262,165.95127418262,164.650817026155,164.650817026155,164.650817026155,166.044660858933,175.839063569543,175.839063569543,175.20884832049,175.20884832049,174.41562398213,174.570353329299,173.484111171675,173.484111171675,173.425881274147,173.518663000322,177.952575927936,213.451835802208,213.451835802208,212.961007450816,213.205566623205,212.967309682345,212.918050201785,212.918050201785,326.608325048159,326.608325048159,332.332273604932,333.487776073809,333.713864446317,334.336966307317,345.971157752721,352.374636683475,528.834401847596,593.253331967644,594.835691753622,595.303144576731,595.337803791954,607.983272031519,607.518114479953,607.867502648889,607.367763054472,607.367763054472,609.381711983456,609.381711983456,652.752783379575,652.752783379575,652.380752617258,657.233043015419,674.959692872908,689.248396994014,741.352298072728,880.580269825219,902.55382629131,902.55382629131,12.5747468676649,36.5429931018153,55.5462428127537,44.6450090454243,144.197864459312
2005-12-05,145.695848084442,145.695848084442,145.695848084442,145.60635127775,146.381177070333,144.472706634546,145.896155262781,145.737269889817,144.902455698743,164.218652276463,164.218652276463,178.464901003288,178.464901003288,180.380434412825,180.380434412825,176.868033692464,176.868033692464,176.868033692464,177.907275743319,188.56456321324,188.56456321324,185.343396503448,185.343396503448,184.053307754117,184.220815143692,181.850074075239,181.850074075239,181.277004104231,181.283358217778,185.853035328315,223.609521015977,223.609521015977,222.129052093625,222.147056996694,220.905989425151,220.194993276745,220.194993276745,337.793775003989,337.793775003989,343.667498186022,344.954979789179,345.023862322271,345.43501066253,357.392686875018,363.132476788866,545.870402947073,611.767446636175,613.740294296231,614.447878486771,614.679190415708,628.582166642954,628.360618660029,628.920551372223,628.62091662342,628.62091662342,630.633222956691,630.633222956691,675.489817767192,675.489817767192,675.253972602855,681.403355242468,698.675493515824,716.636432558256,776.545323920868,948.05653140385,969.624146726409,969.624146726409,16.0492241603004,40.1081139001928,54.0949119594813,45.8055964344784,175.537768257038
2005-12-06,150.834536604823,150.834536604823,150.834536604823,150.927185969159,151.675453801231,149.880834147989,151.25822570518,151.036641457342,150.226618750034,171.689597822825,171.689597822825,189.049628379578,189.049628379578,192.934141740637,192.934141740637,190.006014482066,190.006014482066,190.006014482066,191.17579303489,201.936791527577,201.936791527577,198.304544784945,198.304544784945,196.652923023288,196.918844603048,193.627604150158,193.627604150158,192.444267829524,192.375319204477,197.026639950567,238.595401072316,238.595401072316,236.273471494989,236.197491096819,234.156136613654,232.881912990338,232.881912990338,359.485473449084,359.485473449084,364.516274559808,365.277179222277,365.19900701786,365.402529000032,377.263322946981,382.450549681597,568.92782381323,631.203439446943,633.173333352849,633.872125409445,634.118042336496,648.472471385847,648.269319442917,648.848042932096,648.581189872022,648.581189872022,650.576779313664,650.576779313664,696.299791228699,696.299791228699,696.10359583451,703.153344653636,719.992216970537,739.942540136404,800.145200603702,999.070705412493,1020.38197007083,1020.38197007083,17.1422027174232,45.0204919716517,49.0517888892771,46.5792058720067,201.892819520067
2005-12-07,153.511731764852,153.511731764852,153.511731764852,153.865640954736,154.593681776649,153.682066731687,155.228508358004,155.123280939051,154.50836373323,176.735827206201,176.735827206201,194.305507611389,194.305507611389,199.788174604193,199.788174604193,198.61931816092,198.61931816092,198.61931816092,199.702286501761,210.635483430724,210.635483430724,209.393282386071,209.393282386071,208.011710984939,208.43222132037,205.253788203356,205.253788203356,204.121525226718,204.062959210965,209.113506220379,255.904889163774,255.904889163774,253.100606908585,252.881364936477,250.302602352708,248.71880966729,248.71880966729,387.524080656807,387.524080656807,392.570391544571,393.276604090684,393.073689845075,393.094496647018,405.102976272723,409.782578933315,596.562610348799,653.472833917565,655.312910385677,655.950420602899,656.15834586628,670.43389787164,670.197184828495,670.739750340287,670.462219277359,670.462219277359,672.452075060081,672.452075060081,718.504519769109,718.504519769109,718.287074658793,725.807663557376,742.22089374984,762.655291580984,819.155282816033,1034.54100592012,1055.62582055232,1055.62582055232,17.3234824699191,50.727485295456,43.105535488402,46.9536137746758,217.411381211793
2005-12-08,155.417816708584,155.417816708584,155.417816708584,156.028516280878,156.751404036117,156.448824168422,158.191669404733,158.218141804249,157.803731926328,180.734176198014,180.734176198014,199.575015437998,199.575015437998,206.229948021188,206.229948021188,206.443245529565,206.443245529565,206.443245529565,207.643534455412,218.795062034383,218.795062034383,220.131971938253,220.131971938253,218.934324072735,219.588414117313,216.819316337647,216.819316337647,215.971551944619,215.957736258474,221.86325016316,276.445760888523,276.445760888523,273.307128515585,273.218850059476,270.317787181593,268.43878051353,268.43878051353,425.509337269801,425.509337269801,431.582641325081,432.460392967838,432.15686151262,431.946164549108,445.458842107638,449.67128063789,636.338109439171,688.984437953472,690.395317745238,690.828958320624,690.897260099866,704.923056430284,704.382451873115,704.622801956615,704.060477058065,704.060477058065,706.052722032688,706.052722032688,751.729630579173,751.729630579173,751.357400827576,758.745133546044,774.875264898259,794.735955421328,846.593199589121,1067.08077471008,1087.90159388425,1087.90159388425,17.4520305205739,58.8602311560237,38.6451802237523,46.9801563330771,222.187034933306
2005-12-09,155.035115354747,155.035115354747,155.035115354747,155.834125820537,156.54781173932,157.151952922257,159.178224397199,159.406751704201,159.310985400755,182.444910249832,182.444910249832,200.842095609529,200.842095609529,208.444216003135,208.444216003135,210.078567661074,210.078567661074,210.078567661074,211.340901058153,222.728144990543,222.728144990543,226.534707353277,226.534707353277,226.00504817538,226.885836867726,224.850779451133,224.850779451133,224.292854475658,224.35865134784,230.670073303613,293.715481253461,293.715481253461,290.938673758202,290.762257074045,287.827600082409,285.993401449783,285.993401449783,457.287944993626,457.287944993626,462.223083005031,462.995224995199,462.854402789417,462.853729846047,476.51249542649,481.370949997787,665.256988385371,713.330347213211,715.044817612012,715.606206247316,715.785439514741,729.358424288346,729.044643199971,729.493428495714,729.121122017317,729.121122017317,731.104028011455,731.104028011455,776.651728573057,776.651728573057,776.399804712149,784.220103624003,799.957038552662,819.252136504247,866.291799255623,1082.58395732188,1103.20803319628,1103.20803319628,17.2083353500918,66.7186076843845,33.7282680105259,46.5391608492966,217.1539655968
2005-12-10,153.047663701586,153.047663701586,153.047663701586,154.040370352827,154.732864662283,156.086775322752,158.211408091669,158.538088717624,158.735892743273,181.864156354957,181.864156354957,199.823126505842,199.823126505842,207.868954901914,207.868954901914,210.405077386846,210.405077386846,210.405077386846,211.460378721148,222.901465056283,222.901465056283,229.141228536719,229.141228536719,229.160109476442,230.141047533517,229.186683247093,229.186683247093,229.201910975181,229.35932144558,235.977570746257,306.717796181787,306.717796181787,304.713914138517,304.704855781521,302.436745662849,300.962510533218,300.962510533218,490.035890415902,490.035890415902,494.693311360214,495.355496959016,495.171330829109,495.165579996788,508.898649242334,513.781608710919,693.89371621772,737.796755657747,739.469226538849,740.036645498193,740.209298962381,753.191476743204,752.875330372781,753.342733682952,752.994992856839,752.994992856839,754.960781381119,754.960781381119,799.946182931416,799.946182931416,799.732190299729,807.555395614376,822.898566887145,841.227402069512,883.809241316503,1089.99901864582,1110.32003271509,1110.32003271509,16.7938372512754,73.3142202640449,29.6497790569454,45.9004274062917,206.596413460381
2005-12-11,150.234551150843,150.234551150843,150.234551150843,151.327046455959,151.991942506342,153.884301668033,156.116270395527,156.544595410293,156.954721678027,179.408504157565,179.408504157565,196.723901548874,196.723901548874,205.035905814265,205.035905814265,208.393231764749,208.393231764749,208.393231764749,209.304780741459,220.666367618314,220.666367618314,228.724046920622,228.724046920622,229.182091643806,230.231423506855,230.224613110988,230.224613110988,230.773521719702,231.016896213203,237.819157866773,314.250339802241,314.250339802241,313.227532117069,313.45580792156,312.197375948193,311.316976810011,311.316976810011,520.485431598881,520.485431598881,525.269882846675,525.975530175331,525.818382059376,525.887203384376,539.797892388249,544.843300771206,720.581663575774,761.085672351025,762.760756496044,763.345336848658,763.516592879659,775.87367679868,775.558480619944,776.042496674207,775.716779218518,775.716779218518,777.664237191591,777.664237191591,821.918352924624,821.918352924624,821.725345124743,829.426170236385,844.379592937913,861.609118820167,900.244996258438,1093.51099072488,1113.46044547872,1113.46044547872,16.0360475500903,77.6882888781953,26.3860720138321,45.1077457692549,193.454372193764
2005-12-12,147.026512780373,147.026512780373,147.026512780373,148.158343495213,148.79129700762,151.001465765303,153.293935706338,153.788457549732,154.346253050633,175.89247499816,175.89247499816,192.386832114528,192.386832114528,200.732277950688,200.732277950688,204.675058319441,204.675058319441,204.675058319441,205.484942090444,216.74666169705,216.74666169705,226.060719677107,226.060719677107,226.846685599327,227.92197020359,228.662691595613,228.662691595613,229.641874623651,229.953187520012,236.837084330361,316.583186355481,316.583186355481,316.505803562238,316.969390672839,316.752124014007,316.512164238804,316.512164238804,546.142290894537,546.142290894537,551.37532806452,552.218714779379,552.141647733577,552.323411852949,566.55550490721,571.911104290259,743.236879469175,781.100183301677,782.875472324167,783.520671951614,783.727962506823,795.482404762957,795.228319824427,795.77380415629,795.515395841238,795.515395841238,797.44569432009,797.44569432009,840.943770011131,840.943770011131,840.796701352054,848.384695644754,862.957985831184,879.169046965802,914.43797109894,1094.08715307114,1113.65660978565,1113.65660978565,15.2822986576355,79.7948010143608,23.7883609773993,44.22860409089,179.673987769184
2005-12-13,143.734207788367,143.734207788367,143.734207788367,144.871082476194,145.470976027433,147.814927628169,150.13514599981,150.683890361165,151.329943483913,172.042456148645,172.042456148645,187.611146832405,187.611146832405,195.770189793381,195.770189793381,200.006846816196,200.006846816196,200.006846816196,200.737402986982,211.85543740826,211.85543740826,221.912435284259,221.912435284259,222.917661352518,223.988239475864,225.260666183976,225.260666183976,226.548642525346,226.909395927461,233.799819561408,314.733819081501,314.733819081501,315.432449255092,316.092967284319,316.768959593054,317.09200707307,317.09200707307,565.575243774397,565.575243774397,571.414263142144,572.46787285544,572.511241971669,572.841431314551,587.407033285995,593.156281438447,760.306818443114,796.118150248995,798.068631377223,798.80858239128,799.080870259941,810.276345508822,810.131221208525,810.77899932986,810.629030828081,810.629030828081,812.543278404082,812.543278404082,855.303134656789,855.303134656789,855.228155062791,862.750062992903,876.954157564647,892.290805149611,924.737956506199,1091.30697210554,1110.51584379813,1110.51584379813,14.7108401577881,80.0249254813779,21.6959570234997,43.3039224940975,166.406933902192
2005-12-14,140.53365063806,140.53365063806,140.53365063806,141.657791830771,142.223303863275,144.577025935861,146.887211567377,147.454411911317,148.140354509567,168.105962576781,168.105962576781,182.772089300891,182.772089300891,190.642051619217,190.642051619217,194.964787731278,194.964787731278,194.964787731278,195.626521292297,206.549091400672,206.549091400672,216.906998290782,216.906998290782,218.036990431193,219.080217581178,220.692949991093,220.692949991093,222.197596818801,222.589936744456,229.429370172548,309.877840851748,309.877840851748,311.150342519106,311.956247910432,313.312455514425,314.069510324699,314.069510324699,577.990003366396,577.990003366396,584.49309286356,585.78209817528,585.95656771934,586.445265651899,601.33975142166,607.505858154646,770.803390277121,804.973539882352,807.146523107075,808.002432191361,808.358128824488,819.035309582755,819.031463243193,819.808942509014,819.795080790377,819.795080790377,821.694006110316,821.694006110316,863.736347972764,863.736347972764,863.751941331401,871.253847399788,885.096762298257,899.713634473487,929.807940007199,1084.42312619649,1103.29631303641,1103.29631303641,14.2217127335048,78.8534645574536,19.9825332465994,42.3551186459833,154.223960022457
2005-12-15,137.281967754268,137.281967754268,137.281967754268,138.402860055216,138.937608518705,141.298964581799,143.58180694908,144.131911183861,144.827414434005,164.032466228243,164.032466228243,177.917093419592,177.917093419592,185.474110867465,185.474110867465,189.787329543649,189.787329543649,189.787329543649,190.391588941433,201.10599503654,201.10599503654,211.481469354041,211.481469354041,212.669284534882,213.671059961132,215.47768006275,215.47768006275,217.106121807707,217.516666547692,224.267658953108,303.032448114178,303.032448114178,304.701013937846,305.606494672869,307.442509224513,308.507184684431,308.507184684431,583.307256758453,583.307256758453,590.465000410113,591.991119050546,592.298524549394,592.943525754981,608.108458841196,614.675971771328,774.554074100331,807.388610989236,809.794984204344,810.771385575437,811.2164885671,821.41866445923,821.567089268529,822.481182630217,822.612036492643,822.612036492643,824.495697887053,824.495697887053,865.829065223089,865.829065223089,865.940776785987,873.443094964697,886.934827384471,900.950111581806,929.070018244802,1073.07455007888,1091.62855076672,1091.62855076672,13.7182883398836,76.7108794953637,18.5783946408742,41.4015372152477,143.362181414521
2005-12-16,135.173013469851,135.173013469851,135.173013469851,136.269582550412,136.780945607323,138.93481774319,141.115704096737,141.59881159352,142.185796280918,160.594236530013,160.594236530013,173.643792479869,173.643792479869,180.803145288765,180.803145288765,184.92364910092,184.92364910092,184.92364910092,185.487922961272,196.137916723645,196.137916723645,206.516786909639,206.516786909639,207.672476849962,208.680787965886,210.865239093597,210.865239093597,212.77932798756,213.222710500134,220.491862022175,298.589701026016,298.589701026016,300.312785493254,301.607577341022,303.621985434426,304.55168578078,304.55168578078,591.524164172017,591.524164172017,599.967213936083,601.507852368553,601.797735173265,602.394299783441,617.653869761177,623.968595606813,780.966157352586,812.227222129145,814.488172342131,815.401863644326,815.794987501602,825.524840956868,825.608561853631,826.463353311347,826.55842361979,826.55842361979,828.420657462947,828.420657462947,868.782701402098,868.782701402098,868.874976079026,876.050116458352,889.193838708747,902.376480626145,928.534953858846,1062.95883916328,1081.08326874131,1081.08326874131,13.3157516084342,76.0268428968535,17.5553207746943,40.4645704955787,133.848343095343
2005-12-17,132.788600967639,132.788600967639,132.788600967639,133.813462360526,134.310950622858,136.396180090021,138.552212299718,139.026047220677,139.597381878646,157.393176999293,157.393176999293,169.885449432639,169.885449432639,176.697477496843,176.697477496843,180.584278145552,180.584278145552,180.584278145552,181.136429261237,191.612997719652,191.612997719652,201.745973854038,201.745973854038,202.853334985993,203.780284171363,205.748310833065,205.748310833065,207.576555480118,208.02430176653,215.32676620279,291.906400471088,291.906400471088,293.760388635086,294.873338702898,296.951468463369,298.133718786463,298.133718786463,588.867252403645,588.867252403645,597.837893139564,599.847929383164,600.34091139097,601.165193273117,617.20214497597,624.056698087,779.185860236041,809.76286658426,812.282883425759,813.323103210964,813.811374251311,823.153646657679,823.392457578427,824.376023701991,824.606742179246,824.606742179246,826.452573492439,826.452573492439,866.122208052305,866.122208052305,866.297066916635,873.439731376409,886.25504832165,898.954551933978,923.643616902657,1049.9765674086,1067.76307794799,1067.76307794799,12.9678162189896,74.4063652367808,16.747068762085,39.556506609931,125.593217832215
2005-12-18,130.397347380308,130.397347380308,130.397347380308,131.391184861443,131.869981977546,133.894487619755,136.025503148829,136.491270680075,137.055276453555,154.290452317421,154.290452317421,166.248429576676,166.248429576676,172.747951212396,172.747951212396,176.467623446318,176.467623446318,176.467623446318,176.977455757515,187.194372866562,187.194372866562,197.058217794833,197.058217794833,198.138456362417,199.019860229205,200.895169847786,200.895169847786,202.643780892093,203.087001256535,210.370281711361,285.462948544289,285.462948544289,287.336365507967,288.423427446976,290.479513171852,291.667179033634,291.667179033634,583.376866770094,583.376866770094,592.396515978125,594.509557426472,595.070885710076,595.98128455081,612.181813776259,619.252854505037,772.320213755533,802.197922442285,804.901980052229,806.03780447865,806.600257075073,815.588443407893,815.95843977055,817.050998931065,817.403088488622,817.403088488622,819.233014930873,819.233014930873,858.233169114572,858.233169114572,858.4866325997,865.60697197988,878.10615684266,890.416070302495,913.868967303147,1033.27883613315,1050.7561429056,1050.7561429056,12.6146401079826,72.987090003558,16.0441060439294,38.6853838944811,118.455196830281
2005-12-19,128.135976562944,128.135976562944,128.135976562944,129.098398757184,129.557878240023,131.507036976436,133.607112600826,134.060349345211,134.60910844718,151.305284407215,151.305284407215,162.791130753298,162.791130753298,169.015363472047,169.015363472047,172.585015691197,172.585015691197,172.585015691197,173.062398387859,183.035484372128,183.035484372128,192.594825456075,192.594825456075,193.633803858384,194.469750327145,196.272445801462,196.272445801462,197.974740354798,198.411689380634,205.604698004462,279.192231413683,279.192231413683,281.061317915302,282.134891159603,284.172737458038,285.341704574959,285.341704574959,576.450044873824,576.450044873824,585.442970360179,587.582345250083,588.16075371541,589.105427967851,605.260916331562,612.331833330645,763.246454479477,792.312617219897,795.080249199148,796.253383572221,796.845133097766,805.499283385687,805.930244117543,807.067651293809,807.480876805227,807.480876805227,809.29264590885,809.29264590885,847.5733372535,847.5733372535,847.866973321011,854.867651672404,867.059236621709,878.944150571637,901.242829419528,1014.59105023292,1031.73350882685,1031.73350882685,12.2884450095834,71.5282188815879,15.4047768207107,37.8576960384953,112.273431118872
2005-12-20,126.005048115742,126.005048115742,126.005048115742,126.936948818417,127.377797275265,129.245981486384,131.314612580477,131.753387644509,132.282181391697,148.474859124787,148.474859124787,159.51657474633,159.51657474633,165.485308890029,165.485308890029,168.912332962914,168.912332962914,168.912332962914,169.362047160883,179.117933840826,179.117933840826,188.353359149801,188.353359149801,189.340791647155,190.133202558118,191.867138623409,191.867138623409,193.545594266905,193.976698150017,201.034598964719,272.950782184498,272.950782184498,274.831093134696,275.900576286969,277.938114649979,279.096758253246,279.096758253246,568.38120858808,568.38120858808,577.331451430215,579.47552875408,580.062824481758,581.030044499347,597.0611184788,604.072767553287,752.832642636334,781.086238518034,783.873956159409,785.061342133139,785.664519871475,794.008816056842,794.47103345887,795.62407368439,796.069987598837,796.069987598837,797.862928385865,797.862928385865,835.422652524214,835.422652524214,835.736190729917,842.571951827184,854.472483195363,865.928130935617,887.161116482471,995.227329465459,1012.0180763063,1012.0180763063,11.9943071268695,69.8635953229646,14.8170614674387,37.0768963110367,106.944599190445
2005-12-21,123.983358606939,123.983358606939,123.983358606939,124.88773009705,125.310641992514,127.08552030889,129.13141712181,129.556840098522,130.066685259178,145.791164518556,145.791164518556,156.421065268644,156.421065268644,162.132711928116,162.132711928116,165.425543540305,165.425543540305,165.425543540305,165.849780111867,175.412367809638,175.412367809638,184.327569248083,184.327569248083,185.280527727582,186.030694349798,187.691698796569,187.691698796569,189.342665218777,189.771226855299,196.687872510636,266.684033195557,266.684033195557,268.583995971086,269.654426348186,271.703509826725,272.861460120754,272.861460120754,559.266595085064,559.266595085064,568.178743380819,570.32097771003,570.915680260521,571.90165659602,587.768892782018,594.705962904255,741.269993293861,768.761242365408,771.557869527563,772.753898451185,773.364552068952,781.423385599302,781.909853744805,783.070869300632,783.542194789244,783.542194789244,785.316672953031,785.316672953031,822.187498198304,822.187498198304,822.514919475659,829.181027180133,840.80304383827,851.860979617498,872.125707797132,975.581381531791,992.022811344957,992.022811344957,11.7256024907572,67.9361645090098,14.2803493737263,36.3429970158054,102.30904914097
2005-12-22,122.066279121629,122.066279121629,122.066279121629,122.943777625735,123.349192948553,125.059412566281,127.070981578961,127.48144841723,127.970450699103,143.261525150459,143.261525150459,153.503825544678,153.503825544678,158.99225795303,158.99225795303,162.142940635279,162.142940635279,162.142940635279,162.54335779089,171.923095085092,171.923095085092,180.516980225621,180.516980225621,181.427212468291,182.137026812404,183.729524595465,183.729524595465,185.344975025827,185.767073427261,192.524318060067,260.374591527199,260.374591527199,262.295884666993,263.370003604153,265.435656611174,266.598082141041,266.598082141041,549.156547249137,549.156547249137,558.030027103331,560.169173241273,560.770827619908,561.773892065637,577.451987895773,584.311630582851,728.566118654925,755.347940849144,758.155519718268,759.360601922884,759.979583913868,767.775770874855,768.28699431642,769.456046032585,769.95222614408,769.95222614408,771.708951622503,771.708951622503,807.932879988727,807.932879988727,808.273817343829,814.779161106375,826.134257854745,836.836787196305,856.237117219703,955.666650267489,971.769366081941,971.769366081941,11.4785265472564,65.7823488052733,13.7925478225094,35.6527460962951,98.2580472014016
2005-12-23,120.225821614549,120.225821614549,120.225821614549,121.08014136129,121.468891496109,123.116498199883,125.105246709297,125.503447420494,125.974831181481,140.867462368206,140.867462368206,150.752702999097,150.752702999097,156.027120222356,156.027120222356,159.049008080918,159.049008080918,159.049008080918,159.428123785034,168.62473614404,168.62473614404,176.914521173863,176.914521173863,177.782492312069,178.453930481109,179.978526409928,179.978526409928,181.557553259945,181.97194237808,188.561571272582,254.095622128267,254.095622128267,256.02439190308,257.098667797648,259.172036812353,260.335927640732,260.335927640732,538.176455409546,538.176455409546,547.00880632028,549.141329906494,549.748516454799,550.765720098123,566.234647081228,573.012029695608,714.798927473334,740.923730732544,743.741583132352,744.954822635711,745.581960105249,753.134276889693,753.669621840396,754.846890295135,755.366931056655,755.366931056655,757.105381919295,757.105381919295,792.719818743414,792.719818743414,793.073996880226,799.431680952241,810.531018295827,820.918844539632,839.545900589586,935.434194487251,951.211776424922,951.211776424922,11.2505021431038,63.4760241003605,13.3531476808541,35.0013869181313,94.6883878545794
2005-12-24,118.442173861294,118.442173861294,118.442173861294,119.276370163494,119.649229498,121.242449930512,123.212037676706,123.600446590769,124.058115389122,138.587267227627,138.587267227627,148.143727103822,148.143727103822,153.220445354608,153.220445354608,156.121301262294,156.121301262294,156.121301262294,156.481743076032,165.530814558932,165.530814558932,173.519599215222,173.519599215222,174.345782835042,174.980876527452,176.436248098581,176.436248098581,177.9770795677,178.382842739943,184.807742253905,247.926613912033,247.926613912033,249.845647039556,250.915657790297,252.981080258867,254.138555331002,254.138555331002,526.50841826687,526.50841826687,535.280285257106,537.405764010427,538.015477870379,539.04287218038,554.283682452918,560.969382620923,700.133385733942,725.649081632892,728.471780448897,729.690950188972,730.324881400609,737.651109493167,738.207941427668,739.390297126121,739.931573958777,739.931573958777,741.653732070486,741.653732070486,776.690895962122,776.690895962122,777.056688965591,783.272889326923,794.127147212238,804.228671197482,822.157637796984,914.898090710904,930.367537098568,930.367537098568,11.0396466812226,61.0904388616908,12.9575739047585,34.3869503058767,91.5121874599023
2005-12-25,116.780455119607,116.780455119607,116.780455119607,117.588329894825,117.944993139653,119.469404620872,121.418082586799,121.797855942734,122.240340950792,136.539217790473,136.539217790473,145.901637096793,145.901637096793,150.834531244185,150.834531244185,153.548489707612,153.548489707612,153.548489707612,153.928152543495,162.880566896242,162.880566896242,170.483277567992,170.483277567992,171.245968830884,171.844220919144,173.199059544077,173.199059544077,174.685585712633,175.079875996892,181.338064115707,242.023178310322,242.023178310322,243.902456197166,244.960688657761,246.989555756824,248.124704283059,248.124704283059,514.414511281511,514.414511281511,523.103416665202,525.213965235276,525.825871606807,526.857540351042,541.854280896345,548.435078861245,684.86978518517,709.806615014601,712.623760672536,713.843605817903,714.480122714815,721.595047395785,722.166864069393,723.348650685138,723.905342343685,723.905342343685,725.611653548287,725.611653548287,760.096753681642,760.096753681642,760.470844386651,766.551445560833,777.170385984414,787.003980904021,804.294458432679,894.199628785994,909.363019400886,909.363019400886,10.9420318057898,58.7263883429814,12.6030180119142,33.806909048838,88.6562519856399
2005-12-26,115.149580275966,115.149580275966,115.149580275966,115.941608674631,116.284369613108,117.759385823635,119.688337042418,120.056516807816,120.485405028951,134.527316346023,134.527316346023,143.681265854843,143.681265854843,148.458273121508,148.458273121508,151.075644219433,151.075644219433,151.075644219433,151.425086487457,160.20116301934,160.20116301934,167.587434457921,167.587434457921,168.315596267374,168.882501538976,170.179037263,170.179037263,171.622099415586,172.005877013617,178.107597885457,236.388281733739,236.388281733739,238.220752214458,239.265667706402,241.24542085697,242.350247966574,242.350247966574,502.189118626379,502.189118626379,510.775631359132,512.856102224426,513.456358495086,514.489001700722,529.228118672715,535.686344772166,669.334971560893,693.71404722456,696.511139087615,697.724133526407,698.358253451478,705.272037636534,705.850045423725,707.024099918618,707.58867127432,707.58867127432,709.279208583399,709.279208583399,743.230018862763,743.230018862763,743.608071009025,749.542131276976,759.933403468204,769.513134832481,786.213246417938,873.533485244448,888.399711996796,888.399711996796,10.7820662709177,56.3908423116057,12.2827523328623,33.2559432351577,86.0618863766723
2005-12-27,113.599308018849,113.599308018849,113.599308018849,114.370146065902,114.699532958987,116.122736666762,118.033225323616,118.391996159647,118.807029528177,132.563658466041,132.563658466041,141.508001315972,141.508001315972,146.132036608294,146.132036608294,148.683131641977,148.683131641977,148.683131641977,149.016312448761,157.643312641712,157.643312641712,164.824120940287,164.824120940287,165.524402463359,166.062577345959,167.309068723255,167.309068723255,168.720361546635,169.095057233459,175.052284694591,231.001300186745,231.001300186745,232.787911929928,233.819606575502,235.748933346208,236.822720649474,236.822720649474,490.015779602052,490.015779602052,498.485181257611,500.53445004903,501.122952716078,502.144357832824,516.595972884706,522.918381937434,653.796509871108,677.638688996511,680.404534695581,681.604593893287,682.231783503333,688.958933179328,689.535535854757,690.695556311305,691.261120062769,691.261120062769,692.937036595379,692.937036595379,726.369478082881,726.369478082881,726.747127567068,732.532325662662,742.704163078984,752.040387533579,768.189006349991,853.127380549639,867.702669502449,867.702669502449,10.6002334771873,54.1250494766406,11.9934225992965,32.7319990793763,83.6842500203577
2005-12-28,112.140470399442,112.140470399442,112.140470399442,112.888328882284,113.205120977635,114.571774028525,116.462256740011,116.810939610738,117.210810345038,130.681976147127,130.681976147127,139.402097270802,139.402097270802,143.885207727895,143.885207727895,146.370733061084,146.370733061084,146.370733061084,146.692411979739,155.187161517941,155.187161517941,162.183711656256,162.183711656256,162.859040563252,163.372128118559,164.573799607744,164.573799607744,165.95705741805,166.323162066834,172.148079208779,225.885493417057,225.885493417057,227.621305118225,228.637990022961,230.51190504242,231.54219407863,231.54219407863,478.025209440821,478.025209440821,486.361055907442,488.377345344084,488.953414974499,489.963772452038,504.139199351684,510.320347310302,638.503594455559,661.836748889467,664.561880574007,665.744520316557,666.361332355661,672.907917423223,673.476936188737,674.616760111101,675.177122803109,675.177122803109,676.837011950659,676.837011950659,709.766295746593,709.766295746593,710.139460030328,715.770931639696,725.733253662635,734.829393587691,750.459591984281,833.186750627983,847.477333665258,847.477333665258,10.4250185271842,51.9810702889524,11.7348684126225,32.2335171926879,81.490060965998
2005-12-29,110.768358300754,110.768358300754,110.768358300754,111.494484939409,111.799558934277,113.108574328812,114.978668475822,115.316844342937,115.700560134766,128.903129788454,128.903129788454,137.395049724474,137.395049724474,141.73982571047,141.73982571047,144.153545871884,144.153545871884,144.153545871884,144.465528042975,152.833727532323,152.833727532323,159.658014991761,159.658014991761,160.310046782407,160.800186962756,161.960756361184,161.960756361184,163.317749589249,163.676103926709,169.378553269553,221.037234507541,221.037234507541,222.72081685936,223.717788082465,225.535259201879,226.541755781696,226.541755781696,466.336463605593,466.336463605593,474.535802395824,476.515455160519,477.076393594245,478.072510546801,491.97299054416,498.008283603485,623.627273092872,646.478120491342,649.155223060417,650.316300760224,650.919714388385,657.299035248483,657.85521717439,658.970288885482,659.520662299196,659.520662299196,661.164507742584,661.164507742584,693.606957495048,693.606957495048,693.972500631299,699.450408010884,709.209860926583,718.073701187058,733.216465464058,813.8819153112,827.894430735778,827.894430735778,10.263837783431,49.9725575471661,11.5031456455363,31.7592371621181,79.4564643215272
2005-12-30,109.47939341816,109.47939341816,109.47939341816,110.183936820237,110.478118063757,111.730813690743,113.580904652281,113.91061488497,114.277661538601,127.229521305383,127.229521305383,135.498317371809,135.498317371809,139.709562003761,139.709562003761,142.045786218446,142.045786218446,142.045786218446,142.348979346578,150.59229645248,150.59229645248,157.246852591635,157.246852591635,157.875849823413,158.344739168249,159.465356900473,159.465356900473,160.796426891815,161.146526472543,166.73367667529,216.455953142945,216.455953142945,218.086018485636,219.069725574557,220.827068166019,221.79952357314,221.79952357314,455.018024964652,455.018024964652,463.076195603938,465.018465036042,465.564367195793,466.544348754786,480.177664739924,486.076908771168,609.291899577488,631.685383645472,634.30975107655,635.448071053906,636.036931617836,642.256866808141,642.797695656268,643.884937210084,644.422304799826,644.422304799826,646.050383854622,646.050383854622,678.024469308948,678.024469308948,678.379789702744,683.704168912293,693.268083107433,701.906373085038,716.588917526925,795.322338564122,809.064107433409,809.064107433409,10.1147045143431,48.1073144718823,11.2935164267111,31.3093511425519,77.5601990911687
2005-12-31,118.278264976368,118.278264976368,118.278264976368,118.705721412526,119.36167043346,119.117981693388,120.485483265211,120.244418473583,119.557976220137,132.860514769288,132.860514769288,140.642067129078,140.642067129078,144.294966270849,144.294966270849,145.891917872894,145.891917872894,145.891917872894,146.30735689665,154.592397074113,154.592397074113,160.178534139031,160.178534139031,160.186099742757,160.823828731164,161.229582765966,161.229582765966,162.325145659418,162.627419740235,168.64719611834,217.952998018417,217.952998018417,218.97614483142,220.229742954537,221.687786887281,222.267579769414,222.267579769414,461.491261485886,461.491261485886,470.042535327267,472.059431459656,472.209043022919,472.752146735713,486.425786988151,490.981881633026,612.402823989123,634.151737265001,636.051534016638,636.812559171608,637.105241252938,643.136036530416,643.27861928427,644.015261409391,644.243537490057,644.243537490057,645.909618384139,645.909618384139,677.0503945618,677.0503945618,677.16766705446,681.748427643029,691.183639491741,699.34535853873,713.419289598511,790.110906114591,803.354015634426,803.354015634426,11.8853800297846,48.660678064262,11.6279385134374,31.0125187448766,76.3154071783156
2006-01-01,122.549017916915,122.549017916915,122.549017916915,122.993602372996,123.686726168503,123.096398708008,124.949556000166,124.928961299126,124.282626506679,139.799415242514,139.799415242514,149.889554057683,149.889554057683,152.601502904026,152.601502904026,152.74039942611,152.74039942611,152.74039942611,153.27425706036,161.738915884254,161.738915884254,166.413861991566,166.413861991566,166.124228618704,166.901957891749,166.557808397314,166.557808397314,167.416209977902,167.714065356228,174.992540089181,226.772747717534,226.772747717534,226.579357701696,227.676527765426,227.79474576972,227.615328898802,227.615328898802,486.225547409964,486.225547409964,495.55964989765,496.990708138238,496.895975279498,497.054815377587,510.874015801964,514.081167782072,634.775328722117,655.621755508171,656.649058132636,657.042152545648,657.028520566272,662.965098368389,662.539085017857,662.723096003303,662.435392326896,662.435392326896,664.112755749567,664.112755749567,694.043919016577,694.043919016577,693.824239032808,697.391082686354,706.624222732427,713.684039036606,726.803030596028,801.093047144946,813.71070873583,813.71070873583,13.4993410792296,52.758157160402,12.2023584151707,30.6126592659409,74.9748723884457
2006-01-02,126.004429871406,126.004429871406,126.004429871406,126.422972956775,127.090772813755,126.47386169065,128.315939842733,128.316390534561,127.79229136289,144.832833579636,144.832833579636,155.95751761931,155.95751761931,159.430622091065,159.430622091065,159.307337876784,159.307337876784,159.307337876784,159.831554543792,168.44327937053,168.44327937053,173.154783338398,173.154783338398,172.717489369248,173.522753368994,173.026391167794,173.026391167794,173.588382080825,173.864517824485,181.881946799424,240.011260516695,240.011260516695,239.030531562074,240.057017283465,238.983275855682,237.935581768131,237.935581768131,524.945488731741,524.945488731741,531.781209768188,532.581736459275,532.183023540261,532.078401789439,545.162341939025,547.325756021075,667.466390313888,687.359525159621,687.737739677487,687.769822581649,687.501145026636,693.333077342172,692.523609083102,692.341900880406,691.720091806332,691.720091806332,693.365817548726,693.365817548726,722.408284571471,722.408284571471,721.984586260246,724.873465865056,733.905539933063,740.213632618898,752.70936809338,824.904469341898,836.987135758609,836.987135758609,14.1645499972869,60.2586210284761,12.6334854101599,30.2242624804302,73.6800094042309
2006-01-03,128.542369191375,128.542369191375,128.542369191375,129.082120935892,129.729451642473,129.360025208745,131.170130842828,131.181087765281,130.739555493591,148.595930831058,148.595930831058,160.566810885966,160.566810885966,164.741509876201,164.741509876201,164.948646316373,164.948646316373,164.948646316373,165.439278949387,174.108867842565,174.108867842565,179.329347683616,179.329347683616,178.867179175033,179.672585800096,178.810530650369,178.810530650369,179.222085431832,179.522280110296,187.944961321764,253.019497631169,253.019497631169,251.879206727003,252.623108380742,251.042490020276,249.78613965994,249.78613965994,567.496443247799,567.496443247799,572.819050299464,573.483737013706,572.981883734319,572.786925173362,585.944830691831,587.552257928562,708.16300611872,727.671758857595,727.62176640562,727.443727964308,727.01022584557,732.75124978486,731.681196016809,731.251486666295,730.39914066715,730.39914066715,732.016667743319,732.016667743319,760.357361400018,760.357361400018,759.77388264428,762.122382618903,770.965411312652,776.721030574647,788.733779232194,859.122065233265,870.745348654891,870.745348654891,14.4104217797503,67.4378857974272,12.9981345801709,29.8953125947835,72.4952794583418
2006-01-04,129.621069615456,129.621069615456,129.621069615456,130.348114621827,130.983058461872,131.134835051467,132.985147677447,133.042427421829,132.750346165926,150.722932437902,150.722932437902,162.746175967661,162.746175967661,167.523367717678,167.523367717678,168.553204565174,168.553204565174,168.553204565174,169.032062676736,177.775002044314,177.775002044314,183.975397821444,183.975397821444,183.683142473725,184.521882615227,183.807593971523,183.807593971523,184.324522638888,184.650906475505,193.208112443575,264.394828332324,264.394828332324,263.574842789134,264.342998662762,262.834246134389,261.601191434089,261.601191434089,610.6254620961,610.6254620961,615.710608404155,616.338000283726,615.808261746625,615.606627799364,628.970340142473,630.383344678168,751.233463680352,770.702983076999,770.523334511211,770.279729280583,769.796053076116,775.472598329215,774.320968942059,773.804320178281,772.874154517432,772.874154517432,774.467747794752,774.467747794752,802.373673795418,802.373673795418,801.731233266167,803.834457628583,812.502692026081,817.994659879523,829.782005263631,898.805627416917,910.103614599869,910.103614599869,14.1257789664388,73.1186500589913,13.1791423539905,29.5925380976715,71.4268194222796
2006-01-05,129.560858413425,129.560858413425,129.560858413425,130.435196240868,131.055559410205,131.765687989814,133.729927275727,133.887579811304,133.78148983498,151.558632353671,151.558632353671,163.481428864904,163.481428864904,168.650998072785,168.650998072785,170.405434417528,170.405434417528,170.405434417528,170.876368532252,179.697924706943,179.697924706943,186.981154383185,186.981154383185,186.915865356694,187.782915947664,187.519003923323,187.519003923323,188.265964352529,188.633978123083,197.213083587816,273.062315583621,273.062315583621,272.838890344061,273.812815010673,272.871524182,271.94308263541,271.94308263541,651.155249705166,651.155249705166,656.567044977676,657.299878391073,656.834860773039,656.712309102587,670.643541446736,672.190800354071,792.96621662646,812.650752089096,812.566109878762,812.421083450349,812.001472583379,817.67858980605,816.630590207371,816.196024213152,815.362611371117,815.362611371117,816.98940684544,816.98940684544,844.934356045821,844.934356045821,844.399332407346,846.674936935863,855.520351080274,861.212064632175,873.754838986937,942.350112073164,953.965503160976,953.965503160976,13.712348578076,77.0089159663532,13.1828854201827,29.5411947395484,70.7842061684028
2006-01-06,128.711439940998,128.711439940998,128.711439940998,129.689431521222,130.29256667471,131.455773047313,133.536458697554,133.801211355796,133.878706781974,151.49120708689,151.49120708689,163.763642353201,163.763642353201,169.327653000164,169.327653000164,171.656373804525,171.656373804525,171.656373804525,172.232378489731,181.25189668559,181.25189668559,189.375933150597,189.375933150597,189.432751328702,190.32639159395,190.333210331992,190.333210331992,191.325061685929,191.731030738633,200.374450092242,279.039212324925,279.039212324925,279.3658215149,280.492650687504,280.215829672611,279.68459912994,279.68459912994,681.640220642846,681.640220642846,688.456353053391,689.66739154155,689.417013610864,689.509045188872,704.563543047825,706.743530408656,827.826871572633,848.107242720347,848.347491758488,848.362564730949,848.075356308253,853.79286729829,852.962543553523,852.69971593272,851.999598183052,851.999598183052,853.670447431342,853.670447431342,881.850030350885,881.850030350885,881.438881965616,884.186427480353,893.264045348618,899.459914706014,912.700671211104,981.510943495474,994.079735639272,994.079735639272,13.3918734438379,79.1605308431664,13.177886210754,29.4892250728699,70.1748029953209
2006-01-07,127.251636244306,127.251636244306,127.251636244306,128.31012751062,128.896306305534,130.409049903576,132.590301638627,132.932004871899,133.160478340131,150.522825999806,150.522825999806,163.086351012219,163.086351012219,169.025307961277,169.025307961277,171.922386456607,171.922386456607,171.922386456607,172.529318098161,181.677956929303,181.677956929303,190.823787254736,190.823787254736,191.055895904794,191.988241522805,192.310622615863,192.310622615863,193.411362738933,193.841767710313,202.402529601124,282.744290053503,282.744290053503,283.606414423454,284.951837456711,285.150786272362,284.924672070565,284.924672070565,701.543333492909,701.543333492909,709.537466907272,711.388801586378,711.446804828743,711.811012845023,728.202188221398,731.286700582398,853.23474669405,874.596189997194,875.240634872379,875.501350134513,875.400779677685,881.214601125803,880.6322784928,880.568855253693,880.129937641611,880.129937641611,881.815123520202,881.815123520202,910.305047331397,910.305047331397,909.994395169125,913.119122827308,922.222833443438,928.693608888702,941.458324665585,1009.05012467959,1021.38871263114,1021.38871263114,13.0218821416141,80.242400521155,13.30233419533,29.5078094496139,69.1408061751895
2006-01-08,125.398122861434,125.398122861434,125.398122861434,126.502030956136,127.068885624359,128.826841471933,131.075460577162,131.469333783483,131.811765522559,148.848032107069,148.848032107069,161.06919832282,161.06919832282,167.151544016204,167.151544016204,170.513759585256,170.513759585256,170.513759585256,171.080032676471,180.319170068189,180.319170068189,190.439941896924,190.439941896924,190.935261151668,191.882359379545,192.601704793346,192.601704793346,193.960122375355,194.429046977884,202.942275972586,283.836642474231,283.836642474231,285.14547275163,286.566230808315,287.237974219316,287.316680285818,287.316680285818,708.975962759974,708.975962759974,718.218849634367,720.341046464756,720.634317107767,721.268753343705,738.771535203326,742.817165955419,864.99609518447,887.296806942063,888.754505480287,889.345804886649,889.542002034499,895.542651067286,895.303953113809,895.529144200906,895.415304626528,895.415304626528,897.093092058327,897.093092058327,926.003042109809,926.003042109809,925.846081681936,929.461516989415,938.43449612981,945.271768058273,958.264584614351,1025.53037547093,1038.06668878689,1038.06668878689,12.6672923588991,80.276702654684,13.5069423406378,29.4828998608208,68.2037878468793
2006-01-09,123.336812857343,123.336812857343,123.336812857343,124.457264271298,125.003591094784,126.890083466042,129.186419372697,129.618379590469,130.041467004805,146.723797529911,146.723797529911,158.553028002108,158.553028002108,164.650690059588,164.650690059588,168.258363843897,168.258363843897,168.258363843897,168.791561203224,178.04178961713,178.04178961713,188.68741764979,188.68741764979,189.371507725018,190.306332425769,191.431546827329,191.431546827329,193.031466836281,193.534711898864,201.990787977789,282.746760978714,282.746760978714,284.460016371282,285.987310183733,287.09289723497,287.452221798293,287.452221798293,707.978923836068,707.978923836068,717.988808037166,720.341684805844,720.801070425653,721.631081659495,739.376969624079,744.079262632534,865.845540304912,888.802733875687,890.541198020766,891.243706647659,891.550521443699,897.589824332975,897.662473272777,898.179606952467,898.317472171403,898.317472171403,899.987977248305,899.987977248305,929.124449032636,929.124449032636,929.166612282724,933.302812223815,942.152637524441,949.486689963451,962.838524239154,1029.92022518157,1042.7727755771,1042.7727755771,12.3427591686889,79.6496145612251,13.4967636227106,29.2457480594302,67.3260471332836
2006-01-10,121.211967594157,121.211967594157,121.211967594157,122.332370890181,122.857454078244,124.812812806693,127.116998139111,127.566978828126,128.036216252206,144.33646049373,144.33646049373,155.750354777648,155.750354777648,161.807628862372,161.807628862372,165.53004321277,165.53004321277,165.53004321277,166.033084817976,175.226935222898,175.226935222898,186.112317610395,186.112317610395,186.927080828962,187.84339200235,189.245434027796,189.245434027796,191.015575002926,191.541821546764,199.907316665872,279.976144820595,279.976144820595,282.001725493446,283.617258609921,285.093791754221,285.688987593131,285.688987593131,700.415406508734,700.415406508734,711.016172688357,713.559267745076,714.143116880451,715.123012822222,733.156979296172,738.353857505009,859.477584894666,883.061726517219,885.096105641621,885.945076515403,886.365895606238,892.402121942804,892.667739781567,893.366149603332,893.710124975144,893.710124975144,895.370162371629,895.370162371629,924.716179124411,924.716179124411,924.877919115092,929.317335420913,938.041610032269,945.666419040028,959.195342635405,1025.90830169755,1039.05403527969,1039.05403527969,12.0456823452096,78.5934449631544,13.4081598166902,29.17248071961,66.477958310181
2006-01-11,119.110605833947,119.110605833947,119.110605833947,120.215078031817,120.719081144784,122.677204751089,124.978632608626,125.434150263649,125.925420792846,141.834221261451,141.834221261451,152.823899577511,152.823899577511,158.777771317289,158.777771317289,162.533897396732,162.533897396732,162.533897396732,163.009072833454,172.108037169518,172.108037169518,183.034432091648,183.034432091648,183.915813261113,184.803652548113,186.385561952387,186.385561952387,188.265898218315,188.803460573318,197.048965939809,276.071829091892,276.071829091892,278.30689849339,279.983290995008,281.730365888111,282.501714291639,282.501714291639,687.990380599767,687.990380599767,698.994052872072,701.668114155065,702.339709455396,703.432585868386,721.595815235567,727.157505754442,847.0002304494,870.702043472715,872.996452040223,873.978060894521,874.502711840705,880.509315866282,880.951219025277,881.804608281834,882.25604034642,882.25604034642,883.904177309035,883.904177309035,913.404762258039,913.404762258039,913.675110478864,918.384593655426,926.98787475259,934.859671419054,948.514890963311,1014.80100856221,1028.20986665316,1028.20986665316,11.7735846777374,77.3055779271798,13.213004395219,29.0664365252991,65.6444714760982
2006-01-12,117.090720744127,117.090720744127,117.090720744127,118.166194458913,118.650514261936,120.570749217354,122.857404738584,123.30924927887,123.804504901138,139.323565167134,139.323565167134,149.90137720269,149.90137720269,155.711969692943,155.711969692943,159.43540830657,159.43540830657,159.43540830657,159.885340255783,168.851736195077,168.851736195077,179.68583109538,179.68583109538,180.597258804529,181.451449761015,183.134390726751,183.134390726751,185.076741221926,185.617332107946,193.722399989282,271.503142945376,271.503142945376,273.857181885279,275.568259485028,277.488116067683,278.375559872685,278.375559872685,672.356052433894,672.356052433894,683.602167804959,686.351255420386,687.079157796953,688.251461511132,706.769160404776,712.624313676124,831.424200349688,855.366286986564,857.805643581662,858.849964621926,859.421529459334,865.389871712131,865.923543272773,866.870641561912,867.461442270955,867.461442270955,869.09516722908,869.09516722908,898.806850044121,898.806850044121,899.129959410037,903.9443211612,912.428998485142,920.38663329483,934.012018705467,999.704502545316,1013.26472980131,1013.26472980131,11.5249687674626,75.9204241951901,12.9990892909838,29.1508052859219,64.8181624093261
2006-01-13,115.175468172953,115.175468172953,115.175468172953,116.217368333056,116.681524710971,118.538055250599,120.802174538854,121.24459603721,121.732390345749,136.868956446906,136.868956446906,147.046349535329,147.046349535329,152.691721703675,152.691721703675,156.337934886616,156.337934886616,156.337934886616,156.763488537835,165.601884016584,165.601884016584,176.227120076084,176.227120076084,177.143066524932,177.958042567177,179.680437052205,179.680437052205,181.647363380958,182.184691377963,190.131059908637,266.557629208306,266.557629208306,268.96966810139,270.69494246463,272.714893771969,273.671958630587,273.671958630587,654.760607180313,654.760607180313,666.09052513222,668.868019471991,669.622019039626,670.841660742937,689.216137285379,695.258497166257,812.445848001215,836.267826535552,838.840720991823,839.959072842842,840.588211250241,846.509239831518,847.140848416907,848.17407106623,848.803180326262,848.803180326262,850.422817303723,850.422817303723,880.300338364846,880.300338364846,880.686222391063,885.631386106615,894.00079346417,902.05908210788,915.652008090222,980.750314479858,994.394594766302,994.394594766302,11.2949241957151,74.4929820346122,12.7616009670066,29.1635044140631,63.994746160626
2006-01-14,113.374169934282,113.374169934282,113.374169934282,114.380665438698,114.826199333327,116.606164583912,118.842631505361,119.271926858671,119.745018629918,134.51062142302,134.51062142302,144.300480558682,144.300480558682,149.770837624044,149.770837624044,153.309959703437,153.309959703437,153.309959703437,153.711948196704,162.399611525026,162.399611525026,172.754025902659,172.754025902659,173.658008327182,174.43139610545,176.152244489645,176.152244489645,178.116705651128,178.645395591381,186.416674405688,261.420444439514,261.420444439514,263.849445470456,265.573644150683,267.644581829482,268.639902687204,268.639902687204,636.154771160466,636.154771160466,647.448188213116,650.217717252347,650.97997721499,652.226107186003,670.304483862686,676.44482997473,792.127077259436,815.788591474417,818.410782737538,819.555348493636,820.20551195919,826.063439241738,826.738593089294,827.81446472712,828.480825936707,828.480825936707,830.086694292288,830.086694292288,860.020148816768,860.020148816768,860.43613566673,865.417622486083,873.676431321776,881.743129657467,895.220823120228,959.63100270776,973.262705759785,973.262705759785,11.078014904966,73.0516758391904,12.5192432468063,29.1451639156854,63.171327334115
2006-01-15,111.686716789016,111.686716789016,111.686716789016,112.657732401557,113.085615393744,114.784588271841,116.99042271673,117.405061634771,117.859745830457,132.26414354793,132.26414354793,141.690858991827,141.690858991827,146.980151260375,146.980151260375,150.396168638143,150.396168638143,150.396168638143,150.776435438103,159.303839615031,159.303839615031,169.342695122773,169.342695122773,170.223256131372,170.954619122593,172.644842785566,172.644842785566,174.587350606699,175.105453734331,182.688416994297,256.219233684467,256.219233684467,258.63655900275,260.348716308918,262.437263437437,263.450111985549,263.450111985549,617.192186165859,617.192186165859,628.366837001462,631.10456026427,631.860600752838,633.116603611499,651.064614649577,657.264781291698,771.549882403777,795.057074725242,797.690567970957,798.837640480438,799.488811772098,805.27642963754,805.962100169419,807.056831501008,807.732120244437,807.732120244437,809.325009339888,809.325009339888,839.261985422342,839.261985422342,839.687280833103,844.640826377476,852.793146506321,860.800967245569,874.093934557864,937.735523729401,951.282200925235,951.282200925235,10.8726096023083,71.5897658449592,12.3623796621741,29.1229689249796,62.3460493779915
2006-01-16,110.122023571899,110.122023571899,110.122023571899,111.057633181005,111.469072260494,113.084920846058,115.25907610157,115.658086186437,116.091195599723,130.156013089287,130.156013089287,139.302393253576,139.302393253576,144.395457533678,144.395457533678,147.667759489821,147.667759489821,147.667759489821,148.035892647598,156.415467078978,156.415467078978,166.096912065225,166.096912065225,166.941966132118,167.634514287523,169.273619494664,169.273619494664,171.176341342011,171.679196268782,179.070911159165,251.270560793616,251.270560793616,253.626968337751,255.317533704488,257.366510773844,258.363718166911,258.363718166911,600.270034360269,600.270034360269,611.111757487082,613.771801237529,614.623454120338,615.908362575045,633.38198323909,639.566983707373,752.900483990377,776.369841602092,778.981054698295,780.115538022226,780.751644548405,786.502182701458,787.218682705748,788.334776321656,789.0473210331,789.0473210331,790.672915660179,790.672915660179,820.800376368922,820.800376368922,821.282472143464,826.304631333673,834.63739041573,842.842924379297,856.535938593257,919.793013087823,933.612877116895,933.612877116895,10.6814076275734,70.334022802025,12.31854991173,29.3120753921948,61.9178695496329
2006-01-17,114.323269252931,114.323269252931,114.323269252931,115.2635764342,115.721958285651,116.270754641385,118.897185415372,119.266202301657,119.162717698126,134.072778134744,134.072778134744,146.486536193531,146.486536193531,151.819248040806,151.819248040806,153.850503644496,153.850503644496,153.850503644496,154.482597719532,163.610980879128,163.610980879128,173.757211551022,173.757211551022,173.064499159529,174.07190140755,174.199536084735,174.199536084735,175.564005099944,175.967401845007,184.237010901528,259.271211214885,259.271211214885,260.05775037934,261.811312581307,262.730918362177,262.869615585518,262.869615585518,612.305635313497,612.305635313497,624.442296965108,626.751021678048,627.509733840551,628.283884172374,646.178846393598,651.030948899769,765.156703992662,788.499559518174,789.958441065273,790.564679693323,790.769595912147,796.50411545738,796.446632765955,796.858919366765,796.905464584866,796.905464584866,798.535126061498,798.535126061498,827.684998384547,827.684998384547,827.679222031044,831.445977032439,839.633294120079,846.593816908315,858.856198683943,920.241467187337,933.547629550132,933.547629550132,12.1984278021277,75.6212448281915,13.2518882532148,29.3741044680796,61.402410914025
2006-01-18,115.597177796286,115.597177796286,115.597177796286,116.530528339134,117.031283613893,117.527298934143,120.194768574394,120.562100856606,120.5106783921,136.86358869801,136.86358869801,148.950593057594,148.950593057594,154.909108344613,154.909108344613,157.187206124262,157.187206124262,157.187206124262,157.824840827024,167.030212321878,167.030212321878,177.34015530794,177.34015530794,177.443660570142,178.360974221088,178.115661492455,178.115661492455,179.057970376513,179.447463396724,187.903487567106,269.817513284832,269.817513284832,269.791415513555,271.179866293345,270.80394418209,270.291381969767,270.291381969767,621.839637641868,621.839637641868,632.295312238935,634.588545577428,635.058535197262,635.835916763869,653.417202019878,658.009323142105,771.836422352055,794.995584416459,796.4530544336,797.004116306909,797.196276481124,802.961016593179,802.91872054307,803.332382648263,803.365597283311,803.365597283311,804.979977416824,804.979977416824,834.079493091217,834.079493091217,834.068440187804,837.733069092654,845.78573449247,852.538412758918,864.590913613942,925.250777861609,938.433852386948,938.433852386948,13.0678435761078,83.5463264850382,13.5445283230388,29.3433398311145,60.9521243257994
2006-01-19,116.902452537308,116.902452537308,116.902452537308,117.851492767944,118.363439305663,118.783446999194,121.4042946256,121.718726759692,121.658381001304,138.931696240208,138.931696240208,151.141399031185,151.141399031185,157.210472896015,157.210472896015,159.641291156938,159.641291156938,159.641291156938,160.215769830484,169.398729668238,169.398729668238,179.511839468947,179.511839468947,179.826178591112,180.826002827202,180.828150873214,180.828150873214,181.877522417175,182.283442652411,190.860848737599,280.729668441918,280.729668441918,280.506201953416,281.760994491858,280.82750806817,279.958559077049,279.958559077049,637.761216112473,637.761216112473,647.064804023811,648.963568545475,649.224101168798,649.86913233819,667.098312196684,671.14277479646,785.493221255732,808.322133934776,809.461664592869,809.862899611848,809.936839220952,815.67562658042,815.452534320196,815.715495416777,815.600718424901,815.600718424901,817.191470457139,817.191470457139,846.033242188604,846.033242188604,845.9305153055,849.290132015808,857.222407334635,863.694483964214,875.468897003664,935.428624051082,948.479982125081,948.479982125081,13.5138178994906,91.6501961646577,13.6847252310923,29.3022850387576,60.5578104577752
2006-01-20,118.131331508917,118.131331508917,118.131331508917,119.127445518395,119.647067921803,120.046538118297,122.733403185026,123.048993936014,122.97209714671,140.788814821902,140.788814821902,153.058150340012,153.058150340012,159.427412513627,159.427412513627,162.351609385376,162.351609385376,162.351609385376,162.867099576996,171.82430274806,171.82430274806,181.802809473719,181.802809473719,182.159104861588,183.260397392964,183.3215386298,183.3215386298,184.407116180748,184.818327704371,193.364992311038,290.45844393685,290.45844393685,290.452111320186,291.775376460271,290.881442939516,289.972428899765,289.972428899765,659.83678175209,659.83678175209,668.226126209973,669.815404938848,669.887813637298,670.398994763459,687.238464011255,690.726529896324,805.530186220276,827.961681298517,828.795868766299,829.049071555167,829.005141078046,834.700261864414,834.292620218229,834.395185062835,834.12260336868,834.12260336868,835.690268775395,835.690268775395,864.251357873064,864.251357873064,864.045234794414,867.061062546214,874.886139857217,881.032516816915,892.496668185002,951.739743558579,964.634372821018,964.634372821018,13.7670895074098,98.547946726161,13.7643635117256,29.2621654836227,60.1998169274692
2006-01-21,119.387085477406,119.387085477406,119.387085477406,120.446033023297,120.964059709698,121.3455965071,124.23964949192,124.627410197913,124.547870579358,143.325375486186,143.325375486186,155.110365234488,155.110365234488,161.678826989672,161.678826989672,164.933914196385,164.933914196385,164.933914196385,165.412981972407,174.197688541655,174.197688541655,184.184248296918,184.184248296918,184.541125921124,185.738046852054,185.750519769328,185.750519769328,186.833606268299,187.243170640501,195.666393633118,298.03773336709,298.03773336709,298.396818752121,299.795713578445,299.228024737329,298.511252637986,298.511252637986,683.334547399197,683.334547399197,691.33924072693,692.789506752211,692.777540824956,693.245879824601,709.893045933725,713.103740914889,828.432441691043,850.641091607511,851.315686572559,851.489732257646,851.382778833921,857.035561791285,856.527402353356,856.542488803613,856.182085425738,856.182085425738,857.73060993369,857.73060993369,886.132170909902,886.132170909902,885.866059706606,888.664101347098,896.393024043604,902.327912252169,913.602663921591,972.268593941545,985.035492590953,985.035492590953,14.5270686279973,103.339454563157,13.7921524476855,29.2375922570026,59.8623943630173
2006-01-22,120.308806078174,120.308806078174,120.308806078174,121.466324479891,121.976882480368,122.430461459141,125.277462149931,125.676052236924,125.63636349241,145.293661516587,145.293661516587,156.521026539566,156.521026539566,163.254559171324,163.254559171324,166.852425086862,166.852425086862,166.852425086862,167.303474068419,176.018829744239,176.018829744239,186.074049511339,186.074049511339,186.442680080451,187.658719571627,187.756637493301,187.756637493301,188.8826287899,189.293376739392,197.573327121098,303.196304656268,303.196304656268,303.978537287964,305.48051294318,305.34987328232,304.900407691569,304.900407691569,705.553852363235,705.553852363235,713.478558112728,714.899602968233,714.871409175822,715.357926276616,731.927210790216,735.085810140954,850.853552300598,872.997418214314,873.661619372768,873.829301931763,873.717467833562,879.330005709851,878.815142958165,878.82581797075,878.458107903176,878.458107903176,879.988498781973,879.988498781973,908.370579385634,908.370579385634,908.098353460636,910.83760431345,918.4765944125,924.355756715409,935.606499041924,993.891274644682,1006.57781111551,1006.57781111551,14.6896721021056,106.046360824567,13.7615771582694,29.2241043601949,59.5345148146457
2006-01-23,120.540230090445,120.540230090445,120.540230090445,121.790413804505,122.295586607512,122.987512095451,125.694187776941,126.049671108368,126.066688219445,145.631555615002,145.631555615002,156.767758713218,156.767758713218,163.62259021188,163.62259021188,167.40697237029,167.40697237029,167.40697237029,167.841285848612,176.653226532423,176.653226532423,186.884653202883,186.884653202883,187.318751412491,188.504140282618,188.849932941085,188.849932941085,190.09851817178,190.521968459958,198.681221671545,305.658540800538,305.658540800538,306.89666222943,308.509457353568,308.878631808106,308.742331458277,308.742331458277,724.250868025921,724.250868025921,732.345202124292,733.824884759515,733.837091046002,734.387281152285,750.960135511019,754.24244875028,870.20828636605,892.417132836849,893.187123284779,893.406240382834,893.335993314434,898.910034324475,898.463850200647,898.535869904343,898.226198311367,898.226198311367,899.743119184039,899.743119184039,928.211201794924,928.211201794924,927.97681624958,930.784541961984,938.337006476519,944.289392432606,955.650090258257,1013.72185226522,1026.36751445365,1026.36751445365,14.3405844616195,106.79848805864,13.6769349145681,29.2123937843488,59.2079823664454
2006-01-24,120.461878107153,120.461878107153,120.461878107153,121.729954495955,122.2255893312,123.114352873364,125.778592414562,126.137566497736,126.208839173498,145.205989629549,145.205989629549,156.118764172505,156.118764172505,163.0639468272,163.0639468272,167.036017875532,167.036017875532,167.036017875532,167.451683493603,176.293338309011,176.293338309011,186.754513575942,186.754513575942,187.268130935403,188.410262982885,189.009639780257,189.009639780257,190.390834127049,190.827771346518,198.87214206982,305.505466788562,305.505466788562,307.181452653513,308.898456147531,309.7690489662,309.953163936761,309.953163936761,737.707318323167,737.707318323167,746.13657029015,747.747612140011,747.841172947034,748.489074151522,765.119851397576,768.656420538015,884.473009337494,906.834610778528,907.799352951576,908.114520495742,908.121669587675,913.657834512298,913.338562829057,913.522582948482,913.321244066472,913.321244066472,914.826532712933,914.826532712933,943.452696961156,943.452696961156,943.289942416609,946.26624547114,953.734833875918,959.858382361591,971.418096257421,1029.40207645836,1042.03462671521,1042.03462671521,13.8854633596731,105.876231815839,13.5456655222091,29.1929330648601,58.8749504314483
2006-01-25,120.213258398681,120.213258398681,120.213258398681,121.465228216231,121.947744805408,122.955010243392,125.591990495046,125.959934605699,126.082014631989,144.431609869605,144.431609869605,155.015563522105,155.015563522105,161.908571769894,161.908571769894,165.975823768684,165.975823768684,165.975823768684,166.375257193607,175.189455314184,175.189455314184,185.819340332165,185.819340332165,186.412951583182,187.499017686265,188.326712776365,188.326712776365,189.825893347431,190.273236518017,198.196549949315,303.104829053071,303.104829053071,305.155676487706,306.958157039136,308.27830946834,308.754832866412,308.754832866412,744.906929388494,744.906929388494,753.771680771274,755.554054592485,755.751243140133,756.516107563867,773.222567867294,777.095607444131,892.409378882868,914.956479283544,916.169238378481,916.607568405853,916.713866363984,922.211128934567,922.054570168041,922.381935372696,922.320335422737,922.320335422737,923.816747724459,923.816747724459,952.635208284571,952.635208284571,952.566308838503,955.775640231758,963.162277369983,969.518636499371,981.318506401297,1039.28714619173,1051.92222947009,1051.92222947009,13.4262472749049,103.658688366488,13.3759563951808,29.1565236606467,58.5254186561458
2006-01-26,119.869054807362,119.869054807362,119.869054807362,121.094599361125,121.562863005168,122.631641223248,125.242397242368,125.614137365857,125.771033061131,143.493909223945,143.493909223945,153.733125320218,153.733125320218,160.474196423926,160.474196423926,164.527370161274,164.527370161274,164.527370161274,164.911854626054,173.645980938319,173.645980938319,184.319196002753,184.319196002753,184.974561822146,186.003580289459,187.008385472087,187.008385472087,188.596558430351,189.050185667179,196.849768269188,299.039230276743,299.039230276743,301.369876325955,303.232429547857,304.907138142813,305.621306255754,305.621306255754,745.622128915621,745.622128915621,754.973861237614,756.946151305558,757.255928075553,758.140685951709,774.916837013082,779.154518941014,893.7142392071,916.440450995335,917.914675960556,918.482674680896,918.693666057921,924.14821131028,924.164317818646,924.644179887251,924.731852246226,924.731852246226,926.218001375017,926.218001375017,955.220589835155,955.220589835155,955.25320234657,958.715762055786,966.020994176526,972.647771558989,984.71081641275,1042.70265608314,1055.33944286758,1055.33944286758,12.9986189927677,100.571750312789,13.190191340905,29.0945340398679,58.179963501542
2006-01-27,119.458473508039,119.458473508039,119.458473508039,120.655558961223,121.109360023793,122.207884890581,124.791146137728,125.162583889587,125.341753602354,142.471696241313,142.471696241313,152.378283187065,152.378283187065,158.93877697564,158.93877697564,162.948636291196,162.948636291196,162.948636291196,163.31783789671,171.926623338911,171.926623338911,182.498224819138,182.498224819138,183.20248480797,184.181642707381,185.294507058424,185.294507058424,186.933248299013,187.386191378262,195.051059518655,293.901931676064,293.901931676064,296.412044407539,298.306851876077,300.227502650981,301.112783341086,301.112783341086,740.240945590948,740.240945590948,750.056287485739,752.215008287742,752.636774385682,753.636118940315,770.456924577411,775.05195092767,888.670097622397,911.551735995563,913.279740810854,914.061497537615,914.417062660648,919.869213785643,920.175581466319,920.914566736543,921.191844452064,921.191844452064,922.776756887669,922.776756887669,952.250953857243,952.250953857243,952.468315660222,956.456244542434,963.967610474708,971.658889128013,985.31725115206,1044.4691573363,1057.63333812394,1057.63333812394,12.6139428978054,96.9986821390758,12.9993665883491,29.1807079749399,58.8104678067149
2006-01-28,119.062098547977,119.062098547977,119.062098547977,120.267010475992,120.713291938393,121.805558037229,124.509691411006,124.888464034413,125.085864630358,141.901800860842,141.901800860842,151.402716220556,151.402716220556,157.692211458179,157.692211458179,161.461506869191,161.461506869191,161.461506869191,161.813364662284,170.267518692019,170.267518692019,180.601264986939,180.601264986939,181.299813765935,182.22543353992,183.384874268503,183.384874268503,185.040003145428,185.488141533778,193.012060317115,288.250130344178,288.250130344178,290.842755570557,292.742177961357,294.800494946469,295.788948509298,295.788948509298,729.693047282693,729.693047282693,739.893888272164,742.212627743726,742.732497109164,743.829859311801,760.64633523358,765.552526314582,878.262685580175,901.441886485965,903.41335766971,904.25481255757,904.685521789724,910.164491409657,910.673094967019,911.568568458766,911.947329133361,911.947329133361,913.634905861378,913.634905861378,944.215630679774,944.215630679774,945.062939728252,950.73532113861,960.073410440831,969.145753179546,988.900813555932,1052.26732478267,1069.26424959139,1069.26424959139,12.4465703407119,93.278186445957,13.0573967659996,30.0468356841728,62.2077921245832
2006-01-29,118.834755449998,118.834755449998,118.834755449998,120.063190603697,120.495861876465,121.534678712283,124.500918639435,124.916225762421,125.108015529504,142.031908878073,142.031908878073,151.134017461654,151.134017461654,157.163385599119,157.163385599119,160.555657974642,160.555657974642,160.555657974642,160.884291339994,169.140958569618,169.140958569618,179.018199073235,179.018199073235,179.660166505166,180.531406893262,181.627442564496,181.627442564496,183.243264244125,183.680733014229,191.060159723404,282.685747900858,282.685747900858,285.255842422141,287.130636813423,289.23268192034,290.273072878578,290.273072878578,715.614718565051,715.614718565051,726.145044603709,728.67326829662,729.285464891088,730.460243407248,747.438215692182,752.649709321482,864.994829446833,888.835763022213,891.017557684477,892.057125417131,892.624820193517,898.287976086615,899.022444221535,900.047148250053,900.538136600206,900.538136600206,902.392313831389,902.392313831389,935.56380471597,935.56380471597,936.094493100219,941.68256649729,951.503140529984,962.166035276434,983.611479029219,1052.92820600308,1077.11207315582,1077.11207315582,12.6937665091882,89.6966841563248,13.3499734795688,32.5663653560685,68.5595673444292
2006-01-30,118.639646519446,118.639646519446,118.639646519446,119.879809791819,120.294416563293,121.294167724445,124.344958166219,124.7359968678,124.917142881138,142.084333009125,142.084333009125,151.005413102865,151.005413102865,156.917615042901,156.917615042901,160.019034472854,160.019034472854,160.019034472854,160.327701880778,168.476299815619,168.476299815619,177.789131319274,177.789131319274,178.353244039376,179.169676183471,180.158653665293,180.158653665293,181.703694626733,182.123899441351,189.336489780737,277.556019510191,277.556019510191,280.032895082406,281.863250744704,283.888208773974,284.890775458326,284.890775458326,698.653497363361,698.653497363361,709.323782393958,711.927276573309,712.608334339058,713.848296732953,730.877407204595,736.352468694305,848.656174810959,873.380102422353,875.747748428045,876.90640700309,877.588712200434,883.521867785323,884.472337719534,885.587506695887,886.202077735298,886.202077735298,888.206302589711,888.206302589711,925.822032947735,925.822032947735,926.28256861909,932.1174129748,942.741005882072,953.877140445583,976.469965041826,1048.58592074088,1087.03113850993,1087.03113850993,12.9652243916479,86.4120551063875,13.7785960889903,37.0637340413496,71.8355597287704
2006-01-31,118.539372799983,118.539372799983,118.539372799983,119.761454601821,120.155720176539,121.108760541312,124.176518127102,124.543983878481,124.702427565907,141.991825272199,141.991825272199,150.786957858177,150.786957858177,156.676643045834,156.676643045834,159.621518927107,159.621518927107,159.621518927107,159.914317189996,168.031344933516,168.031344933516,176.886907262271,176.886907262271,177.376887465244,178.140194536858,179.00780337298,179.00780337298,180.473257428606,180.875017382801,187.914131144381,273.020701054061,273.020701054061,275.365689374748,277.138983190942,279.048046465922,279.988141852358,279.988141852358,680.460697275588,680.460697275588,691.153005006935,693.732106515854,694.452491824622,695.733404233516,712.783641562184,718.466397280475,831.113263039576,856.740888843411,859.224037480374,860.446262587816,861.237732252649,867.5437044124,868.77878154776,870.015501984011,870.726537194419,870.726537194419,872.922043190615,872.922043190615,916.824744296278,916.824744296278,917.264937241341,923.620520040776,936.049221326851,948.064911658005,972.561001963288,1046.49488632588,1103.70403892103,1103.70403892103,13.1211799441879,83.4620742168223,14.2662608928785,43.2983160342091,73.8021272448596
2006-02-01,118.508274343719,118.508274343719,118.508274343719,119.694389124825,120.069981816687,120.972356286816,123.99023942072,124.334484485508,124.476061198031,141.729918028585,141.729918028585,150.410675741187,150.410675741187,156.283441499741,156.283441499741,159.166494974102,159.166494974102,159.166494974102,159.447827040517,167.576194759823,167.576194759823,176.109240327421,176.109240327421,176.555465258916,177.272049831351,178.05225882521,178.05225882521,179.45271688827,179.838105280906,186.704167486393,268.998225434808,268.998225434808,271.213950259251,272.928506627768,274.716604428124,275.588578669419,275.588578669419,661.710224343258,661.710224343258,672.345049684237,674.927975660347,675.641435864421,676.921595114781,693.747420710827,699.526107293121,812.646141321745,839.039248276751,841.611543198648,842.890504124194,843.824771786208,850.585157925464,851.724433519057,852.909962381849,853.685428575785,853.685428575785,855.949669609603,855.949669609603,905.783701429079,905.783701429079,906.254368590639,913.27031548389,928.010042825197,939.703702266712,966.285171608106,1041.692513033,1113.66514288571,1113.66514288571,13.1420735828819,80.7952724269773,14.6337155428769,49.3618531959156,75.1208677767261
2006-02-02,118.526827545654,118.526827545654,118.526827545654,119.675522647655,120.036199622029,120.88981325356,123.85226174711,124.178942344987,124.308410530157,141.397562525252,141.397562525252,149.925530586667,149.925530586667,155.739114620456,155.739114620456,158.591647279634,158.591647279634,158.591647279634,158.864250816147,167.009428198384,167.009428198384,175.339415344281,175.339415344281,175.763091482729,176.438127444612,177.173379605901,177.173379605901,178.529679602934,178.901004953507,185.601185660758,265.333108375687,265.333108375687,267.443250075945,269.105086794511,270.792172633932,271.607018362913,271.607018362913,642.953129881387,642.953129881387,653.473570507054,656.013139008453,656.715087709393,657.98739351698,674.42540410192,680.203168859781,793.597179350249,820.246219111226,822.707983658136,823.834535490685,824.703657124805,831.68588214103,832.802825172654,834.041020347661,834.754629949235,834.754629949235,837.103488675652,837.103488675652,891.811020984055,891.811020984055,892.322769394096,900.077991162156,917.093535584366,929.007039591739,957.08046542472,1033.71201507225,1112.15824003863,1112.15824003863,13.0650646384161,78.3377496932293,14.7886849598159,54.1194037579058,76.1495414643494
2006-02-03,118.550811819577,118.550811819577,118.550811819577,119.668940308966,120.014929407674,120.832264285218,123.73783199483,124.051707889688,124.17403791508,140.988567054583,140.988567054583,149.346557055813,149.346557055813,155.064122756727,155.064122756727,157.890830885761,157.890830885761,157.890830885761,158.156252907944,166.302955672585,166.302955672585,174.495583831439,174.495583831439,174.911995073989,175.549248043413,176.274104397343,176.274104397343,177.605144022657,177.965881066818,184.510199952346,261.862561785036,261.862561785036,263.896817262091,265.513543414539,267.12931585422,267.905221128104,267.905221128104,624.509669797521,624.509669797521,634.877900246633,637.375968084301,638.064244087399,639.324110421334,655.433202092057,661.208008508679,775.132789826019,802.00240278951,804.420670835968,805.513808707326,806.359674703557,813.45885899501,814.37818833423,815.530451503965,816.224120491427,816.224120491427,818.575094644234,818.575094644234,875.94349653051,875.94349653051,876.478285669553,884.829646657865,903.649148154765,915.747640916393,944.601480345819,1022.38522150455,1100.38461141533,1100.38461141533,12.9053751508164,76.020601332734,14.8639252140931,56.7333896705381,77.1033034766747
2006-02-04,118.557142315106,118.557142315106,118.557142315106,119.649718934805,119.982573929608,120.77437490128,123.625118632158,123.929565174869,124.049325006929,140.514719984178,140.514719984178,148.693845354335,148.693845354335,154.28824367996,154.28824367996,157.084946218627,157.084946218627,157.084946218627,157.344163364179,165.465443188314,165.465443188314,173.547876184625,173.547876184625,173.966023335923,174.569036929494,175.30194825866,175.30194825866,176.618700206239,176.970723680501,183.366367673649,258.464028649456,258.464028649456,260.446956041524,262.026010535773,263.597102100707,264.351230878815,264.351230878815,606.539362604863,606.539362604863,616.7322299906,619.184413978515,619.855189386008,621.098275053383,636.864573627568,642.628999216966,757.034143164803,784.022024603648,786.41094609347,787.491200889448,788.322269678285,795.466846226761,796.303274234436,797.437513551915,798.113413060109,798.113413060109,800.456135497597,800.456135497597,858.523896907833,858.523896907833,859.074125130414,867.837037518778,887.817143449667,900.036809062403,929.02008628353,1007.97316997965,1081.66498082075,1081.66498082075,12.6923869173122,73.7971042907984,14.8795094710083,57.3701576064158,78.093662590971
2006-02-05,118.546874978461,118.546874978461,118.546874978461,119.615287858393,119.935554258852,120.70674720141,123.506512440867,123.803491009359,123.922932721088,139.996913845023,139.996913845023,147.988599365161,147.988599365161,153.44254260886,153.44254260886,156.200131645634,156.200131645634,156.200131645634,156.453628519096,164.519909335372,164.519909335372,172.496358823815,172.496358823815,172.918857941727,173.490364856988,174.238496635492,174.238496635492,175.545778454588,175.890055051572,182.147358447231,255.075646983507,255.075646983507,257.0215939548,258.56568138216,260.109895656494,260.854295690169,260.854295690169,589.118908346383,589.118908346383,599.124206104195,601.527860296366,602.178892259228,603.402395694872,618.814671639858,624.561496971203,739.231485853845,766.236196636169,768.598746433899,769.666922443153,770.482499717486,777.623155456772,778.403706958694,779.526371389055,780.190552997405,780.190552997405,782.513603401296,782.513603401296,840.015305919208,840.015305919208,840.572761826253,849.551330266061,870.14698021517,882.4083693569,911.010490277573,991.114794290104,1059.0224159661,1059.0224159661,12.4526162340938,71.6430975529693,14.8456621786751,56.7575268840346,79.1000624345715
2006-02-06,118.524728702732,118.524728702732,118.524728702732,119.568843345123,119.876892308479,120.6270211041,123.379538146628,123.66977181002,123.789855679971,139.458975061419,139.458975061419,147.255604322076,147.255604322076,152.554236509348,152.554236509348,155.264313219569,155.264313219569,155.264313219569,155.512238822642,163.496876803036,163.496876803036,171.356667414442,171.356667414442,171.782077667201,172.323833385076,173.089916629886,173.089916629886,174.387746312759,174.72452382823,180.847530012008,251.686020965088,251.686020965088,253.605235646913,255.119869029724,256.700109908264,257.475752708439,257.475752708439,573.737632884181,573.737632884181,583.621186771519,586.333147601211,586.971221485207,588.155254540885,603.473067429226,609.184562745149,724.139139946357,751.409122785956,753.735951530315,754.879732388077,755.756085548227,763.028575148502,763.954664636099,765.180304114531,765.87236072842,765.87236072842,768.339233719423,768.339233719423,825.242063737599,825.242063737599,825.731234239368,834.573120665607,855.697573420195,867.725269422987,895.393562424378,976.319678305651,1038.21267367863,1038.21267367863,12.2025759772914,69.5590336339404,14.8557356973618,56.22093863323,80.0370766600983
2006-02-07,118.502718429945,118.502718429945,118.502718429945,119.521699164542,119.817927251141,120.543610204473,123.251952654601,123.535604836554,123.655369350647,138.921056501932,138.921056501932,146.526095447678,146.526095447678,151.660270494642,151.660270494642,154.312861955278,154.312861955278,154.312861955278,154.555133195909,162.452592996272,162.452592996272,170.195964426727,170.195964426727,170.617476060167,171.135795768794,171.917495507627,171.917495507627,173.232179883662,173.570721406263,179.65951794528,248.646995270297,248.646995270297,250.487955771113,251.967603156748,253.70139467672,254.576910032138,254.576910032138,560.988697892579,560.988697892579,571.00326540569,573.793288975818,574.449526799808,575.599549423691,591.184149457268,596.955857662198,712.486279031638,740.469764702516,742.887241670774,744.20322021506,745.315300844883,753.039273522869,753.742975541943,754.749401940469,755.498700925705,755.498700925705,757.915585703614,757.915585703614,813.784049865673,813.784049865673,814.208835069402,822.81579514592,843.939506161368,855.710388462106,882.262635021534,963.79604733407,1020.12866413116,1020.12866413116,11.9532291668119,67.7228978608045,15.1011277014229,55.3933194536104,80.7739174916562
2006-02-08,118.514673228296,118.514673228296,118.514673228296,119.5072966347,119.79202348792,120.483601606001,123.156099034445,123.436064110344,123.551777718779,138.443372488431,138.443372488431,145.859183574938,145.859183574938,150.837585149908,150.837585149908,153.428302624369,153.428302624369,153.428302624369,153.664324893817,161.480173258236,161.480173258236,169.154859502517,169.154859502517,169.559901425972,170.054673544107,171.027042019276,171.027042019276,172.389054158555,172.729168223976,178.917599402731,246.31297522281,246.31297522281,248.225333849434,249.862253806616,251.522887243826,252.402320299632,252.402320299632,549.527093601713,549.527093601713,560.043371600179,562.511051534466,563.187550482127,564.320183438738,579.782030605001,585.721516057927,701.232824985068,729.995434088051,732.544610378015,733.565369317544,734.849866560116,743.245760534724,743.969465934264,745.013800799508,745.849999691436,745.849999691436,748.219904711385,748.219904711385,803.647349909556,803.647349909556,804.038545877891,812.424964434181,833.208207333906,844.769457484141,870.208929282954,952.119633932304,1003.57985860596,1003.57985860596,11.728838823914,66.1412027070982,15.340010020293,55.004719571065,81.1989014635628
2006-02-09,118.57386918359,118.57386918359,118.57386918359,119.542611076141,119.816555389618,120.466074770622,123.095240506334,123.364732817069,123.473129650753,138.133379911171,138.133379911171,145.333624094093,145.333624094093,150.142757487523,150.142757487523,152.634821047617,152.634821047617,152.634821047617,152.86536155352,160.523071052406,160.523071052406,168.129119821604,168.129119821604,168.521392067951,169.004113888505,169.953273283448,169.953273283448,171.399384771685,171.749547297299,178.058162509674,243.934670422179,243.934670422179,245.7596515883,247.277664344487,248.839127187721,249.590484495368,249.590484495368,535.765932443607,535.765932443607,546.588568781761,549.181343318473,549.981340764207,551.185909307622,567.795342783163,574.081077752025,689.25394913122,718.552180590654,721.071993683054,722.81150328539,724.570174078949,733.899502178899,734.673502636429,735.897555733584,736.800007020462,736.800007020462,739.124832722566,739.124832722566,795.090853253431,795.090853253431,795.444378946453,803.551062453969,823.815158686458,835.129280426223,859.448338386903,941.364191008247,988.616976613939,988.616976613939,11.6254407968328,64.6494444813633,15.747156257417,55.6064297411665,81.2453118403415
2006-02-10,118.610035780281,118.610035780281,118.610035780281,119.563303311371,119.828165954925,120.457259335873,123.053400110839,123.3165145624,123.41944054111,137.778472489351,137.778472489351,144.822954796044,144.822954796044,149.491611932932,149.491611932932,151.90524258642,151.90524258642,151.90524258642,152.130314325719,159.720262239231,159.720262239231,167.216626103905,167.216626103905,167.589168244405,168.038369678488,168.901476572159,168.901476572159,170.253977690995,170.601677757375,176.947590626071,241.112566728697,241.112566728697,242.956948382921,244.424489018638,245.885101969504,246.63228453979,246.63228453979,522.657645938696,522.657645938696,533.316058049769,535.856507365774,536.613436584251,537.799506378847,553.56038977853,560.012056119124,673.444043658129,703.533707136982,706.660521229161,707.932459993236,709.335549592068,719.022374749075,719.897233808711,721.289166715543,722.344722767142,722.344722767142,724.633360149483,724.633360149483,780.524056060341,780.524056060341,780.96545462533,789.116464053724,808.781487828418,820.179000879577,843.733282096882,925.602842516072,969.368640773787,969.368640773787,11.441049053717,62.9214025277461,15.8525616510001,55.2898736121133,80.9001393174531
2006-02-11,118.65628349579,118.65628349579,118.65628349579,119.588786314213,119.844596695658,120.450658687353,123.017456405373,123.275455574366,123.375911895099,137.424219656554,137.424219656554,144.314844761905,144.314844761905,148.854665234985,148.854665234985,151.211313367621,151.211313367621,151.211313367621,151.430791365174,158.860952163114,158.860952163114,166.253884938521,166.253884938521,166.621828708069,167.052899032111,167.867411775929,167.867411775929,169.147425716245,169.48623534678,175.749930213043,238.217409592006,238.217409592006,240.061406134836,241.501879293387,242.94319103758,243.678226305444,243.678226305444,510.931208627708,510.931208627708,520.949719920064,523.415583423233,524.121359967258,525.270431383851,540.418812588547,546.656132525947,657.766988606566,687.318981831916,690.204867916088,691.503579624198,692.798521317559,702.586328955121,703.482891171936,704.964124532466,705.856427286155,705.856427286155,708.110267865411,708.110267865411,762.661820781051,762.661820781051,763.150040913699,771.223743623391,790.248630725924,801.631542291419,824.412006817776,905.82556002498,946.598326548992,946.598326548992,11.2414808897576,61.2367838113639,15.5898972543668,53.8142362702388,80.1998538073275
2006-02-12,118.713857817903,118.713857817903,118.713857817903,119.623415030514,119.870358778347,120.450482991221,122.988900989493,123.241164979371,123.339628002708,137.080957854669,137.080957854669,143.816491326894,143.816491326894,148.230008030283,148.230008030283,150.53621027687,150.53621027687,150.53621027687,150.750781437092,158.063916289722,158.063916289722,165.298748593979,165.298748593979,165.659896073851,166.073553072814,166.855801494694,166.855801494694,168.102771113757,168.434019963809,174.572926851128,235.394515265565,235.394515265565,237.20936365682,238.618959293623,240.036840581602,240.757741736588,240.757741736588,500.088935799649,500.088935799649,509.74929971862,512.119294983272,512.764013350479,513.869010357776,528.525695663349,534.553148438917,643.38338653228,672.382454916378,675.142535188847,676.403693069183,677.582085645726,687.285193095958,688.121798857402,689.623822556391,690.430238170258,690.430238170258,692.650142255959,692.650142255959,745.206404636835,745.206404636835,745.680241463309,753.490306412417,771.863073587264,783.042702863546,804.926297707802,885.397770192483,923.525807823011,923.525807823011,11.039014239383,59.6260203368321,15.2567935810783,51.8302151375044,79.2101519666383
2006-02-13,118.780951075397,118.780951075397,118.780951075397,119.668022002752,119.906479182569,120.461080178896,122.973723454199,123.220662507933,123.316162895874,136.766883233183,136.766883233183,143.35285532181,143.35285532181,147.640363247555,147.640363247555,149.893342843852,149.893342843852,149.893342843852,150.103895016685,157.357224494818,157.357224494818,164.446568102934,164.446568102934,164.791900217182,165.189918843939,165.978090421982,165.978090421982,167.233803545517,167.55446403971,173.578752020804,232.884351301883,232.884351301883,234.656092642902,236.059971581626,237.420325019717,238.100373996113,238.100373996113,490.865041869024,490.865041869024,500.338793148602,502.599067291893,503.235466585444,504.31931179202,518.770226858246,524.661199850238,631.443277989315,659.894999352229,662.49770705498,663.693460478952,664.759942241067,674.28695385256,675.027957761166,676.476757939566,677.193577842057,677.193577842057,679.381963826199,679.381963826199,729.767820271175,729.767820271175,730.199524854301,737.662266863147,755.391762327361,766.273513623441,787.221442905452,866.408363612711,902.19142047168,902.19142047168,10.8457045422209,58.1674703721507,15.0025691667846,49.7377046906584,78.0038071134335
2006-02-14,118.997374739592,118.997374739592,118.997374739592,119.873518776192,120.105000748827,120.592157280219,123.196053289795,123.498537621377,123.597849675398,136.940811534422,136.940811534422,143.365681834827,143.365681834827,147.489277732501,147.489277732501,149.675166333357,149.675166333357,149.675166333357,149.877306539045,157.017760868724,157.017760868724,164.009554737738,164.009554737738,164.300487069408,164.709693612137,165.381373402655,165.381373402655,166.588947425342,166.897763305604,172.83022312859,230.683364044206,230.683364044206,232.366559137082,233.72014749573,235.024651184808,235.669817486661,235.669817486661,482.762127816473,482.762127816473,491.997225484062,494.202029492163,494.910138603965,496.018175244933,510.711708315146,516.526269632188,621.629058663509,649.577925926078,652.035435912058,653.16949394546,654.140685880529,663.456904976791,664.105538750671,665.496514466454,666.133926399678,666.133926399678,668.294280797205,668.294280797205,716.627152055081,716.627152055081,717.011866297119,724.114419097473,741.22530965693,751.787543652737,771.8310238546,849.547504656804,883.25642832803,883.25642832803,10.8648322460591,56.8252783927852,14.8646077559807,47.7758605097852,76.6554557619007
2006-02-15,128.185772429612,128.185772429612,128.185772429612,130.027576577301,130.330349934892,129.176791980533,137.233363684189,139.221079715286,138.830677002204,160.432795802777,160.432795802777,172.267714684087,172.267714684087,177.466588903255,177.466588903255,176.918888676483,176.918888676483,176.918888676483,177.814963198294,183.911198992551,183.911198992551,184.590269943053,184.590269943053,182.492953430764,183.129431005049,180.461823281711,180.461823281711,180.250233391753,180.345820976501,187.683519938567,246.363226222188,246.363226222188,245.826920039368,247.322752871334,247.355693502913,247.215333778013,247.215333778013,510.392410428219,510.392410428219,522.890127640535,525.807688856092,527.361649082991,527.821986264397,546.812778273957,551.92308436212,661.980173700605,693.192333641527,694.360519165094,695.033844118726,695.735841552873,705.899569599343,705.957181142553,706.874039442196,706.828921893709,706.828921893709,709.238448135829,709.238448135829,756.25653203747,756.25653203747,755.892013417277,760.866147078686,778.259719939632,787.565420793886,806.363019098748,881.257421699557,912.957644054877,912.957644054877,19.0890277037466,60.9881113984577,18.3382270888611,48.3130481234778,76.3822949128225
2006-02-16,140.92418245231,140.92418245231,140.92418245231,144.626082088755,144.970694290733,142.039451129815,152.541443948542,155.817783713562,156.417788091838,187.56283064803,187.56283064803,197.963749452201,197.963749452201,205.143472468088,205.143472468088,202.855253657256,202.855253657256,202.855253657256,203.280393502566,209.37816441257,209.37816441257,206.773050927584,206.773050927584,204.976650034999,206.488160581171,201.095778387092,201.095778387092,199.279310599473,199.216276524083,206.799549931387,269.077336180815,269.077336180815,266.903824676778,267.654004973413,265.20796487795,263.630775477117,263.630775477117,532.362697640092,532.362697640092,542.84049417316,545.237468691416,545.878799817897,546.54135838982,565.171048229494,570.65708203479,682.094474715567,713.892802621198,715.369132278938,715.984444418836,716.669875150439,727.430078167311,727.505162509315,728.578251394894,728.629961903602,728.629961903602,731.056918225627,731.056918225627,777.829049923993,777.829049923993,777.64584630453,783.257398750385,800.280903528177,809.565409578866,828.091476098565,902.132424681953,932.439340962847,932.439340962847,27.0086508420194,67.0128880238603,19.0228191326877,47.626808698398,75.2330105274681
2006-02-17,155.388780486867,155.388780486867,155.388780486867,161.283486619079,161.75278925598,160.461250884508,173.398677787021,178.605077285263,177.682184893507,215.859367601232,215.859367601232,226.926058389245,226.926058389245,235.700345845866,235.700345845866,232.321979004303,232.321979004303,232.321979004303,232.561042453791,238.739820367238,238.739820367238,233.346212506072,233.346212506072,230.818130338399,232.396259284248,225.999662506127,225.999662506127,223.473298392478,223.312572098875,230.956828258391,301.962075851305,301.962075851305,298.157645286554,298.477449447404,293.8033487146,290.760229450496,290.760229450496,574.035044669689,574.035044669689,581.976134037234,583.578312235955,583.721405319064,583.975692299172,602.234155755333,606.722856694867,721.103680783293,752.509084483209,753.154989759054,753.385818481272,753.703997891528,764.695092185658,764.211485496248,764.843179951664,764.537810921916,764.537810921916,766.945259083762,766.945259083762,812.959585885371,812.959585885371,812.547654609653,817.484924088293,834.047465295928,842.715688343826,860.388870359816,932.590414984355,961.315137137166,961.315137137166,32.6803015205835,77.9768099085696,19.2879965534149,47.3992060008147,73.9825579868513
2006-02-18,161.890637098409,161.890637098409,161.890637098409,167.910375653198,168.584178060489,169.715240665657,180.64966160183,182.328719533683,182.027858801603,226.738498451561,226.738498451561,242.750114623617,242.750114623617,254.772981171478,254.772981171478,254.117764556017,254.117764556017,254.117764556017,254.346121190116,262.212688405189,262.212688405189,259.195921752274,259.195921752274,256.250272313405,257.843461485739,251.425201458685,251.425201458685,248.833589604118,248.66988407482,256.30240695701,340.392140469109,340.392140469109,335.697256593469,335.701577602619,329.710456713869,325.775412161097,325.775412161097,633.103585792158,633.103585792158,638.731221239837,639.464148137713,639.096710076744,638.974286071265,656.283226771483,659.582029252215,777.010690401817,807.705514479116,807.537623643014,807.389545431908,807.355389591114,818.385257860612,817.366699237341,817.52883761731,816.795110090834,816.795110090834,819.173968963852,819.173968963852,864.311295831671,864.311295831671,863.638089227664,867.750588961371,883.846692493323,891.713122237218,908.458167643567,978.555520184309,1005.71742197254,1005.71742197254,34.0124307591699,92.1130961481186,19.8603933515708,47.1292250284269,72.761852924284
2006-02-19,176.887363666912,176.887363666912,176.887363666912,182.419669869122,183.341760130309,182.808804077827,195.143925949243,196.003046386541,194.506716161854,247.477834196264,247.477834196264,268.414978909305,268.414978909305,287.58272168621,287.58272168621,286.510034059215,286.510034059215,286.510034059215,287.045896158597,296.093055298596,296.093055298596,304.870931533575,304.870931533575,303.015062957751,308.050182304482,299.013336141066,299.013336141066,295.022345626336,294.657881136008,304.626495371207,414.734081217917,414.734081217917,406.499837095742,406.962591755589,398.34244099723,393.161396212227,393.161396212227,791.851086835716,791.851086835716,800.877103766014,801.945354985811,801.879256988465,800.19493823325,839.780899560687,856.566042086045,988.107982362565,1028.37053128548,1022.97220458959,1020.47342643617,1018.97933561476,1033.27931353529,1029.08077099624,1026.47681046549,1023.52909848962,1023.52909848962,1026.02798241511,1026.02798241511,1070.57377819304,1070.57377819304,1067.66109187446,1065.58691513099,1081.82830088613,1084.79657024947,1098.94885031473,1162.13072056422,1185.69909725245,1185.69909725245,40.0368209792574,123.349059686522,32.2483832698697,51.8733004245476,73.3307293306745
2006-02-20,183.614007517914,183.614007517914,183.614007517914,189.384327372891,190.41316018033,190.744694434101,202.571822644365,203.713788453471,202.730747785747,255.269202581777,255.269202581777,276.909122390393,276.909122390393,299.191979882497,299.191979882497,302.692640511579,302.692640511579,302.692640511579,303.399363563209,314.78425222125,314.78425222125,322.943063441603,322.943063441603,320.943453500303,324.529293900525,320.445356105096,320.445356105096,319.065530614607,319.176808788875,331.02268272761,471.927833487818,471.927833487818,465.782744548465,465.856061780691,457.171797234055,451.472496326636,451.472496326636,913.684273237263,913.684273237263,920.379126632004,921.139888890914,920.375834780044,919.59515783573,952.302413397605,958.280930108198,1100.89538830307,1152.88719329972,1150.7427384795,1149.58816124382,1149.04826388376,1165.45829506574,1163.02647862156,1162.16995753106,1160.32408691975,1160.32408691975,1162.91183609694,1162.91183609694,1213.63041805414,1213.63041805414,1211.72449112307,1212.73635631649,1228.92624378021,1234.46254256714,1255.45519133205,1320.75394176284,1344.03733274655,1344.03733274655,38.7548313796867,150.989648427005,37.0468330577004,55.6381347157256,73.6603518246131
2006-02-21,187.063642666081,187.063642666081,187.063642666081,192.693843001957,193.76874882682,195.121153481224,206.353314977107,207.752365726596,207.363828714861,256.574598989317,256.574598989317,279.070077330219,279.070077330219,300.984543262161,300.984543262161,307.818792013239,307.818792013239,307.818792013239,308.601062211248,321.638247937249,321.638247937249,335.440052491234,335.440052491234,334.21910336377,336.94474785108,334.630887822925,334.630887822925,334.458353395207,334.776264700409,347.171653680996,509.089812879648,509.089812879648,506.134655832148,507.024871707244,501.191252495956,497.020211695945,497.020211695945,1033.39890447781,1033.39890447781,1040.37144378426,1040.99212108186,1040.09127864921,1039.43373922176,1070.44391577882,1076.60193295709,1226.35383486058,1280.58569297591,1278.48214517064,1277.40929516033,1276.83318804436,1293.62759994527,1291.28628059774,1290.54044994116,1288.74846949906,1288.74846949906,1291.35679362003,1291.35679362003,1345.22627227666,1345.22627227666,1343.62313358938,1345.8288432757,1361.99584265164,1369.09480269109,1396.52752020834,1464.79518888551,1488.09548414212,1488.09548414212,35.7549265805095,167.722224948122,37.6339816201655,58.2006013284241,75.2932152090668
2006-02-22,187.472550400029,187.472550400029,187.472550400029,192.981855128634,194.063610907609,196.432342767702,206.747699077087,208.262960682764,208.376033927921,253.872921363978,253.872921363978,276.197923060603,276.197923060603,296.876220250973,296.876220250973,305.608166292078,305.608166292078,305.608166292078,306.393085918722,320.199145628457,320.199145628457,338.582990102556,338.582990102556,338.593914360426,340.827752155266,340.512068197583,340.512068197583,341.483273410272,341.977352660394,354.531407314044,524.664421714785,524.664421714785,524.92625156972,526.686976136932,524.395012065415,522.39526586704,522.39526586704,1129.46349040905,1129.46349040905,1138.3655476107,1139.54292448879,1138.93386377733,1138.73086888786,1169.26305457433,1177.25683540364,1331.98186621367,1386.74805718248,1385.49247577615,1384.82930540516,1384.49276468044,1401.05631858654,1399.18406634034,1398.81908027949,1397.38777577842,1397.38777577842,1400.0128019951,1400.0128019951,1455.90054297307,1455.90054297307,1454.61152467265,1458.05055561044,1474.01296607022,1482.76405295651,1513.84158934192,1585.54632756036,1608.61667985372,1608.61667985372,32.6171648133052,171.745947314608,36.0937860572959,59.3985242622454,77.5538486104408
2006-02-23,185.468624819901,185.468624819901,185.468624819901,190.866036137236,191.924410927716,195.164855207314,204.678515765824,206.238031032591,206.702447573921,248.68446197939,248.68446197939,270.280524344846,270.280524344846,289.405893329903,289.405893329903,299.031346384755,299.031346384755,299.031346384755,299.789134997973,313.807175610359,313.807175610359,334.649558858394,334.649558858394,335.607016893518,337.51892251452,338.971008561581,338.971008561581,340.950604980181,341.594053218452,354.16805930919,522.616452951486,522.616452951486,525.456138116953,527.918499309724,528.694576369357,528.629714434352,528.629714434352,1190.96389981162,1190.96389981162,1202.52485036488,1204.59472359118,1204.47674298097,1204.88700043665,1235.54861163935,1245.66960706565,1402.59560881704,1457.05580379266,1457.0931960155,1457.05386406154,1457.13889666067,1473.20973573588,1472.08260097666,1472.35267895055,1471.53932220038,1471.53932220038,1474.17878252566,1474.17878252566,1531.18935014988,1531.18935014988,1530.39717583906,1535.47332289073,1551.23134524425,1561.95401759834,1594.93557721417,1671.60364223165,1694.78322545424,1694.78322545424,29.8070706526687,166.780277390786,33.7680452838898,59.3321901914372,80.7175287858658
2006-02-24,181.764360446007,181.764360446007,181.764360446007,187.030395508551,188.053715829477,191.946331089487,200.821796436513,202.35356213041,203.113803317723,242.053558133199,242.053558133199,262.708157471316,262.708157471316,280.297478275189,280.297478275189,290.168023530382,290.168023530382,290.168023530382,290.886858858248,304.812527369839,304.812527369839,326.684688353574,326.684688353574,328.196040737665,329.866239133215,332.484688913836,332.484688913836,335.153848180691,335.896402498,348.35960709222,509.160117397766,509.160117397766,513.687856517871,516.608333816872,519.529790235721,520.855719778825,520.855719778825,1216.95813811877,1216.95813811877,1231.11637874716,1234.08439457897,1234.47520804822,1235.48332694693,1266.39204686819,1278.46925385222,1434.85088724703,1488.5722378727,1489.95352798466,1490.56768136056,1491.11465754203,1506.5751257587,1506.25438126217,1507.2116633411,1507.08467464113,1507.08467464113,1509.72899532016,1509.72899532016,1566.97498505368,1566.97498505368,1566.70168852354,1573.40484608003,1588.94128821086,1601.58740607168,1635.05613917228,1717.34878464609,1740.7331312857,1740.7331312857,27.4434212365233,157.037925532222,31.3682615571389,58.3233236530129,84.3936551391316
2006-02-25,177.068250729914,177.068250729914,177.068250729914,182.157874462193,183.137625556556,187.436103768411,195.744996720766,197.251430031682,198.220389522377,234.538940610279,234.538940610279,254.207321092367,254.207321092367,270.406939462879,270.406939462879,280.182575436285,280.182575436285,280.182575436285,280.85526912154,294.54829999692,294.54829999692,316.59956105076,316.59956105076,318.397375286564,319.877403518762,323.158239192864,323.158239192864,326.228753746146,327.024919896576,339.26509511676,489.629157743664,489.629157743664,495.078962375103,498.243153959865,502.450015140981,504.625493273221,504.625493273221,1213.05391710832,1213.05391710832,1229.26706971043,1232.983526069,1233.80548928395,1235.31113260457,1266.23725068314,1279.79900919639,1433.64789588848,1486.33687743321,1488.85934250523,1490.02675276796,1490.96428206813,1505.76796815374,1506.14315212588,1507.68855121533,1508.15983431544,1508.15983431544,1510.79606915867,1510.79606915867,1567.50428930284,1567.50428930284,1567.68047403822,1575.72036855434,1591.01148858281,1605.23079163371,1638.30117112454,1725.93177946781,1749.4585219799,1749.4585219799,25.4761693244435,145.475373301552,29.2167409453821,56.7049362702656,87.9915861123371
2006-02-26,171.835175673313,171.835175673313,171.835175673313,176.714438331043,177.645392195226,182.146684016129,189.933756231048,191.399513586716,192.506983581084,226.520423040913,226.520423040913,245.234112182406,245.234112182406,260.203838875,260.203838875,269.723631567593,269.723631567593,269.723631567593,270.34732765983,283.747275999739,283.747275999739,305.443806115694,305.443806115694,307.379709457345,308.704441201599,312.330900490869,312.330900490869,315.609391360077,316.427033297019,328.363948154664,467.519334929113,467.519334929113,473.371261614027,476.630406640165,481.501467716518,484.124947861113,484.124947861113,1187.14037388924,1187.14037388924,1204.71325011248,1208.94883527005,1210.08032147201,1211.94930804695,1242.52867013902,1257.02247200989,1406.96169736715,1458.37571942031,1461.75506416172,1463.33571314111,1464.55858672919,1478.68715745234,1479.58845338936,1481.5855424094,1482.51381841126,1482.51381841126,1485.12853267135,1485.12853267135,1540.71299499094,1540.71299499094,1541.23477159428,1550.22636673395,1565.24734960499,1580.58097571863,1612.74885702856,1704.71853134748,1728.26004926663,1728.26004926663,23.8094417842618,133.77118188991,27.3917869338185,54.7453756816097,90.9452642864857
2006-02-27,166.437815246859,166.437815246859,166.437815246859,171.074020634497,171.951851756528,176.495209818949,183.832358687337,185.239659089815,186.408923561989,218.363681962591,218.363681962591,236.148812987816,236.148812987816,250.011086535118,250.011086535118,259.190491534544,259.190491534544,259.190491534544,259.7688704563,272.853019694697,272.853019694697,293.943702553583,293.943702553583,295.919732501136,297.116552125835,300.879946301775,300.879946301775,304.23964308164,305.058821180055,316.64105717067,444.866878638205,444.866878638205,450.800763638152,454.059364653092,459.196054877925,462.018638174763,462.018638174763,1146.66992809843,1146.66992809843,1164.98726979237,1169.51769796775,1170.84387765921,1172.95058562049,1202.88848425461,1217.80671025745,1363.11191529252,1413.06822619656,1417.02549879272,1418.88292017906,1420.28759233581,1433.75008245323,1435.01183701215,1437.30747905139,1438.54877802503,1438.54877802503,1441.13310562189,1441.13310562189,1495.19034057062,1495.19034057062,1495.95121127056,1505.51829236386,1520.24411433452,1536.24442296021,1567.23865966974,1662.16744399967,1685.57921482407,1685.57921482407,22.3818513493184,122.726995481592,25.8769628533209,52.6321262466902,92.8981374301061
2006-02-28,161.209193240357,161.209193240357,161.209193240357,165.591730606747,166.419670194291,170.880518747818,177.952116592815,179.302588725968,180.468285288943,210.556822763337,210.556822763337,227.447208663428,227.447208663428,240.292174211977,240.292174211977,249.03485538328,249.03485538328,249.03485538328,249.576293844287,262.315344447259,262.315344447259,282.771202855329,282.771202855329,284.710230234378,285.8004837194,289.54020082612,289.54020082612,292.883172142765,293.688003753177,304.894369949358,423.03428588946,423.03428588946,428.840848870583,432.042609297827,437.182581570628,440.011054319275,440.011054319275,1098.58216145956,1098.58216145956,1117.12464200551,1121.78649960286,1123.20509329031,1125.43018550997,1154.48511655836,1169.40814617053,1309.79547062154,1358.1800055126,1362.46207028029,1364.47545959253,1365.97260178037,1378.79756353491,1380.26902120248,1382.7209853094,1384.14568535121,1384.14568535121,1386.69132673366,1386.69132673366,1438.98275678507,1438.98275678507,1439.88415208998,1449.68831393448,1464.09784287725,1480.37021868706,1510.0392680427,1606.46527900442,1629.60801515404,1629.60801515404,21.1859369899626,112.7727748429,24.639559887692,50.5115413459882,93.7500758742176
2006-03-01,156.310178161429,156.310178161429,156.310178161429,160.444337582388,161.226246829914,165.506738506888,172.228074408369,173.525809705611,174.678750855825,203.186698717688,203.186698717688,219.269382836344,219.269382836344,231.22079638888,231.22079638888,239.488905503283,239.488905503283,239.488905503283,240.000386586077,252.398215438061,252.398215438061,272.03916087842,272.03916087842,273.924637013323,274.930705095749,278.593601186966,278.593601186966,281.877138571602,282.660698242052,293.502975750554,402.65342607352,402.65342607352,408.235192711456,411.357178620017,416.35167475721,419.097307410033,419.097307410033,1047.66043478704,1047.66043478704,1066.10120573824,1070.7575256414,1072.20802705554,1074.47730454397,1102.58138378552,1117.22717987867,1252.73028601133,1299.51161518275,1303.92248176135,1305.99599983367,1307.51347261967,1319.73903677479,1321.30120977187,1323.80118560657,1325.31350408965,1325.31350408965,1327.81164497078,1327.81164497078,1378.21936089582,1378.21936089582,1379.18560438344,1388.97605023633,1403.0577407325,1419.30237705317,1447.58966214563,1544.21826934653,1566.98113331889,1566.98113331889,20.1877678379063,104.025806901669,23.6298435986207,48.4560097172389,93.6008865585706
2006-03-02,151.820089562509,151.820089562509,151.820089562509,155.719037379589,156.459022021868,160.509908495999,166.927739614719,168.154601261042,169.257258745988,196.378965450093,196.378965450093,211.761159261235,211.761159261235,222.945790645412,222.945790645412,230.731463948959,230.731463948959,230.731463948959,231.221804502959,243.337338241425,243.337338241425,262.061892854285,262.061892854285,263.852628379272,264.794796285718,268.409345384045,268.409345384045,271.585032585364,272.339958375716,282.814284954801,384.431630623799,384.431630623799,389.783513900509,392.90716415572,397.677995048553,400.228994151332,400.228994151332,1001.21397294567,1001.21397294567,1018.90654774574,1023.3420945756,1024.70020241536,1026.88971939917,1053.73186088724,1067.70312256932,1198.3935931585,1243.43658115066,1247.74594431906,1249.76805021558,1251.2215005324,1262.88050674351,1264.39502869611,1266.81904211905,1268.29315330209,1268.29315330209,1270.73930638009,1270.73930638009,1319.16876180155,1319.16876180155,1320.11841767722,1329.64126160128,1343.39029876287,1359.31863329387,1386.16004304829,1481.89440909428,1504.16617768305,1504.16617768305,19.3439021348993,96.7810248212463,22.796067174117,46.5013771276049,92.6563076811663
2006-03-03,163.724673828543,163.724673828543,163.724673828543,170.280317162243,171.103165148829,172.271853121048,196.608386063338,202.942812066375,203.650463068826,239.133553965241,239.133553965241,246.129528801223,246.129528801223,254.025732052654,254.025732052654,251.495008495538,251.495008495538,251.495008495538,251.902846417937,259.847678218433,259.847678218433,267.484043411633,267.484043411633,267.630340017071,268.643595692166,269.360830000294,269.360830000294,271.066767305802,271.597154041245,281.240402007393,377.276649775559,377.276649775559,381.146234521622,383.952306433907,387.297195503829,389.000853542562,389.000853542562,978.057519028634,978.057519028634,993.460439418882,997.077964342739,998.024515892063,999.816327323741,1024.54731754136,1036.87228463952,1162.67524090212,1205.25928625553,1208.89199476605,1210.58520999709,1211.76013687056,1222.85078620305,1223.97557760257,1226.01708442486,1227.1623589524,1227.1623589524,1229.5453423747,1229.5453423747,1275.65221570602,1275.65221570602,1276.39370837614,1285.08501925443,1298.49225821963,1313.52005791351,1338.53545686995,1432.18182235003,1453.73008673277,1453.73008673277,29.8914684918165,93.5280539700549,22.1563096688691,44.6620155898533,91.150421727048
2006-03-04,188.67509281971,188.67509281971,188.67509281971,195.568722272062,196.915687353236,197.268420331619,219.288135298087,222.526398010355,224.380519545013,296.260568325659,296.260568325659,308.912838282499,308.912838282499,316.002929564095,316.002929564095,302.734823920078,302.734823920078,302.734823920078,303.282870239967,308.075521684197,308.075521684197,302.44237549549,302.44237549549,298.863472630887,299.47007678819,294.441722801207,294.441722801207,293.138793718339,293.217710402964,301.976272047317,400.949061970215,400.949061970215,400.672332984892,402.70999482504,401.967202670012,401.098586221737,401.098586221737,1048.24913461437,1048.24913461437,1056.66574717164,1057.40651556795,1056.8853421293,1057.16084796146,1077.41785842023,1084.70393140764,1207.98811674361,1246.06155492996,1246.91628143591,1247.34494448047,1247.47901531428,1258.03063007963,1257.5051180439,1258.02210953006,1257.7627437068,1257.7627437068,1260.12977725053,1260.12977725053,1302.40880946653,1302.40880946653,1302.17881398684,1307.93027659413,1320.95834557767,1333.33061988877,1354.89032252387,1443.8313994643,1463.74590393706,1463.74590393706,55.1302591834627,102.658602038477,22.5323365373466,43.0682533597376,89.4982666963092
2006-03-05,195.967294962838,195.967294962838,195.967294962838,203.023979759792,204.507297969123,206.973236520021,221.377595114227,223.300433771384,223.725126392832,306.745391170619,306.745391170619,335.51981788428,335.51981788428,350.271974476807,350.271974476807,342.494104210492,342.494104210492,342.494104210492,343.02946992497,350.544167314976,350.544167314976,340.605093185879,340.605093185879,336.212171184617,336.652395041503,328.898625729886,328.898625729886,325.902750268651,325.740259692808,333.679169435552,446.680317229594,446.680317229594,442.719367322929,443.562052666292,438.582712951634,435.231365423414,435.231365423414,1146.09161844593,1146.09161844593,1150.76763531877,1150.43421120674,1149.25814049273,1148.90037720229,1166.43733636657,1170.99186085231,1296.00501523205,1330.71300425411,1329.7449938552,1329.19204806383,1328.57684523921,1338.63712165303,1336.959579507,1336.37604296261,1335.11192920731,1335.11192920731,1337.39463027943,1337.39463027943,1376.60707283846,1376.60707283846,1375.72147355209,1379.32161504693,1391.99657607618,1401.87125156374,1420.57255647819,1505.12993343761,1523.62655326694,1523.62655326694,59.7601652603123,121.531060791781,22.6149875700842,41.6111536852078,87.5654317777592
2006-03-06,199.899911812358,199.899911812358,199.899911812358,206.32497805644,207.782387954835,211.11405321988,223.243215173839,224.631433122859,224.753018318936,302.097377153836,302.097377153836,336.971206688953,336.971206688953,356.426743828401,356.426743828401,357.579249456971,357.579249456971,357.579249456971,358.278720218175,370.709675081013,370.709675081013,369.24858881485,369.24858881485,365.958413252981,366.535018196987,359.905069099281,359.905069099281,357.303533967455,357.178892821463,365.070663563136,498.224650868683,498.224650868683,493.260127066086,493.782699132911,487.063034485682,482.446504491705,482.446504491705,1250.64933666308,1250.64933666308,1254.50301603043,1253.91047686699,1252.5792527271,1252.05950431965,1268.57700686848,1272.07152574834,1403.34607059745,1436.57693842198,1434.84696561899,1433.90263373311,1432.96017882429,1442.64603051556,1440.45316142226,1439.36371925216,1437.62585057456,1437.62585057456,1439.84416383703,1439.84416383703,1477.01628157712,1477.01628157712,1475.79397473711,1478.19637861244,1490.54492192083,1499.08822040588,1515.93949977858,1597.16618980537,1614.63590815928,1614.63590815928,55.1847081639869,142.391819536444,22.5762902761523,40.3438432129975,85.6666333054917
2006-03-07,201.126380324665,201.126380324665,201.126380324665,207.216740271909,208.629569570505,212.311312100575,223.189229628295,224.545170701059,224.803514978191,293.649477990308,293.649477990308,329.089257712576,329.089257712576,349.500133945622,349.500133945622,356.063028707045,356.063028707045,356.063028707045,357.034016113285,373.081440093835,373.081440093835,381.961215996552,381.961215996552,380.696071297065,381.592624975434,378.567533633058,378.567533633058,377.779548547474,377.902992909782,386.690383711951,537.245584984752,537.245584984752,534.230033490351,535.436209175763,530.208769899851,526.24858985673,526.24858985673,1348.63066473744,1348.63066473744,1354.04820020853,1353.80770504844,1352.58357087456,1352.14711450957,1369.02621532798,1372.46960232126,1511.80168308848,1544.67718848691,1542.915592737,1541.94345014618,1540.9630402697,1550.36653845896,1548.12961353987,1546.96992514259,1545.17419608309,1545.17419608309,1547.34476387501,1547.34476387501,1583.27812557225,1583.27812557225,1582.00595803665,1584.07111475419,1596.12588268107,1604.24789036969,1620.22626527649,1699.35230901154,1716.20487700087,1716.20487700087,49.2946530501424,156.646030341257,22.4808703195959,39.2005594333797,83.9424145092056
2006-03-08,209.471025876311,209.471025876311,209.471025876311,216.014587334373,217.791502776938,222.923799006165,234.271868722717,235.709473107734,235.004650512846,303.199787881558,303.199787881558,338.412598277977,338.412598277977,357.539255946506,357.539255946506,363.136565523191,363.136565523191,363.136565523191,364.758006272107,381.573775462947,381.573775462947,393.652932341778,393.652932341778,393.277589392624,394.689371715052,393.09110422497,393.09110422497,393.086699824179,393.334907567768,402.811958243372,575.377058487026,575.377058487026,573.125883778756,574.750953358393,570.288627908086,566.781353145602,566.781353145602,1436.44720461455,1436.44720461455,1443.33478905556,1443.57415889547,1442.55946020839,1442.3137357062,1459.83713122878,1463.67474810553,1611.40444534871,1644.69054732264,1643.26568697086,1642.45628182569,1641.59239905608,1650.79431850635,1648.76428206344,1647.76134258388,1646.1324635741,1646.1324635741,1648.26754970105,1648.26754970105,1683.41470200502,1683.41470200502,1682.2480130627,1684.45698557434,1696.23937355275,1704.46035333898,1720.1420826567,1798.07576374323,1814.57084474857,1814.57084474857,49.2688496036417,178.123040815399,22.6260402321194,38.1477827038097,82.4791627980569
2006-03-09,224.55345213313,224.55345213313,224.55345213313,231.762438914817,233.499392597016,235.397115868005,249.0630883191,251.711987943478,250.947854578992,324.67572032051,324.67572032051,356.461834650453,356.461834650453,377.918467777781,377.918467777781,381.785805925501,381.785805925501,381.785805925501,383.338192054141,398.754052517441,398.754052517441,413.794739145544,413.794739145544,413.139020335984,415.08419931486,412.219773172992,412.219773172992,411.757465507515,411.956302482309,421.515969563449,616.70124335682,616.70124335682,614.283094171671,615.826032404047,611.217291310566,607.770944621112,607.770944621112,1533.03643536101,1533.03643536101,1539.57845517454,1539.77652331196,1538.68771080462,1538.37168863823,1555.71127078169,1559.1959038678,1713.72462163929,1746.94142021295,1745.49803757133,1744.68376907999,1743.80863260851,1752.79754382199,1750.78258016003,1749.77166653391,1748.15577715439,1748.15577715439,1750.25176113355,1750.25176113355,1784.45884328963,1784.45884328963,1783.30699147056,1785.41730601416,1796.92987236293,1805.03485601744,1820.27192088962,1897.11049599461,1913.19701811919,1913.19701811919,55.952036247668,201.336304259078,22.8750662510991,37.1644538155363,81.3007586242817
2006-03-10,236.819292258017,236.819292258017,236.819292258017,245.041516838143,247.399634082768,249.121786764839,260.862116804751,263.387372784393,262.924591788286,340.737113822984,340.737113822984,375.268132165344,375.268132165344,397.752120523202,397.752120523202,401.75041275323,401.75041275323,401.75041275323,403.993474676087,420.410682675947,420.410682675947,430.824140777986,430.824140777986,430.967969620614,433.807415978695,431.660568985147,431.660568985147,431.515808187593,431.759300056572,442.28467082067,663.347575346047,663.347575346047,660.831580324837,662.635802304522,657.868095161505,654.235409117957,654.235409117957,1690.2422567151,1690.2422567151,1694.89548660046,1693.79934923792,1691.91466058618,1690.78019627276,1706.15707883642,1706.88095411691,1866.17440757218,1897.15042115449,1894.24489549659,1892.72543894504,1891.28982879389,1899.94390784739,1897.0750303511,1895.2780161696,1892.94535259244,1892.94535259244,1894.97690327829,1894.97690327829,1927.15945927171,1927.15945927171,1925.53948955303,1926.14431553413,1937.36448026334,1943.95102072694,1957.46922242692,2032.01463356785,2047.13658632131,2047.13658632131,56.9731751979844,227.4447011432,23.2223325609804,36.2530137634461,80.4823449382058
2006-03-11,238.233414176458,238.233414176458,238.233414176458,246.66342415132,248.777305279369,252.726235372656,264.170778540048,266.527405918257,266.863773706617,340.092544501991,340.092544501991,376.872315062088,376.872315062088,401.05322748067,401.05322748067,408.377816111311,408.377816111311,408.377816111311,410.218499976511,428.734444952402,428.734444952402,443.539812400321,443.539812400321,443.065814103659,445.515128409633,444.915714302907,444.915714302907,445.709272170141,446.122095894763,458.207984983906,697.756278618237,697.756278618237,697.003495847627,699.376832250822,695.850115885672,692.876048599688,692.876048599688,1864.58406480056,1864.58406480056,1869.25279172474,1867.90819214185,1865.84471316558,1864.48580218292,1880.25748865344,1879.91170740867,2045.63271102902,2076.09636995075,2072.40661431348,2070.48669270005,2068.72597420768,2077.13345055936,2073.75063306603,2071.46053400192,2068.67104562278,2068.67104562278,2070.64966633471,2070.64966633471,2101.2471544751,2101.2471544751,2099.30906268751,2098.81400145744,2109.76004093189,2115.18009145352,2127.28828455801,2199.92010137153,2214.15643159913,2214.15643159913,52.2836150736312,243.429691955506,23.9410138979055,35.4080008448824,79.8169588285754
2006-03-12,235.432940167516,235.432940167516,235.432940167516,243.489008100034,245.484882038895,250.735088159147,261.798133429018,264.093607336599,265.09355605606,331.375317661135,331.375317661135,367.560978948894,367.560978948894,391.793888216135,391.793888216135,402.285850146643,402.285850146643,402.285850146643,403.684435153516,423.063840002214,423.063840002214,443.456619567653,443.456619567653,444.162568608167,446.420211750114,447.429717982844,447.429717982844,449.237860739936,449.844462465775,462.638540151476,706.107715065129,706.107715065129,708.489350034444,711.544847342463,711.090639178923,710.063613860718,710.063613860718,2002.09945450564,2002.09945450564,2007.57697367432,2007.34376444381,2005.82550564201,2005.0177393428,2022.6609263839,2023.84487430486,2195.79641876911,2228.08432014002,2225.2990654018,2223.81055464559,2222.38099377148,2230.73020734665,2227.87479958695,2226.03078687327,2223.66597584539,2223.66597584539,2225.62629280121,2225.62629280121,2256.08626050922,2256.08626050922,2254.41743142896,2254.55420782662,2265.27462912323,2271.27862527619,2283.64289617361,2356.41057356945,2370.50085928233,2370.50085928233,46.8669009597628,243.228045819263,24.3332019515618,34.6079320817588,79.2714070176487
2006-03-13,229.451558515216,229.451558515216,229.451558515216,237.146096229576,239.006310485207,245.187356583417,255.925274510469,258.197248924239,259.646024437831,319.5408383695,319.5408383695,353.607187263564,353.607187263564,376.636814601237,376.636814601237,388.734291496972,388.734291496972,388.734291496972,389.898494241627,409.380070915439,409.380070915439,433.945298362836,433.945298362836,435.680516722341,437.807807569179,440.672689843725,440.672689843725,443.566039126545,444.344159191953,457.484690050071,692.531913919233,692.531913919233,697.69712798206,701.443293705461,704.117508133051,705.065089678287,705.065089678287,2066.70226269325,2066.70226269325,2077.04692126476,2078.61903681227,2078.05838664793,2078.22294470081,2098.950042699,2103.2049964543,2279.66709151037,2315.1437181556,2314.33200097044,2313.80446641573,2313.12853298788,2321.53309453783,2319.89531974264,2319.13074505756,2317.80090255392,2317.80090255392,2319.77079464371,2319.77079464371,2351.10790278731,2351.10790278731,2350.1318051671,2352.18466894864,2362.71943130689,2370.65970942543,2384.6138484249,2459.25339784529,2473.83664459704,2473.83664459704,42.1787717416784,231.230385909767,24.3501958942187,33.8247964213989,78.8158920205683
2006-03-14,221.540874524327,221.540874524327,221.540874524327,228.846906766278,230.558183369902,237.294642555844,247.717446425206,249.970991273689,251.72878961883,306.303496456353,306.303496456353,337.93399710034,337.93399710034,359.307634819095,359.307634819095,371.844549354273,371.844549354273,371.844549354273,372.845998683215,391.932446404288,391.932446404288,418.472725057711,418.472725057711,420.867571539508,422.850389344839,427.097509720216,427.097509720216,430.808574757277,431.711141262859,444.88852320983,664.003335563548,664.003335563548,671.095692630529,675.313769901828,680.367153059607,682.855734579899,682.855734579899,2051.50518075446,2051.50518075446,2066.98641674794,2070.51858382166,2071.02887819673,2072.28472137725,2096.26084019836,2104.07288419711,2282.48584992913,2321.41320576756,2322.97268013948,2323.60732513156,2323.84748098189,2332.34024135073,2332.19056191949,2332.7579019536,2332.70800553654,2332.70800553654,2334.69810390364,2334.69810390364,2367.3118716553,2367.3118716553,2367.20552559842,2371.72687020827,2382.10009432221,2392.56854562342,2408.71319761522,2486.06595396749,2501.45843794097,2501.45843794097,38.3154131788253,212.844565609827,24.0897246241472,33.028526777889,78.4182986739977
2006-03-15,212.556429405116,212.556429405116,212.556429405116,219.462171705724,221.028345248552,228.033682689477,238.136457446454,240.36056172036,242.313890988399,292.557153312647,292.557153312647,322.000809992776,322.000809992776,341.730839539333,341.730839539333,354.234689358133,354.234689358133,354.234689358133,355.111036365514,373.602265412536,373.602265412536,400.626995773045,400.626995773045,403.339506429702,405.202649237646,410.139498930107,410.139498930107,414.274457272274,415.236967924292,428.225733702364,628.10205900469,628.10205900469,636.187306685208,640.627033983243,647.090817942599,650.525296930032,650.525296930032,1975.02417700111,1975.02417700111,1994.45755886869,1999.51139261357,2000.86833068023,2002.99559409683,2029.42101439667,2040.11372142286,2217.7625933564,2259.31905427505,2262.88943512206,2264.5161908002,2265.54083333508,2274.07602344703,2275.21207834547,2276.93198833137,2277.99804765797,2277.99804765797,2280.00250640691,2280.00250640691,2313.61084564578,2313.61084564578,2314.27123424473,2320.97471131024,2331.19208729774,2343.91098692204,2362.00307440091,2441.84453215737,2457.97413709977,2457.97413709977,35.223546466334,192.352039900675,23.6957582246917,32.2008563015735,78.0387036579804
2006-03-16,203.199187817463,203.199187817463,203.199187817463,209.71016640826,211.13672710089,218.17478498102,227.957606261935,230.150158359113,232.210613144778,278.816045199394,278.816045199394,306.62087510065,306.62087510065,325.092539098794,325.092539098794,337.307983022638,337.307983022638,337.307983022638,338.079473546417,355.945908522752,355.945908522752,382.922066756762,382.922066756762,385.658801259157,387.391472635085,392.455812267244,392.455812267244,396.685634045116,397.654485821936,410.295382483012,590.502924137245,590.502924137245,598.858009440251,603.312815029454,610.357866482238,614.21373964214,614.21373964214,1862.54484893995,1862.54484893995,1884.28767798407,1890.25062873678,1892.13932920133,1894.82163459734,1922.59122244719,1935.10139353893,2109.6219369531,2152.6362598809,2157.56348285901,2159.86219087751,2161.42000143949,2169.91924353236,2171.94017146674,2174.45229106515,2176.29252848362,2176.29252848362,2178.29866428591,2178.29866428591,2212.31920472837,2212.31920472837,2213.51822279763,2221.73422722681,2231.79216796366,2246.06551687656,2265.44497080074,2346.96996736043,2363.56070035354,2363.56070035354,32.7266587249603,172.331798229709,23.240104196226,31.3360219020539,77.6323250819257
2006-03-17,194.059420358346,194.059420358346,194.059420358346,200.167933437871,201.463110226432,208.334177232843,217.853607341306,220.041977039993,222.13568507093,265.512986987203,265.512986987203,291.34458308232,291.34458308232,308.42144783714,308.42144783714,320.161859459264,320.161859459264,320.161859459264,320.860328942615,338.169443698098,338.169443698098,364.5852838809,364.5852838809,367.3836716951,368.987499784994,374.177463989636,374.177463989636,378.461372546014,379.425729594061,391.690116547759,553.701745271745,553.701745271745,561.929158406731,566.293636890655,573.472883146192,577.441506151949,577.441506151949,1734.60249931717,1734.60249931717,1757.28182655522,1763.64487050985,1765.79693139904,1768.76203489527,1796.93106487639,1810.30994388507,1980.08164022088,2023.52786542432,2029.19959538535,2031.87054190862,2033.7237173283,2042.11464027779,2044.63724447295,2047.59229662656,2049.87461719765,2049.87461719765,2051.87008713387,2051.87008713387,2085.73374084749,2085.73374084749,2087.24401501495,2096.29308653519,2106.18698588955,2121.30250596545,2141.28397062798,2223.57980001799,2240.33766536926,2240.33766536926,30.5600369946137,154.235823562143,22.7684931430391,30.4416290555443,77.1446772238622
2006-03-18,185.288033406883,185.288033406883,185.288033406883,191.072060544123,192.25401963869,198.860692059715,208.090326193878,210.201867725099,212.272489115408,252.967492524012,252.967492524012,277.230999468126,277.230999468126,293.088291766073,293.088291766073,304.189676860032,304.189676860032,304.189676860032,304.824664784819,321.551616790227,321.551616790227,347.055908759434,347.055908759434,349.857274254316,351.43036664166,356.515265797914,356.515265797914,360.734959300473,361.674583124754,373.570965075066,519.646684351692,519.646684351692,527.491136391748,531.695351743406,538.64432391258,542.511403201643,542.511403201643,1605.54911259773,1605.54911259773,1628.28858208372,1634.69216890323,1636.91906241909,1639.96274732384,1667.90808211466,1681.44299171289,1845.78515967138,1888.95314012869,1894.8888934976,1897.69505227605,1899.6560739817,1907.89737909489,1910.61863267438,1913.73999935532,1916.20402073848,1916.20402073848,1918.18663891838,1918.18663891838,1951.46268282558,1951.46268282558,1953.10332832399,1962.45559287936,1972.19609589938,1987.69515937605,2008.08341390793,2090.74750365137,2107.42827773262,2107.42827773262,28.7656328989351,138.706736533848,22.3953160162612,29.5403833723271,76.9763902670876
2006-03-19,177.279881693246,177.279881693246,177.279881693246,182.754604609514,183.848121147968,190.148906867853,199.567376690104,201.643605258674,203.628597596326,242.267914617895,242.267914617895,265.14157592363,265.14157592363,279.932531892699,279.932531892699,290.169049667993,290.169049667993,290.169049667993,290.755673895868,306.885955486634,306.885955486634,331.076822188283,331.076822188283,333.684614882477,335.117363980644,339.973899987599,339.973899987599,344.041923328638,344.945833466843,356.45006828474,488.923359367889,488.923359367889,496.281114076814,500.296212614463,506.86303866775,510.513033016359,510.513033016359,1483.48594278045,1483.48594278045,1505.63497308001,1511.86183730159,1514.04418303004,1517.04138063519,1544.32140371725,1557.56951317952,1716.50863990413,1758.96807854737,1764.85568358895,1767.64369371934,1769.59145991716,1777.65153186483,1780.37721069864,1783.49141657407,1785.95151928787,1785.95151928787,1787.92572816506,1787.92572816506,1820.31222868045,1820.31222868045,1821.95312257609,1831.22720565313,1840.79783578021,1856.1296228017,1876.17218533003,1958.35714255537,1974.78333718985,1974.78333718985,27.4535755601553,125.640913264965,22.0666820236496,28.6484930919485,76.3904806867274
2006-03-20,170.467070815478,170.467070815478,170.467070815478,175.663928955529,176.6775687534,182.601526758386,191.886600921227,193.806954529513,195.716093565387,233.213044672848,233.213044672848,255.27795883599,255.27795883599,269.613293359322,269.613293359322,278.954503902774,278.954503902774,278.954503902774,279.505670327714,295.200656258843,295.200656258843,318.623572054733,318.623572054733,320.801529882092,322.123811170203,326.340257688953,326.340257688953,330.142766764386,330.993335194767,342.283476314153,463.167991476848,463.167991476848,469.795988865822,473.553687676876,479.48733622364,482.764920348207,482.764920348207,1373.05634906004,1373.05634906004,1394.67475842369,1400.61034933755,1402.81154201246,1405.74525980945,1433.5584895719,1446.56178295438,1601.5150978185,1643.51618671251,1649.13954411625,1651.85700402367,1653.71661414337,1661.70856262301,1664.28486165072,1667.25202220304,1669.61928371939,1669.61928371939,1671.62839847916,1671.62839847916,1703.73248711059,1703.73248711059,1705.27239750826,1714.17846741962,1723.77784796211,1738.7987405897,1758.28995252866,1839.49560754845,1855.64866964951,1855.64866964951,26.759938941497,114.905421581189,21.9318177425829,28.6218413889624,75.7978747315412
2006-03-21,166.518147388175,166.518147388175,166.518147388175,171.587906519028,172.549467729517,178.380643298365,188.196434223985,189.946066975741,191.434621666244,229.398280159412,229.398280159412,250.654703457321,250.654703457321,265.009763766124,265.009763766124,272.637273938202,272.637273938202,272.637273938202,273.241173670189,288.785661619991,288.785661619991,310.05695121368,310.05695121368,311.763942887489,312.989377886945,316.387762987743,316.387762987743,319.879028919121,320.676529600538,332.114689801837,443.872769015245,443.872769015245,449.529076552792,452.96357819381,458.01052699917,460.750360366894,460.750360366894,1281.65372113389,1281.65372113389,1302.59623405863,1308.10703435433,1310.51352543317,1313.35294928286,1343.84130715842,1357.06410762466,1512.40986701708,1556.23167367977,1561.66130623467,1564.62708326503,1566.6066847091,1575.1788910312,1577.86648690295,1580.81841482659,1582.87515406653,1582.87515406653,1585.41075306018,1585.41075306018,1618.33825240257,1618.33825240257,1619.62426618009,1628.22570534026,1638.55619626335,1654.61394504953,1673.98614407788,1753.94091037881,1770.07821506916,1770.07821506916,27.9096511921315,106.919803151707,23.0805551907486,29.8052530803162,75.6264037414678
2006-03-22,166.825669344844,166.825669344844,166.825669344844,171.676500727406,172.634756694103,177.584650143149,187.712228992999,189.092406146989,190.056415197177,229.458676185726,229.458676185726,250.589379985854,250.589379985854,265.09701539899,265.09701539899,271.179437985455,271.179437985455,271.179437985455,271.751642608113,287.344112245716,287.344112245716,306.027413494285,306.027413494285,307.134953210304,308.246270935301,310.711969384298,310.711969384298,313.62014531852,314.339337683787,325.815877208767,432.01971943711,432.01971943711,436.644819696222,439.864708985679,444.169916915683,446.419746763185,446.419746763185,1218.54834371797,1218.54834371797,1238.37461072222,1243.61904740992,1245.46707526277,1247.80193503453,1275.08830879174,1286.80166734827,1438.61834635575,1480.81629325677,1485.34397586158,1487.50909540127,1489.03419408528,1497.61710615333,1499.66361311614,1501.97273306584,1503.78540997109,1503.78540997109,1506.30086577624,1506.30086577624,1537.75056594934,1537.75056594934,1538.92003386481,1547.53293938976,1558.03392212543,1572.77320886202,1591.95901987037,1671.24524722288,1687.5696338416,1687.5696338416,29.9674047373235,102.710766163639,23.0992242134929,28.9560763306167,75.2354396060217
2006-03-23,168.462486882866,168.462486882866,168.462486882866,173.184599768203,174.162677037178,179.355642358463,191.579482059593,192.599196461455,192.944739657085,234.778984788884,234.778984788884,256.041011022861,256.041011022861,272.323539072435,272.323539072435,276.205055973209,276.205055973209,276.205055973209,276.776493272515,292.392644329992,292.392644329992,308.338206962304,308.338206962304,308.705288685422,309.777701031333,311.118295099993,311.118295099993,313.443301867153,314.078151807439,326.011574293304,431.267418635439,431.267418635439,434.480325760852,437.495430246311,440.548881620641,441.967420712146,441.967420712146,1188.20227476081,1188.20227476081,1207.71101034772,1212.74684808933,1214.12780755777,1215.92856074215,1242.77331771569,1252.67773530301,1404.34591494545,1445.03684180221,1448.37775585306,1450.04092352796,1451.1830454095,1459.86443278032,1461.20099403725,1462.81360111032,1464.01763433395,1464.01763433395,1466.54679595561,1466.54679595561,1497.35726600548,1497.35726600548,1497.98335644022,1505.3115873322,1515.81456099624,1529.27336824701,1546.94196896277,1623.9549498403,1639.83896941426,1639.83896941426,33.0397776466229,103.677320160033,23.3459015438594,29.4469673610563,74.7547913003945
2006-03-24,183.104930220262,183.104930220262,183.104930220262,187.813540883453,188.910988254228,194.075587912969,223.750763918678,223.005608896091,222.757092681424,275.286363705353,275.286363705353,297.340525368289,297.340525368289,314.322641687835,314.322641687835,309.348083389968,309.348083389968,309.348083389968,309.854234504316,323.706022766193,323.706022766193,329.158016071067,329.158016071067,327.342320016949,328.212731047108,326.02113600012,326.02113600012,326.506376229335,326.900465512454,338.842197115313,453.852492102177,453.852492102177,453.873842784275,456.135732322976,455.889575105792,455.349913254159,455.349913254159,1189.43063413736,1189.43063413736,1206.88449418834,1210.62674462348,1211.50109188651,1212.81800585616,1238.92886395257,1247.26945242801,1403.86866953705,1443.39723742962,1445.46980086386,1446.49038224713,1447.14725327858,1455.87582378739,1456.55125754209,1457.5247942586,1458.01217813711,1458.01217813711,1460.59807794667,1460.59807794667,1490.80253515229,1490.80253515229,1490.99923718266,1497.24735672058,1507.77326091244,1520.03121488509,1536.96085874922,1612.18048249617,1627.79551532348,1627.79551532348,45.6772909384388,118.107063716499,23.9238583783878,29.8942781728923,74.5673301985601
2006-03-25,193.000226868206,193.000226868206,193.000226868206,198.270782354988,199.426893605837,203.256521988422,234.388705732471,235.018840978173,234.308763306851,294.2406579661,294.2406579661,320.648023903888,320.648023903888,342.149618920693,342.149618920693,338.776603436596,338.776603436596,338.776603436596,339.217946147285,354.472481792265,354.472481792265,355.985819900828,355.985819900828,353.176699019155,353.835252592029,349.166702777122,349.166702777122,348.248314376541,348.457543963703,359.891843509279,494.71606450118,494.71606450118,491.836668740657,493.145954851821,489.37385225933,486.655830092316,486.655830092316,1224.81857379824,1224.81857379824,1237.69399575094,1240.26027998021,1240.4451169531,1241.20973103091,1265.28450586563,1271.72130615397,1435.04413844742,1473.04665667698,1473.8695965197,1474.21536753365,1474.34768294753,1482.97456192837,1482.74690558537,1482.96424198084,1482.78234040375,1482.78234040375,1485.29712375226,1485.29712375226,1515.02341373245,1515.02341373245,1514.79656104437,1519.93810561656,1530.36072292808,1541.22070951374,1557.39683713463,1631.01085293299,1646.23204919114,1646.23204919114,50.4511144332248,141.772625095646,24.2779477812696,30.4572892420502,74.4954300229275
2006-03-26,201.458332991824,201.458332991824,201.458332991824,207.378607207834,208.538320181002,214.019481990573,242.954170734581,243.721356490148,243.177232274498,305.843581549969,305.843581549969,333.816312622565,333.816312622565,357.196128492739,357.196128492739,357.827866368836,357.827866368836,357.827866368836,358.297495434356,376.08382236906,376.08382236906,380.170814599044,380.170814599044,377.555617203058,378.190544599675,373.26423189327,373.26423189327,372.098562302023,372.265276889027,383.351061638066,544.205735309594,544.205735309594,539.969673827587,540.827090376597,535.162367065613,531.143373170129,531.143373170129,1297.27606603454,1297.27606603454,1306.37991741069,1307.62342492732,1307.07212783985,1307.20714898076,1328.93799655357,1333.13109449646,1505.10058173703,1541.08135832526,1540.51431866238,1540.17801156735,1539.74444777954,1548.17438189481,1547.03284135741,1546.47671494231,1545.55064562886,1545.55064562886,1547.98309089611,1547.98309089611,1577.25664695484,1577.25664695484,1576.53831834052,1580.2984441187,1590.57717162615,1599.90950410126,1615.16525549853,1687.24195154372,1701.86875895134,1701.86875895134,53.1289456145289,169.240902643197,24.4257981527672,31.1669523303253,74.7161132640461
2006-03-27,242.743094058883,242.743094058883,242.743094058883,250.227203359265,251.530681397009,247.253035118221,312.532000773394,326.755159086924,317.519081981091,397.246300780696,397.246300780696,413.830205410539,413.830205410539,446.024222617928,446.024222617928,431.769203334115,431.769203334115,431.769203334115,432.226770942183,448.857531749462,448.857531749462,438.071498587179,438.071498587179,432.328542388753,432.940310960441,423.805748867571,423.805748867571,420.491442016927,420.340687813605,432.14077968488,649.719989925234,649.719989925234,639.625338101105,639.708092389514,629.744888025184,623.476023597103,623.476023597103,1460.07608985535,1460.07608985535,1473.53711894325,1474.93777020162,1473.27971149051,1471.98971282525,1492.3496103005,1491.99352056079,1678.28095161928,1710.76959340595,1707.19695680559,1705.54863076713,1704.07683710554,1712.46113862058,1709.44455438154,1707.15998468069,1704.64474673264,1704.64474673264,1707.0534787348,1707.0534787348,1734.84387587872,1734.84387587872,1732.95172827826,1733.40407951096,1743.52360555967,1749.70773676448,1762.19195775501,1830.86693632972,1843.95549478078,1843.95549478078,85.1774041836471,234.468581393931,25.4092205491379,32.3979599050607,75.2848649610648
2006-03-28,303.897634788144,303.897634788144,303.897634788144,310.24898919648,312.207005715938,301.165557139992,358.890718481793,361.527065816048,357.708253336389,475.496241344286,475.496241344286,501.82219824725,501.82219824725,537.815112833894,537.815112833894,523.733069021415,523.733069021415,523.733069021415,525.142500936719,545.587320428431,545.587320428431,526.102025311986,526.102025311986,517.46647625215,517.881557894928,503.17516859091,503.17516859091,496.728156722408,496.180425445662,508.127959409111,817.09693558845,817.09693558845,800.589209080564,799.125340790849,780.454181634536,768.264221044107,768.264221044107,1677.6231340837,1677.6231340837,1685.49664927837,1684.59176512993,1682.2169372048,1680.33826664043,1699.25096937813,1696.50228327587,1901.45623287928,1931.71396045498,1926.38095627496,1923.71010838411,1921.47600752042,1929.69285835756,1925.58155746602,1922.31616920877,1918.80975376446,1918.80975376446,1921.14616312163,1921.14616312163,1948.53004047365,1948.53004047365,1946.02862012315,1944.66831385729,1954.63717466802,1958.58162809911,1969.46900102825,2036.53236700961,2048.49916331779,2048.49916331779,112.904150688333,334.676974758788,26.1190300554167,33.4918163745209,76.1914352941098
2006-03-29,333.05943223615,333.05943223615,333.05943223615,341.169339846328,343.012554591735,336.919271400274,381.950696755235,382.915759179902,381.016279990239,501.199434483904,501.199434483904,536.167763278081,536.167763278081,574.187378548502,574.187378548502,572.83630864652,572.83630864652,572.83630864652,574.178797515104,602.044301328478,602.044301328478,596.740442840205,596.740442840205,589.998853750624,590.763904009569,577.392829791939,577.392829791939,571.635450266336,571.214331458159,584.058652389655,964.705818459973,964.705818459973,951.061964257393,950.173307901617,932.689675832679,920.8615615543,920.8615615543,1937.1988946937,1937.1988946937,1942.38292645226,1940.62143291621,1937.71836623738,1935.34959722315,1953.5289840491,1948.83263991527,2173.92011901768,2202.92095622885,2196.32123868355,2193.02276740635,2190.26849424423,2198.28350262976,2193.33165355458,2189.32799810748,2185.10580501303,2185.10580501303,2187.37017640546,2187.37017640546,2214.79640082342,2214.79640082342,2211.80556624734,2208.97881175135,2218.79633458853,2221.09873726775,2230.64820283431,2296.98622347704,2307.978925468,2307.978925468,106.748365322757,401.312217454631,26.8976896445525,34.6864947714043,77.3955816355211
2006-03-30,451.345653074029,451.345653074029,451.345653074029,467.118361325409,471.198753799128,454.939844866912,552.939469198557,553.015261215595,542.232724674549,709.157165016875,709.157165016875,741.384179827164,741.384179827164,773.925688648675,773.925688648675,746.90618804401,746.90618804401,746.90618804401,752.02832630399,778.166786531367,778.166786531367,747.238544751899,747.238544751899,736.255665001483,738.921827702163,716.707123537633,716.707123537633,705.927199601321,704.830115557315,718.231729344934,1185.04369328567,1185.04369328567,1166.98622979943,1166.07522983762,1144.31109743335,1130.22696866043,1130.22696866043,2336.81964650564,2336.81964650564,2343.04476629385,2339.57122250989,2335.26674801669,2331.27547793075,2348.27377073948,2338.19118267516,2589.00913429039,2614.06400371315,2603.93911417135,2598.8955210826,2594.75276464122,2602.30625627681,2595.19291617974,2589.25803798583,2583.2016636509,2583.2016636509,2585.37824281917,2585.37824281917,2610.8786109881,2610.8786109881,2606.65190439771,2600.16094384093,2609.77888423353,2608.28460096017,2614.27257319392,2677.74479845617,2686.86001521218,2686.86001521218,165.857408890606,495.108937890023,28.4516784018083,35.6944603692905,78.7932099512504
2006-03-31,487.114227182674,487.114227182674,487.114227182674,501.94830086896,505.217833028086,501.723079820816,572.915589647906,574.189679973526,572.070123515162,754.800782804416,754.800782804416,803.304115916155,803.304115916155,845.823500522764,845.823500522764,839.72235484994,839.72235484994,839.72235484994,840.910180883831,875.384273912554,875.384273912554,857.10895288791,857.10895288791,847.240381735954,849.072120909428,830.217119899752,830.217119899752,821.838583035794,821.132105975996,835.478628515206,1350.68748239994,1350.68748239994,1338.27383987571,1338.18391454235,1320.7506131632,1308.71705830447,1308.71705830447,2681.83790495105,2681.83790495105,2686.15193908328,2683.87485696745,2680.36376373644,2677.35365782962,2697.35605408154,2689.73228548997,2975.81624530503,3003.69140247603,2994.67249988714,2990.15954331899,2986.41015360407,2993.98102157656,2987.42853639077,2981.9718574566,2976.33560150165,2976.33560150165,2978.49189468963,2978.49189468963,3005.21199031395,3005.21199031395,3001.23476097056,2995.34341752189,3004.86113127883,3003.81978167246,3010.0434432612,3075.21728198999,3084.09932384073,3084.09932384073,160.556500422244,535.243048819088,29.5979892326339,36.2887674158073,80.2797792922414
2006-04-01,492.315231276816,492.315231276816,492.315231276816,506.218621668739,509.042041671005,513.811384350259,566.29235175744,568.733223553233,569.982649332586,735.503834157108,735.503834157108,794.101579723474,794.101579723474,838.392742151592,838.392742151592,850.942355896581,850.942355896581,850.942355896581,852.353061567493,895.34197987498,895.34197987498,907.219810971692,907.219810971692,902.918562804809,904.831346152008,895.390938984244,895.390938984244,892.140987205947,892.199826698911,909.134515955462,1425.17722460022,1425.17722460022,1421.91131382222,1424.14981235256,1416.40898959851,1410.28056333954,1410.28056333954,2943.43860029594,2943.43860029594,2954.17032774447,2954.17056697693,2952.17023276284,2950.39549351688,2976.06327534281,2972.59802035139,3300.52123717493,3334.8969747566,3328.21138930852,3324.93310305565,3322.12971210258,3330.10675689729,3324.8373941947,3320.5216640106,3316.10348807686,3316.10348807686,3318.27080516195,3318.27080516195,3347.02289628931,3347.02289628931,3343.74411372664,3339.85496448793,3349.31070872199,3350.29541791584,3358.28790847186,3427.32040189609,3436.79587667934,3436.79587667934,138.041096602182,523.383529098182,31.7721261955328,36.6526535178038,81.783634946187
2006-04-02,498.621776141172,498.621776141172,498.621776141172,511.799219015471,514.750218088688,520.525853249705,561.698053605574,564.01177984916,565.53369561654,715.863226760371,715.863226760371,774.14790948701,774.14790948701,815.965781491505,815.965781491505,833.551418701494,833.551418701494,833.551418701494,835.512448395165,882.213956862371,882.213956862371,911.233511595195,911.233511595195,911.351131737595,913.420229775802,912.510556196032,912.510556196032,913.920196347745,914.689018257734,933.841526246873,1428.88967702623,1428.88967702623,1432.82841479187,1437.06370776596,1437.66298253504,1436.72377950659,1436.72377950659,3082.9484617197,3082.9484617197,3101.36374878227,3103.82702396347,3103.03598943935,3102.74840530982,3133.08787372147,3134.42326898622,3494.9895078092,3535.49864700376,3532.14959275446,3530.41205807344,3528.87704702281,3537.22025226556,3534.11434381489,3531.79688372848,3529.16977259495,3529.16977259495,3531.38159401397,3531.38159401397,3563.01349088822,3563.01349088822,3561.02615031677,3560.88515564903,3570.32084401518,3575.14759727552,3586.62155485971,3661.69448321071,3672.60614172648,3672.60614172648,125.07424767593,493.097213835987,32.9905619719623,36.4573916580488,83.272676876609
2006-04-03,487.142665530652,487.142665530652,487.142665530652,500.487035064661,503.044502650333,511.474970771291,546.047782249965,548.739854349393,551.18635973058,684.925335717156,684.925335717156,740.337563811862,740.337563811862,778.503831118409,778.503831118409,798.825791132682,798.825791132682,798.825791132682,800.393950227704,846.178755764085,846.178755764085,884.811440337232,884.811440337232,887.672865943446,889.746999900495,894.379136632775,894.379136632775,899.000131102518,900.255512563787,920.413728191949,1379.67977674765,1379.67977674765,1388.74221845022,1394.18136039936,1400.89404476593,1403.9263532316,1403.9263532316,3092.88694099671,3092.88694099671,3117.38198115641,3122.44083750053,3123.03427858289,3124.31400739949,3159.08679271458,3165.47949783926,3546.68964182745,3593.47578163208,3593.72693603746,3593.75582808806,3593.59694548551,3602.24252180501,3601.37500406944,3601.12384391768,3600.43181804652,3600.43181804652,3602.68605033881,3602.68605033881,3637.0464240465,3637.0464240465,3636.41043165862,3640.20574648276,3649.62680088698,3658.52828507422,3673.72033559304,3755.24841197693,3767.78356301568,3767.78356301568,109.226781338362,450.822964959826,33.6466169565072,35.9814355819822,84.7351340124354
2006-04-04,486.561972465088,486.561972465088,486.561972465088,500.510332695184,503.452698458829,510.771221216901,544.114406400803,546.779927281351,548.452157203913,674.387158231102,674.387158231102,724.875216371124,724.875216371124,759.370261760104,759.370261760104,776.670142145105,776.670142145105,776.670142145105,778.188550517034,820.7706543292,820.7706543292,859.020577734104,859.020577734104,862.15713101138,864.168192116791,870.406825679721,870.406825679721,876.074904973045,877.479249475639,898.360767842023,1323.72866891287,1323.72866891287,1334.04754757009,1340.00921084996,1348.81699330344,1353.18087774113,1353.18087774113,3059.21609830608,3059.21609830608,3087.59714233393,3093.66938215849,3094.74398722996,3096.60821658858,3134.05695608358,3142.49232771399,3528.24182852907,3577.83159983928,3579.91062236077,3580.84630897222,3581.39058603563,3590.07806723005,3590.39942668339,3591.2645920862,3591.62712160417,3591.62712160417,3593.88344056026,3593.88344056026,3629.37417375652,3629.37417375652,3629.50203848932,3635.49622093686,3644.86164491965,3656.06650842178,3673.28368125521,3759.31604655574,3772.77491601685,3772.77491601685,103.065419016912,415.655699472134,33.7447867398726,35.3136722674892,86.1578214690442
2006-04-05,488.938628282332,488.938628282332,488.938628282332,502.64836910099,505.894752340446,512.901006875739,543.348442699433,545.74014506621,547.067111768201,668.155443704076,668.155443704076,714.620671638963,714.620671638963,745.457317236269,745.457317236269,760.513557523879,760.513557523879,760.513557523879,761.933365227647,801.350343777717,801.350343777717,836.443408928952,836.443408928952,839.27849837546,841.103056874299,847.027540970069,847.027540970069,852.575749959295,853.972062890207,874.654731992439,1269.64620432608,1269.64620432608,1279.85709087728,1285.72999927338,1294.72311999445,1299.33760674598,1299.33760674598,3002.7099923715,3002.7099923715,3031.10477258487,3037.56237337392,3038.92720808955,3041.12180851495,3078.75065195684,3088.21824417906,3468.52590008718,3519.38079221349,3522.52927838695,3524.01535013325,3524.97787912277,3533.60301006598,3534.61172903136,3536.11189007508,3537.07963892162,3537.07963892162,3539.31917479014,3539.31917479014,3575.0787862247,3575.0787862247,3575.64385309901,3582.82566581189,3592.11670772201,3604.53996606129,3622.72117258656,3711.87251127113,3725.77100511429,3725.77100511429,99.5520512538022,385.625743219341,33.4511383456455,34.5560714086461,87.4993522819838
2006-04-06,472.415714963241,472.415714963241,472.415714963241,486.212330165975,488.977749640925,498.81487329558,527.059637508431,529.971780029252,532.52034752628,645.931608696,645.931608696,691.461954022071,691.461954022071,720.823974359438,720.823974359438,737.004864300929,737.004864300929,737.004864300929,738.231424711135,775.582431871771,775.582431871771,810.75401889963,810.75401889963,813.764642343471,815.458648926902,821.448741877852,821.448741877852,827.059147115749,828.453576623073,848.594318567459,1212.91770837179,1212.91770837179,1223.24617627706,1229.00887187882,1238.19411459703,1242.9783271727,1242.9783271727,2924.29470029389,2924.29470029389,2952.72338974026,2959.42116185108,2960.98547275313,2963.4483340688,3001.00765440342,3011.17523446653,3379.60757163266,3430.82749082671,3434.7121976936,3436.53972204426,3437.78136480997,3446.27529894183,3447.76421257492,3449.70480691335,3451.09306457992,3451.09306457992,3453.3083852725,3453.3083852725,3488.99604221351,3488.99604221351,3489.861252197,3497.79955594323,3506.99736945251,3520.17606513148,3538.78149280015,3630.30320126974,3644.4269012436,3644.4269012436,90.788254515167,354.760776017981,32.794527888548,33.769303113332,88.6885325096485
2006-04-07,448.550430322631,448.550430322631,448.550430322631,461.880030899581,464.352030602635,476.221587360273,502.462955983661,505.701729904636,509.171056539161,613.47905146922,613.47905146922,657.724969166333,657.724969166333,685.976001368903,685.976001368903,704.036367537946,704.036367537946,704.036367537946,705.13245564817,741.122081441994,741.122081441994,778.153279060519,778.153279060519,781.705809241992,783.342447601833,790.15424724915,790.15424724915,796.179956403103,797.612250849293,817.138977859141,1149.02667717419,1149.02667717419,1159.92880487864,1165.72549330767,1175.62431610995,1180.85700453108,1180.85700453108,2817.50338067915,2817.50338067915,2846.37911217654,2853.41209249755,2855.2392019755,2858.03594829397,2895.47153381373,2906.53091473482,3260.07854524645,3311.44106900048,3316.09408734771,3318.2942958291,3319.8224626764,3328.16410609196,3330.1425273089,3332.52769598657,3334.33973258025,3334.33973258025,3336.53092318786,3336.53092318786,3372.14723950392,3372.14723950392,3373.31201959157,3381.98576235454,3391.08743232467,3404.98172555009,3423.99121795004,3517.5826595405,3531.908290863,3531.908290863,81.695787005826,321.386563383133,31.8920962677629,32.9849140227839,89.6405698593234
2006-04-08,423.398594260675,423.398594260675,423.398594260675,436.011378644741,438.198574423274,450.582639806908,475.184606252126,478.49457715549,482.353989833776,579.090711631174,579.090711631174,620.910231019238,620.910231019238,647.449740366977,647.449740366977,666.271407490845,666.271407490845,666.271407490845,667.26075279692,701.965771163502,701.965771163502,740.103419446036,740.103419446036,744.146962232852,745.725529846949,753.417190870537,753.417190870537,759.87123158439,761.33823758156,780.141079941692,1079.32452609445,1079.32452609445,1090.73665794691,1096.55302625541,1107.18706359858,1112.91332161597,1112.91332161597,2679.89280688459,2679.89280688459,2709.46968481746,2716.9231127154,2719.07079455277,2722.24439888293,2759.53646367004,2771.64595421475,3109.14371142428,3160.57373899741,3166.05297691577,3168.65686756702,3170.50032846195,3178.68906408443,3181.19568138503,3184.05343302183,3186.31948499787,3186.31948499787,3188.48760109907,3188.48760109907,3224.0986747494,3224.0986747494,3225.57950739789,3235.03490132932,3244.03951390394,3258.69085854329,3278.15402169917,3373.55154413923,3388.10367813576,3388.10367813576,75.4822266234601,287.851871650303,30.8813510002001,32.2271725839429,90.2806220514051
2006-04-09,513.387460371411,513.387460371411,513.387460371411,534.934814128477,539.866016290909,536.189359008165,612.359783522605,617.372141129186,612.769246791762,708.237222480783,708.237222480783,725.961727977299,725.961727977299,747.564218395211,747.564218395211,739.986059640059,739.986059640059,739.986059640059,740.19651769384,761.42530533555,761.42530533555,773.035658598026,773.035658598026,772.158400685143,774.937262416206,781.723611815626,781.723611815626,783.337401906758,784.051702350544,802.471408510361,1167.97886722796,1167.97886722796,1169.65195549823,1177.55806008768,1177.84580952038,1177.52755736076,1177.52755736076,2869.91678806931,2869.91678806931,2897.16288623158,2906.65048609954,2906.29429438283,2905.79023541355,2935.23573543126,2935.89515399981,3249.23788792096,3289.87988197572,3288.53373955509,3287.96873689676,3287.26343886004,3294.76476063556,3293.08748081532,3292.18140769842,3291.05360971499,3291.05360971499,3293.06414529679,3293.06414529679,3323.11233251873,3323.11233251873,3322.23781300077,3324.67419373672,3333.44604257805,3340.94701334486,3353.42103693041,3441.57347088848,3453.13863935065,3453.13863935065,92.05200351452,371.138455307466,30.5008050103313,32.2951197019404,90.5597972494166
2006-04-10,579.643655172146,579.643655172146,579.643655172146,596.887653428314,604.521463069524,601.111375505878,658.86838001846,660.545780972725,657.46835248555,781.745088536978,781.745088536978,807.812158457526,807.812158457526,834.189682258822,834.189682258822,826.020503314518,826.020503314518,826.020503314518,826.863855506577,848.019922643727,848.019922643727,845.579769645451,845.579769645451,841.308100998374,843.17704520978,839.368973217113,839.368973217113,838.984969266833,839.483792281641,861.632570789775,1300.78831349061,1300.78831349061,1297.77138061808,1302.5525573068,1294.92961440821,1290.17665129768,1290.17665129768,3037.74416623739,3037.74416623739,3077.27554423768,3083.17419194778,3083.38531013096,3083.16666206323,3118.71856731889,3119.80650152133,3429.33097080872,3471.28620316663,3468.85224714009,3467.71064770535,3466.584692816,3474.23502681003,3471.65272416438,3469.86303091117,3467.80936075804,3467.80936075804,3469.86551493539,3469.86551493539,3498.59873062443,3498.59873062443,3497.01014349215,3497.16279662467,3505.86964983524,3511.2056515693,3521.50805844071,3606.77182324119,3616.94027376,3616.94027376,108.229761345618,452.783727906865,32.4705631785633,32.568793848165,91.0258926624592
2006-04-11,572.117634154883,572.117634154883,572.117634154883,589.587588273674,594.990391128978,603.429159111066,650.123608877244,653.419496294916,654.853263013325,781.855129737685,781.855129737685,818.474709246789,818.474709246789,850.849982773659,850.849982773659,856.160272274573,856.160272274573,856.160272274573,857.040919029339,884.023946011135,884.023946011135,893.502985234142,893.502985234142,890.021907495166,891.739409130785,885.54594321717,885.54594321717,885.214982705622,885.817910487717,907.938682741139,1381.82741355334,1381.82741355334,1382.24606448672,1387.29061178659,1381.55894644173,1376.59047680649,1376.59047680649,3117.77747383935,3117.77747383935,3151.72426679033,3158.26718368072,3158.62796482982,3159.58180208903,3197.62161445169,3202.1917380854,3508.59312137629,3553.56095271737,3553.16995954016,3552.85933949597,3552.46270544088,3560.32510423176,3559.06562752687,3558.4577410183,3557.46054652708,3557.46054652708,3559.53019504069,3559.53019504069,3590.23095964024,3590.23095964024,3589.42427148428,3591.73877406863,3600.40340945186,3607.60818496753,3619.53208257453,3706.63299249047,3717.57749827748,3717.57749827748,100.994798451129,481.785922440285,32.6875995404674,32.7271384538282,90.5450079182551
2006-04-12,541.624653997594,541.624653997594,541.624653997594,558.454437920431,562.423070747976,577.70404546248,617.25040212994,621.524220127543,625.599821551878,744.587859378611,744.587859378611,786.908307855062,786.908307855062,821.565359824024,821.565359824024,837.944038944972,837.944038944972,837.944038944972,838.978078665777,871.25541632362,871.25541632362,898.685945598225,898.685945598225,898.7451409984,900.699409703245,900.265644107322,900.265644107322,902.570837047629,903.552105678172,925.89486458363,1390.71930620905,1390.71930620905,1397.29793708896,1403.96884492273,1405.13190359979,1404.34939088561,1404.34939088561,3135.55750797167,3135.55750797167,3170.22822672504,3177.21709496958,3178.02340325817,3179.67277331418,3219.38061517994,3226.07620218879,3529.4657091671,3576.51269831041,3577.58054881883,3577.99390478542,3578.14965724756,3586.06501452831,3585.75153881331,3586.01500793088,3585.84008635422,3585.84008635422,3587.90529060853,3587.90529060853,3620.34492632905,3620.34492632905,3620.11675019409,3624.06435183416,3632.66307744955,3641.55739240603,3654.92639065769,3743.48414722537,3755.18499014978,3755.18499014978,90.2103724586375,463.366010089819,32.4499648267249,33.0970506505376,89.8114099314623
2006-04-13,503.011806665034,503.011806665034,503.011806665034,518.902164869581,522.049647801962,539.851011468096,574.871886299881,579.526287774374,584.789388130316,694.322720740011,694.322720740011,737.633723749977,737.633723749977,771.492360632245,771.492360632245,793.525259372692,793.525259372692,793.525259372692,794.611897785537,829.378930665482,829.378930665482,869.291470870681,869.291470870681,872.397953857291,874.547407347955,879.902715732035,879.902715732035,885.290821787102,886.706581033242,909.311057647838,1337.67819977802,1337.67819977802,1349.78319598232,1357.7867468124,1365.69739811544,1369.22338255243,1369.22338255243,3056.4217289619,3056.4217289619,3094.39057034478,3102.77427581016,3104.51243233328,3107.2554149216,3149.45658625489,3159.49230404926,3459.91653390184,3509.78896960989,3513.03858662911,3514.52213300157,3515.50394686681,3523.49076150315,3524.54255218716,3526.0455040418,3527.03963923343,3527.03963923343,3529.11626235913,3529.11626235913,3563.77143476165,3563.77143476165,3564.34669664858,3570.56930085232,3579.11097429329,3590.3298661521,3605.75631331347,3696.34451227648,3709.06244186472,3709.06244186472,81.1998732356089,419.043223095591,31.9352156545124,33.4007406332513,88.9543733796878
2006-04-14,464.353051539385,464.353051539385,464.353051539385,479.107272596676,481.766305935456,499.532900693428,531.1536647411,535.771157422628,541.376194588885,642.09896708762,642.09896708762,684.053590599446,684.053590599446,715.658855912864,715.658855912864,739.481969028233,739.481969028233,739.481969028233,740.522812082398,775.719898637056,775.719898637056,821.222355246076,821.222355246076,826.071277946998,828.241945743701,837.209691958934,837.209691958934,844.623962058174,846.313851924007,868.65577497007,1249.35995125305,1249.35995125305,1264.70046321766,1273.33806760405,1285.66087632325,1292.10475904245,1292.10475904245,2899.05963460707,2899.05963460707,2939.43384260281,2948.94652683481,2951.49429556695,2955.18945155474,2999.07081989293,3012.08699245466,3307.76028388566,3359.9912853007,3365.32509177148,3367.83563469541,3369.6194969109,3377.6357845467,3380.01211139303,3382.71769343966,3384.85476763454,3384.85476763454,3386.94171654314,3386.94171654314,3423.55723340882,3423.55723340882,3424.92426673024,3433.39295886727,3441.87459651643,3455.39433860542,3472.88716585673,3565.48968647733,3579.2263233266,3579.2263233266,74.3009557271679,366.838506351303,31.2194895605482,33.4817059934691,88.0471696110791
2006-04-15,443.409138770322,443.409138770322,443.409138770322,456.60065690034,459.069755593063,473.340133294654,502.830752817832,506.837613435438,511.270039823675,612.365411469376,612.365411469376,653.033269367877,653.033269367877,683.007593872328,683.007593872328,702.77017079581,702.77017079581,702.77017079581,703.758177316951,737.603098932709,737.603098932709,779.920520298525,779.920520298525,784.567763825968,786.779774149854,796.044306824176,796.044306824176,803.608822481061,805.289688918081,827.095228811662,1165.75402766333,1165.75402766333,1180.94909405385,1189.58969242845,1202.67813673204,1209.67121511416,1209.67121511416,2721.3114582909,2721.3114582909,2762.18376263525,2772.04071635284,2774.88923082991,2778.92398300255,2823.29137784595,2837.43475648726,3127.34893918564,3180.03785109673,3186.23402798097,3189.17570346313,3191.29840371267,3199.21118608035,3202.20801006372,3205.48599950561,3208.15305289893,3208.15305289893,3210.27492937951,3210.27492937951,3247.69536892659,3247.69536892659,3249.4309371314,3258.91884128006,3267.33578249706,3281.91075021215,3300.27956407938,3393.47467558437,3407.69252739709,3407.69252739709,78.2634702214157,324.984564266438,30.5486950862641,33.3979944218727,87.1094180474344
2006-04-16,429.459296932172,429.459296932172,429.459296932172,441.030461381668,443.244617575205,454.480947470675,481.832466913433,485.259463841432,488.775573564278,587.66423041037,587.66423041037,627.665999030532,627.665999030532,655.357091854336,655.357091854336,672.628429133986,672.628429133986,672.628429133986,673.51251730768,706.472331035283,706.472331035283,744.252328746594,744.252328746594,748.351372182818,750.284972220681,758.562565443737,758.562565443737,765.62477547168,767.212240154634,787.971999198081,1092.77968788806,1092.77968788806,1106.63440504572,1114.62060411648,1126.75357277086,1133.37542019425,1133.37542019425,2538.80465981125,2538.80465981125,2578.06996118954,2587.65303128435,2590.56279841936,2594.72036866505,2637.91262857796,2652.38621216166,2936.28675578533,2988.55223667287,2995.13126165025,2998.26858545794,3000.54312470976,3008.29624436683,3011.53010867923,3015.00765329166,3017.90591964044,3017.90591964044,3020.00251593929,3020.00251593929,3057.37574207154,3057.37574207154,3059.29136086075,3069.22608970337,3077.55288494096,3092.54012156837,3111.16335931442,3204.12547200296,3218.51310517524,3218.51310517524,78.5506747877385,292.759393541216,29.8432031436753,32.9477333364172,86.1250683573313
2006-04-17,414.873752931069,414.873752931069,414.873752931069,425.551822721708,427.544170607521,437.609355995353,463.417302760792,466.540118678597,469.657498208092,564.054243549066,564.054243549066,602.956347107389,602.956347107389,628.284018679405,628.284018679405,644.578873749482,644.578873749482,644.578873749482,645.369026618761,678.042235107878,678.042235107878,712.827697776307,712.827697776307,716.460191523735,718.199617649754,725.523664491455,725.523664491455,732.032747704244,733.508865426535,753.095056681923,1030.89574801861,1030.89574801861,1043.28483086842,1050.64633502008,1061.54227794216,1067.476688508,1067.476688508,2370.92064584223,2370.92064584223,2407.5989456989,2416.55187637507,2419.26676583877,2423.29313559551,2464.53300667316,2478.4465407224,2756.59843633767,2807.58469160126,2813.97290272,2817.0195991235,2819.22031123018,2826.74780243029,2829.89495626142,2833.29249940253,2836.12265277767,2836.12265277767,2838.18177284249,2838.18177284249,2874.90880561211,2874.90880561211,2876.79190071681,2886.53562043533,2894.7408368409,2909.47158369344,2927.7094834061,3019.59967089045,3033.85128046292,3033.85128046292,75.7971991072118,267.333888198662,29.1787419761236,32.3817126229896,85.073600514965
2006-04-18,399.476917340941,399.476917340941,399.476917340941,409.45053026817,411.243803931425,420.874076432221,445.496037722398,448.473459478186,451.479795802084,541.056651546674,541.056651546674,578.265150851951,578.265150851951,601.334248419817,601.334248419817,617.074456177842,617.074456177842,617.074456177842,617.79552800114,650.25820322153,650.25820322153,683.27213179221,683.27213179221,686.66506383936,688.241259990325,695.011552064942,695.011552064942,701.134721197202,702.516309158034,720.967117072527,975.38144817461,975.38144817461,986.730092283501,993.583672624034,1003.59294665066,1009.01165743266,1009.01165743266,2219.68577579707,2219.68577579707,2253.73420875638,2262.00022920167,2264.47764402736,2268.30920123654,2307.36415443442,2320.48255713242,2593.69584569578,2643.16832184221,2649.17861879009,2652.03933035083,2654.09179155911,2661.37012595834,2664.30446207669,2667.50261549201,2670.14972099557,2670.14972099557,2672.1669063188,2672.1669063188,2707.96634113008,2707.96634113008,2709.73410452736,2719.03141233927,2727.1045375091,2741.29182041428,2758.86325952023,2849.24299160162,2863.20872262803,2863.20872262803,72.4099467749135,244.869725365101,28.5749805196402,31.7279031459303,83.9397294288595
2006-04-19,383.367164092416,383.367164092416,383.367164092416,392.754225910118,394.359839723657,403.771548805806,427.561638384688,430.447663544099,433.43899683064,518.557931755241,518.557931755241,553.865462598068,553.865462598068,574.974311256716,574.974311256716,590.169203923826,590.169203923826,590.169203923826,590.828460785743,622.893537881814,622.893537881814,654.571013833768,654.571013833768,657.847449634949,659.283824919138,665.759348545229,665.759348545229,671.619677342557,672.928218712237,690.33159063379,923.144019463751,923.144019463751,933.809048602896,940.256961371148,949.743386157941,954.902870916416,954.902870916416,2082.78536676742,2082.78536676742,2114.43700445969,2122.08487852376,2124.35289895178,2127.99733555698,2164.91308088493,2177.26781660562,2446.34260704723,2494.3544545496,2499.99063924281,2502.66609738611,2504.57200829234,2511.60447873734,2514.3226595345,2517.31430201775,2519.77135841098,2519.77135841098,2521.7480538284,2521.7480538284,2556.55514123121,2556.55514123121,2558.19898844273,2567.01562758643,2574.95330759109,2588.55489593458,2605.42692624971,2694.14638080246,2707.790961415,2707.790961415,69.2083760658898,223.740437594331,28.0081770431196,31.0280594319759,82.7230935030267
2006-04-20,367.787283447273,367.787283447273,367.787283447273,376.613619514158,378.042209283006,387.054290922273,410.441046539819,413.20640210129,416.119036310205,497.25399286181,497.25399286181,530.556525281754,530.556525281754,550.869039612713,550.869039612713,565.191174340706,565.191174340706,565.191174340706,565.78654909982,597.151689210918,597.151689210918,627.220213877197,627.220213877197,630.37136479465,631.676179344901,637.860636579087,637.860636579087,643.475148421958,644.713070069213,661.097823678699,873.661362173992,873.661362173992,883.749440677908,889.823674944069,898.914354858701,903.890845465142,903.890845465142,1957.18648583579,1957.18648583579,1986.76482573694,1993.89510929779,1996.03208917209,1999.53393809329,2034.45642622386,2046.21010703329,2311.6978893332,2358.47125418185,2363.80356623341,2366.35074212549,2368.13972157768,2374.95794756957,2377.49354732083,2380.30716157868,2382.60253128786,2382.60253128786,2384.54255395679,2384.54255395679,2418.39073555637,2418.39073555637,2419.92711747005,2428.31079809098,2436.11612000697,2449.17989000757,2465.4031042142,2552.446870831,2565.77924208512,2565.77924208512,66.4966975648603,203.886285959085,27.5288123273237,30.3220948008002,81.4451890209493
2006-04-21,354.456915629176,354.456915629176,354.456915629176,362.666583023711,363.924953904773,372.11666111073,395.39715776045,397.977790957239,400.673973553163,478.25288493313,478.25288493313,509.456968032732,509.456968032732,528.717055896981,528.717055896981,542.193918618037,542.193918618037,542.193918618037,542.732971107077,573.510843166376,573.510843166376,601.781296021211,601.781296021211,604.73161199069,605.909443389515,611.727141197549,611.727141197549,617.037054777448,618.199068400646,633.5974231872,827.828710278573,827.828710278573,837.271390166369,842.964820591655,851.583397003503,856.339119456238,856.339119456238,1840.98920342476,1840.98920342476,1868.73010965454,1875.41088884398,1877.39818553066,1880.74730300804,1913.81147941121,1924.96799254788,2186.79955295813,2232.39718293585,2237.4883011532,2239.89523162106,2241.59130940736,2248.20420264851,2250.6073236381,2253.2874449366,2255.46399068127,2255.46399068127,2257.36922941261,2257.36922941261,2290.32506146266,2290.32506146266,2291.78202278523,2299.81561672651,2307.49189450636,2320.10923227668,2335.77765727941,2421.1895630524,2434.23947761519,2434.23947761519,64.3363654317848,186.097256167996,27.0119508811311,29.6159190443893,80.1154818397477
2006-04-22,344.129748137891,344.129748137891,344.129748137891,351.487165957429,352.595070893433,359.731967769461,382.437739474046,384.84232926017,387.29502793997,462.479180259908,462.479180259908,491.529288293945,491.529288293945,509.997514286661,509.997514286661,522.331213204688,522.331213204688,522.331213204688,522.811611699108,553.034710304313,553.034710304313,579.110596129101,579.110596129101,581.785227594232,582.838520731765,588.148345976189,588.148345976189,593.082782239538,594.158324942085,608.594636401803,787.387375013106,787.387375013106,796.005082857724,801.285040703734,809.222373586882,813.630630689649,813.630630689649,1734.19436014206,1734.19436014206,1760.22325458051,1766.48340893959,1768.33214119198,1771.53535340598,1802.80793301947,1813.38608562274,2071.589181674,2115.98297416943,2120.83280808575,2123.12042679103,2124.72386884193,2131.14005325407,2133.40741561808,2135.95235732203,2138.00900167961,2138.00900167961,2139.88199744265,2139.88199744265,2171.95629094525,2171.95629094525,2173.33390562375,2181.02311658085,2188.57224139729,2200.74956619923,2215.88427162246,2299.6305915452,2312.4010076391,2312.4010076391,63.3708899251891,171.480733960127,26.4485519784432,28.9211504909338,78.7391641585962
2006-04-23,336.667837093608,336.667837093608,336.667837093608,343.668683225858,344.637349079164,350.506666621288,373.823632515272,375.893099847641,377.861561056045,451.087296925066,451.087296925066,477.868408987774,477.868408987774,494.753904068517,494.753904068517,505.834461105164,505.834461105164,505.834461105164,506.260610745182,535.90951712941,535.90951712941,559.649503214077,559.649503214077,561.993309094709,562.92462329594,567.619225057676,567.619225057676,572.121539610533,573.10402282285,586.608808615474,752.960498461548,752.960498461548,760.664129477685,765.51585477213,772.640426659301,776.612136049719,776.612136049719,1637.00030635521,1637.00030635521,1661.3944516572,1667.24481147966,1668.9541226478,1672.00054664112,1701.54402058049,1711.53558231717,1966.658701909,2009.78234209595,2014.36310542786,2016.51858468472,2018.01958949346,2024.24210475309,2026.35698798062,2028.7518104682,2030.67468355803,2030.67468355803,2032.51634867151,2032.51634867151,2063.7139188953,2063.7139188953,2065.00262766216,2072.32411224612,2079.7478895303,2091.46410845695,2106.05277063972,2188.05402148814,2200.53296591279,2200.53296591279,63.0657455264911,160.005071942486,25.8606155855721,28.2541942854565,77.3122467009535
2006-04-24,343.886722260702,343.886722260702,343.886722260702,349.935421352906,350.718552874572,352.653485883869,379.556063472316,380.603553905718,381.003958741575,452.401026664216,452.401026664216,475.391756959695,475.391756959695,489.024560864831,489.024560864831,497.412605973982,497.412605973982,497.412605973982,497.751174351861,526.131268669023,526.131268669023,545.978456188654,545.978456188654,547.72760751965,548.515803471745,552.196432027825,552.196432027825,556.0473737962,556.906414612192,569.448879293156,726.414011645093,726.414011645093,732.99027371516,737.380184753266,743.453912936979,746.830843117502,746.830843117502,1553.2084430151,1553.2084430151,1575.76850119005,1581.1202787094,1582.6363684615,1585.46795646705,1613.20028684829,1622.44008417332,1875.63736415937,1917.29393304523,1921.48414076616,1923.44918544252,1924.80202303008,1930.82664327939,1932.71566791805,1934.89442874309,1936.62181927738,1936.62181927738,1938.43163783292,1938.43163783292,1968.68901042644,1968.68901042644,1969.84761452446,1976.68327356494,1983.98162505179,1995.11766525971,2009.05972153695,2089.12719405875,2101.26664174506,2101.26664174506,64.764536062176,151.894473070025,25.271522834016,27.6224295057762,75.8297658136393
2006-04-25,357.407761728389,357.407761728389,357.407761728389,362.355296132634,363.020811336362,362.114828546732,395.401970189874,395.687258116384,394.768112007748,464.901715471212,464.901715471212,484.303354065906,484.303354065906,494.418739177789,494.418739177789,499.419449869806,499.419449869806,499.419449869806,499.653642982501,526.225120655199,526.225120655199,540.764562843485,540.764562843485,541.61620626696,542.230969361112,544.313943934587,544.313943934587,547.233742210451,547.931644191564,559.44843247317,709.778125411459,709.778125411459,714.955411259273,718.81303149552,723.51002190003,726.103542005136,726.103542005136,1481.29340630529,1481.29340630529,1502.17694946298,1507.06573142196,1508.3980618178,1511.01858374236,1537.04350507052,1545.54252946834,1798.8556907605,1839.01491495048,1842.77695935115,1844.5323650123,1845.7218187748,1851.54953030546,1853.18609973096,1855.1242121468,1856.63209738937,1856.63209738937,1858.40946168303,1858.40946168303,1887.72629946087,1887.72629946087,1888.73725501148,1895.03600703875,1902.21032561664,1912.71308093906,1925.96214840263,2003.95839880936,2015.73348454,2015.73348454,66.5836779417194,146.972889699149,24.7018512245482,27.0313771101275,74.2828501488229
2006-04-26,371.286646893492,371.286646893492,371.286646893492,375.753369756924,376.372257079478,374.569372348662,407.269090448579,407.780570777086,407.05826948033,478.397643392248,478.397643392248,496.689342163898,496.689342163898,504.958454858525,504.958454858525,507.893351774121,507.893351774121,507.893351774121,508.093607702484,534.327549473744,534.327549473744,543.92717959743,543.92717959743,543.851288853468,544.295634044559,544.640725263771,544.640725263771,546.529184979914,547.053030641682,557.549426633375,702.772912208207,702.772912208207,706.535080135425,709.86942295933,713.124496133534,714.870218432822,714.870218432822,1423.88267891846,1423.88267891846,1442.92651825816,1447.28826699725,1448.39659691118,1450.76551995,1475.04545852064,1482.68514369874,1738.83475482056,1777.37778345451,1780.61344433034,1782.1113525379,1783.09993786392,1788.72835515155,1790.05288494397,1791.6971673664,1792.93503360776,1792.93503360776,1794.68134999947,1794.68134999947,1823.01953908231,1823.01953908231,1823.84912317249,1829.51457164421,1836.5651853859,1846.33748064607,1858.80892201401,1934.56574561009,1945.93737617019,1945.93737617019,68.2299831582916,143.543858965804,24.1625815071979,26.4827168908182,72.6831689214327
2006-04-27,378.507925942702,378.507925942702,378.507925942702,383.160104923185,383.785905461285,383.172164812599,412.958168359258,413.891841538801,413.845635960156,486.625215078999,486.625215078999,505.449235017195,505.449235017195,513.558242384718,513.558242384718,516.423063166764,516.423063166764,516.423063166764,516.601160052662,543.232082659566,543.232082659566,551.075098368333,551.075098368333,550.527032358526,550.918468594699,550.281350760821,550.281350760821,551.538253556082,551.941251424638,561.781055262425,702.905586977284,702.905586977284,705.644308373697,708.641743889983,710.840089243855,711.87788051319,711.87788051319,1384.43835902431,1384.43835902431,1401.95012743508,1405.77721213889,1406.59177613814,1408.64131795124,1431.21486888066,1437.7665056452,1699.1888023894,1735.94159093852,1738.51347499243,1739.68667676096,1740.42141600188,1745.84160003178,1746.76933544768,1748.04368423984,1748.93909518722,1748.93909518722,1750.65163154644,1750.65163154644,1777.93660161334,1777.93660161334,1778.53621184624,1783.42958710507,1790.3557229427,1799.25407581316,1810.81429713113,1884.15126108136,1895.05939180778,1895.05939180778,68.6759587123328,140.537777771349,23.6566555183424,25.9752360608219,71.0736159770482
2006-04-28,379.807303438051,379.807303438051,379.807303438051,384.703680506278,385.335364995804,386.462072121742,413.421648218566,414.703833503088,415.297567656542,488.342728555303,488.342728555303,508.025621975819,508.025621975819,516.759582961189,516.759582961189,520.756540023922,520.756540023922,520.756540023922,520.959614093643,547.790900305386,547.790900305386,556.496688652221,556.496688652221,556.060265187357,556.395104469571,555.695031635433,555.695031635433,556.776640021312,557.139417723878,566.476696677073,702.991405555715,702.991405555715,705.429028331916,708.161119075747,709.907973638026,710.730569801224,710.730569801224,1348.97968847653,1348.97968847653,1365.27585987796,1368.84558729256,1369.57688984892,1371.50801799094,1392.92578947005,1399.01538738193,1667.21867794319,1702.83615423362,1705.10980707393,1706.13363963206,1706.7513393508,1712.00931848246,1712.75067393363,1713.84164141612,1714.56753640917,1714.56753640917,1716.25358497824,1716.25358497824,1742.79102357288,1742.79102357288,1743.27141679998,1747.71322542796,1754.52443475502,1762.8666091737,1773.81344808628,1845.07744314599,1855.64444917705,1855.64444917705,67.8174287749989,136.051565844485,23.1786184609303,25.5061524391188,69.4908857219721
2006-04-29,376.12412647813,376.12412647813,376.12412647813,381.20326736112,381.833764256706,384.610948789312,409.389637899914,410.956858876914,412.102012497009,484.243981929166,484.243981929166,504.639310211192,504.639310211192,514.15801275272,514.15801275272,519.638893213034,519.638893213034,519.638893213034,519.878048630422,546.526345342058,546.526345342058,557.404973506667,557.404973506667,557.41132731123,557.769947987777,557.73376435819,557.73376435819,559.075324165788,559.458715647453,568.505250161787,699.701943615782,699.701943615782,702.362532707636,705.024724886494,706.962186179284,707.920062951265,707.920062951265,1316.41889030788,1316.41889030788,1331.88671027766,1335.27039221289,1335.94015114409,1337.78165754912,1358.22432423091,1363.98518586447,1637.64021094948,1672.43802455227,1674.60328525128,1675.57261864495,1676.14910523478,1681.2724663966,1681.95085131311,1682.97227037563,1683.63790313367,1683.63790313367,1685.30469854334,1685.30469854334,1711.31216070187,1711.31216070187,1711.74895232321,1715.97226058199,1722.67613589406,1730.70813161972,1741.28781927734,1810.83495654522,1821.17249502905,1821.17249502905,65.8979198319083,130.188740805634,22.7143479471266,25.0762883881219,67.9797918917352
2006-04-30,368.280504264603,368.280504264603,368.280504264603,373.485023557306,374.107808810864,378.298473987424,401.43821727913,403.247890981158,404.874061831788,475.258895994988,475.258895994988,496.14088823164,496.14088823164,506.373187718187,506.373187718187,513.272700936373,513.272700936373,513.272700936373,513.545994805286,539.75374673201,539.75374673201,553.024618790488,553.024618790488,553.580862226747,553.980282778169,554.909364282194,554.909364282194,556.703296241494,557.137083865705,566.002795928504,690.967959335124,690.967959335124,694.15683324718,696.84019843289,699.35411737402,700.696809117982,700.696809117982,1283.10381735794,1283.10381735794,1298.09543750082,1301.4097037813,1302.07809194348,1303.88636425548,1323.59229620431,1329.22349599294,1605.08113982793,1639.35889194342,1641.59815333107,1642.60300238422,1643.20942133258,1648.22204353395,1648.95150932951,1650.00762917654,1650.71200241332,1650.71200241332,1652.36182727591,1652.36182727591,1678.02698291774,1678.02698291774,1678.48795311936,1682.69856775796,1689.30197641048,1697.23914460226,1707.66707894348,1775.8487047504,1786.05576805879,1786.05576805879,63.2896111211735,123.05946952921,22.2570356833831,24.673572701415,66.5685289504536
2006-05-01,357.436730285788,357.436730285788,357.436730285788,362.6877150568,363.292387728466,368.563285915113,390.451630124611,392.448973458039,394.462733456759,462.733158655545,462.733158655545,483.807290882525,483.807290882525,494.562419600957,494.562419600957,502.613387675213,502.613387675213,502.613387675213,502.91345901992,528.566705336526,528.566705336526,543.892207324794,543.892207324794,544.960990402323,545.398775656144,547.288384787917,547.288384787917,549.55103267621,550.041541145909,558.76229202386,676.636654110827,676.636654110827,680.423140930753,683.159746595196,686.367937889223,688.180982630058,688.180982630058,1247.00084429089,1247.00084429089,1261.74338391345,1265.06751917829,1265.77322754143,1267.58907201844,1286.73594530728,1292.37991909672,1566.40657668482,1600.35830451216,1602.78825093883,1603.88682245449,1604.5694259624,1609.48895615491,1610.344038059,1611.50372638008,1612.31278430073,1612.31278430073,1613.94899212798,1613.94899212798,1639.41044937916,1639.41044937916,1639.94108105723,1644.28184698633,1650.79015438432,1658.78500654874,1669.21366020704,1736.31905620146,1746.46751216051,1746.46751216051,60.5635791420487,115.031243680843,21.800898571173,24.3022492875518,65.2693164408437
2006-05-02,345.529180286096,345.529180286096,345.529180286096,350.675833675495,351.249376443961,357.065458102747,378.022784952306,380.106808222136,382.338899902564,448.37887055468,448.37887055468,469.295691819729,469.295691819729,480.287196245683,480.287196245683,489.092318018794,489.092318018794,489.092318018794,489.408907905293,514.425499996581,514.425499996581,531.218310331574,531.218310331574,532.68520815517,533.149243187989,535.819342054378,535.819342054378,538.464491312011,538.999988198056,547.562122907994,657.818960869971,657.818960869971,662.104525251709,664.872841823146,668.697263746468,670.939480087902,670.939480087902,1207.43863435485,1207.43863435485,1222.04329060255,1225.4122562447,1226.17308791987,1228.016124194,1246.70425308696,1252.43325430881,1521.05399612343,1554.735069872,1557.38958696666,1558.59941165494,1559.37248160726,1564.21032906455,1565.21454018876,1566.50050113073,1567.43650193568,1567.43650193568,1569.06231687157,1569.06231687157,1594.38293692074,1594.38293692074,1594.99940686113,1599.52461157861,1605.94124370332,1614.0538513878,1624.5486125054,1690.77028741464,1700.89327985433,1700.89327985433,58.0645672076963,106.648954920532,21.3425739851107,23.9562846278357,64.08736691143
2006-05-03,334.637616608271,334.637616608271,334.637616608271,339.498551905498,340.025734973016,345.727829413514,365.959430442479,368.00878785437,370.248366196772,433.960259866817,433.960259866817,454.356467485032,454.356467485032,465.252509680639,465.252509680639,474.343571182442,474.343571182442,474.343571182442,474.664426186986,498.934591971186,498.934591971186,516.426941784831,516.426941784831,518.148688566377,518.625706742802,521.820766784152,521.820766784152,524.71491055871,525.276103740799,533.642252853112,636.353367834162,636.353367834162,640.932472524121,643.688549213357,647.923196376271,650.469356073537,650.469356073537,1164.90196369912,1164.90196369912,1179.37378211669,1182.78059377142,1183.59477565926,1185.46280547729,1203.72548223476,1209.54585308723,1470.4412309938,1503.79732532374,1506.64199111059,1507.94664045646,1508.79763977114,1513.55226894783,1514.68606705485,1516.08175380246,1517.12921506637,1517.12921506637,1518.74548948242,1518.74548948242,1543.9209908756,1543.9209908756,1544.61391013052,1549.29952736203,1555.62624784109,1563.83697303922,1574.38522585757,1639.81724322939,1649.91212410046,1649.91212410046,55.8641784452492,98.6364855998205,20.8795680109474,23.6290756153159,63.0189591038668
2006-05-04,325.638324749318,325.638324749318,325.638324749318,330.129710839206,330.604297644729,335.765490778112,355.278978932874,357.210242293941,359.315362187634,420.699551194801,420.699551194801,440.359398438973,440.359398438973,450.967369839213,450.967369839213,460.019462561305,460.019462561305,460.019462561305,460.330568419942,483.758483614906,483.758483614906,501.306688404099,501.306688404099,503.097423293482,503.576342366549,506.964775674259,506.964775674259,509.93122678299,510.493658248299,518.614394735984,614.32293013653,614.32293013653,618.945085788691,621.628707817993,626.006685844542,628.688984659174,628.688984659174,1120.64551935053,1120.64551935053,1134.93217662076,1138.36526570536,1139.21183873696,1141.08500443403,1158.90183119474,1164.76507054875,1417.08269708573,1449.99801290937,1452.95516292769,1454.31705014361,1455.21626775018,1459.88419302463,1461.10049906945,1462.56407966494,1463.68325140572,1463.68325140572,1465.28743786589,1465.28743786589,1490.27774354614,1490.27774354614,1491.02076760936,1495.79224039404,1502.02882913686,1510.26273538075,1520.79747866024,1585.45526041656,1595.49456073274,1595.49456073274,53.946447488147,91.5159388383181,20.4185174601431,23.3248105719097,62.0513916891937
2006-05-05,321.810116551214,321.810116551214,321.810116551214,325.792008933755,326.207141552372,329.972740202245,349.116288173619,350.889481226772,352.607394358183,411.97849480684,411.97849480684,430.12609490242,430.12609490242,439.725997899137,439.725997899137,447.875963657979,447.875963657979,447.875963657979,448.162640375868,470.526455761121,470.526455761121,487.061071761694,487.061071761694,488.781638544191,489.228017139277,492.540883382338,492.540883382338,495.432784478762,495.975409033322,503.798594871201,593.294482255699,593.294482255699,597.767793998764,600.33134365975,604.614799347006,607.278714179281,607.278714179281,1076.8859373835,1076.8859373835,1090.82979739965,1094.2211247491,1095.6818227546,1097.82241675625,1115.22509435961,1122.01812598457,1370.06178218954,1404.20641730538,1407.28438645021,1408.92533964734,1409.9251058708,1414.75724330316,1415.88076564526,1417.22912078683,1418.4265738288,1418.4265738288,1420.01423127769,1420.01423127769,1444.66431221047,1444.66431221047,1445.31190847187,1449.74782995825,1455.88806392775,1463.72370134875,1473.85372667551,1537.3551308005,1547.17031893671,1547.17031893671,52.8992321900821,85.4377688302728,20.5802788137634,23.2144928557553,61.1645907814108
2006-05-06,346.887911388716,346.887911388716,346.887911388716,349.574623718951,349.937043690706,347.392746934081,366.47466691094,367.645159994112,367.300777966425,430.984198884232,430.984198884232,443.850951005613,443.850951005613,449.581951033971,449.581951033971,453.041802282159,453.041802282159,453.041802282159,453.245292062431,473.340592647405,473.340592647405,484.068996915209,484.068996915209,484.66233853813,485.060658981798,486.878551964503,486.878551964503,488.877392974267,489.27693607487,496.579701811338,581.988912335071,581.988912335071,585.570907322705,588.153315713163,591.708562174363,593.709291046398,593.709291046398,1050.3776405067,1050.3776405067,1062.99429952359,1065.89783320551,1066.58423269624,1068.26948509576,1085.18517459798,1090.5656335338,1330.405936851,1362.69371403687,1365.27620209637,1366.48318244387,1367.24645508342,1371.98808135209,1372.99089870301,1374.2563116541,1375.20192585789,1375.20192585789,1376.77940876322,1376.77940876322,1401.0296081069,1401.0296081069,1401.6567233505,1405.964878892,1412.01697762873,1419.64510519555,1429.5320421262,1492.09342780299,1501.7454467428,1501.7454467428,60.908633570032,82.7477394342664,20.0987860184672,22.8599159673045,60.3355028934674
2006-05-07,372.194358851659,372.194358851659,372.194358851659,374.168681518438,374.481715170848,369.105280011743,387.298026137869,387.500301133242,386.112288373835,452.57323065277,452.57323065277,464.041184625524,464.041184625524,467.57873550943,467.57873550943,467.468670902695,467.468670902695,467.468670902695,467.57603763177,485.718188780993,485.718188780993,490.439334506445,490.439334506445,489.962239295958,490.146154475955,489.916093365126,489.916093365126,491.003252631758,491.259921747979,498.273992637629,579.860936691197,579.860936691197,581.994308679695,583.964023860931,585.959082182096,587.224776641893,587.224776641893,1026.49090390076,1026.49090390076,1039.16966955795,1042.55492634907,1043.76744499086,1045.53190284423,1065.44084580654,1071.47458594214,1313.96759205406,1347.16756342722,1349.40661466739,1350.72935131425,1351.43673508534,1356.51865205859,1357.24192704944,1358.27288892089,1359.13996493122,1359.13996493122,1360.89759257447,1360.89759257447,1386.04006247679,1386.04006247679,1386.33259367755,1389.67915256043,1395.99131708758,1403.09259120769,1412.18271780458,1472.8800284251,1482.08637100415,1482.08637100415,65.0216068417359,80.8060952362749,20.6621320352237,24.4088922035348,59.6371170002775
2006-05-08,440.510256503521,440.510256503521,440.510256503521,441.8227355535,442.224489769333,427.629831062374,448.87785532948,447.830143678938,442.767148381017,527.267058888625,527.267058888625,540.48676604376,540.48676604376,541.577566577981,541.577566577981,530.196839277381,530.196839277381,530.196839277381,531.828081611768,554.023838131103,554.023838131103,542.628623290272,542.628623290272,537.650476098422,537.81309674112,531.656095866478,531.656095866478,530.426429791348,530.284922758888,540.095591256958,622.371532420456,622.371532420456,619.781285644357,621.469572689645,618.903993499857,617.125318215268,617.125318215268,1068.56499272872,1068.56499272872,1083.03147084983,1085.75875510046,1087.24370101072,1087.99581924319,1112.19032480809,1117.32174419133,1406.21685445144,1466.71204783276,1469.61553641578,1470.47105685793,1470.52768368636,1477.01510964481,1474.92730177963,1473.43725847315,1473.62139787834,1473.62139787834,1475.51501652956,1475.51501652956,1498.83370787618,1498.83370787618,1497.60936821244,1496.62473936214,1503.66274284272,1507.09097457155,1513.41798496627,1569.37419557273,1577.1977198862,1577.1977198862,87.1082232508872,87.5332581810404,38.1664960074525,26.4505610984012,60.0372767690323
2006-05-09,488.84088768806,488.84088768806,488.84088768806,490.597761191115,491.119384625803,478.229820857394,498.72822457348,497.287150348466,492.501910804201,583.578032849045,583.578032849045,597.349926124666,597.349926124666,600.58078032187,600.58078032187,589.219768218613,589.219768218613,589.219768218613,589.426216791588,609.765255626331,609.765255626331,596.454830444287,596.454830444287,590.997345169591,590.681598577024,581.010678310393,581.010678310393,577.115609511919,576.773316508982,586.514834521081,672.214993537586,672.214993537586,667.810141331552,668.06087173164,662.702441692764,659.370029017395,659.370029017395,1106.33078965187,1106.33078965187,1116.10538867588,1118.52621333185,1118.28761922339,1119.00390268427,1139.13448571185,1142.29946927767,1431.38369914317,1475.67076344317,1476.77137364524,1477.27827419763,1477.49742805266,1484.24637185514,1484.07618284907,1484.34169002319,1484.29004967148,1484.29004967148,1486.21675263877,1486.21675263877,1510.7576249299,1510.7576249299,1510.64928757655,1513.1685712158,1520.23630182311,1525.89775524227,1534.29483060686,1592.51151107828,1601.49279656844,1601.49279656844,91.606812894256,93.8720066110151,29.7915794767434,24.9059050899628,59.3191400099544
2006-05-10,513.942206799598,513.942206799598,513.942206799598,517.252759950817,518.009681479867,511.435311861909,531.982805944079,531.499546619728,528.396548655284,621.211431694517,621.211431694517,638.060577937513,638.060577937513,644.135854544245,644.135854544245,636.668714777327,636.668714777327,636.668714777327,636.744593772469,657.06710811118,657.06710811118,646.57111905799,646.57111905799,641.60630035048,641.377525677202,631.774050047021,631.774050047021,627.616466709439,627.211190644891,636.381470052193,729.063689833129,729.063689833129,723.73883108114,723.650922164343,716.959555778093,712.717086472835,712.717086472835,1164.10628601732,1164.10628601732,1171.13386271615,1172.71977214849,1172.06069669704,1172.38777994138,1190.51856589412,1192.14965415988,1496.26204538712,1533.5504355547,1532.89894899605,1532.55074932306,1532.06443523121,1538.40769802701,1537.26694998175,1536.70567488267,1535.8589793186,1535.8589793186,1537.70462273761,1537.70462273761,1560.54351524507,1560.54351524507,1559.96346474149,1561.1556882603,1568.06007521401,1572.36263356214,1579.62760531437,1636.33066209914,1645.02243199623,1645.02243199623,89.9033589643429,101.782593714472,25.1560667854911,24.3671669901136,58.7833507407805
2006-05-11,509.761799954235,509.761799954235,509.761799954235,514.91927099593,515.867181227137,517.20148328201,538.709142007856,539.808771685328,539.455424984668,631.655346175317,631.655346175317,652.638973338443,652.638973338443,662.515102966098,662.515102966098,661.415852866037,661.415852866037,661.415852866037,661.56162080893,683.319345068012,683.319345068012,681.075628021871,681.075628021871,677.679960270058,677.635753186915,670.581917141864,670.581917141864,667.657887801994,667.415116849261,676.393716926038,777.89373647995,777.89373647995,773.460112335726,773.545526536558,767.556378323005,763.655640727724,763.655640727724,1225.88054055626,1225.88054055626,1231.85658167191,1233.05070110021,1232.2531160523,1232.46488823255,1249.52926130627,1250.5200274309,1571.12973949276,1604.74729446332,1603.5962530173,1602.98700354298,1602.2603231641,1608.23991107793,1606.75991625753,1605.87727478431,1604.70573063633,1604.70573063633,1606.48948884017,1606.48948884017,1628.4561950049,1628.4561950049,1627.64860138364,1628.07532128001,1634.80745368012,1638.21496381689,1644.60852325502,1700.13282792949,1708.53550473639,1708.53550473639,84.4523348149068,109.006591446503,22.8968771500842,24.0225677291186,58.5191641763501
2006-05-12,489.38931027335,489.38931027335,489.38931027335,495.727037730193,496.758214927923,503.72106033298,525.90809792199,528.202144487612,530.062930065189,619.865658256891,619.865658256891,644.270213651728,644.270213651728,657.661902318759,657.661902318759,662.921088545506,662.921088545506,662.921088545506,663.210445576079,686.92866211325,686.92866211325,694.913935504981,694.913935504981,693.608512269029,693.889438013857,690.626363991657,690.626363991657,689.719852479893,689.755383942572,699.05174860289,808.975432147177,808.975432147177,806.702768465709,807.386158804021,803.720558851811,801.154204159102,801.154204159102,1279.08222262002,1279.08222262002,1285.94000576545,1287.25006511194,1286.54138913923,1286.85165609591,1303.64100088444,1304.74575659359,1636.65979836652,1668.79001054448,1667.87385682108,1667.36998081404,1666.71390490598,1672.4028892453,1671.05616214838,1670.28031028172,1669.20160531533,1669.20160531533,1670.94017564382,1670.94017564382,1692.72879368828,1692.72879368828,1691.97561862441,1692.46579799089,1699.04573360792,1702.43275902739,1708.76451395874,1764.341489597,1772.78652423165,1772.78652423165,78.3181926015825,114.263709865983,21.6556580757875,23.7030557486816,58.5464636795562
2006-05-13,473.474149787885,473.474149787885,473.474149787885,479.660121663024,480.682266033605,488.506512236035,510.61750832348,513.217721211279,515.709787781972,602.765558009824,602.765558009824,627.895944231202,627.895944231202,642.555942564793,642.555942564793,651.165222735336,651.165222735336,651.165222735336,651.585538801959,676.535602094446,676.535602094446,691.72929783372,691.72929783372,692.172073171657,692.702804086015,692.929784091419,692.929784091419,693.884204550728,694.185812527978,703.896224346305,820.502413510438,820.502413510438,820.675397472311,822.062488815352,820.980724173722,819.986211211486,819.986211211486,1316.13582663115,1316.13582663115,1324.01826062793,1325.89773874472,1325.50268420202,1326.08760761321,1343.95458202951,1345.91602731819,1682.90013589736,1715.26061443413,1715.01945091077,1714.88253235981,1714.48640982113,1720.00086220936,1719.01858670522,1718.56522032338,1717.82004636169,1717.82004636169,1719.52703475534,1719.52703475534,1741.49274202181,1741.49274202181,1740.93968518844,1741.93852100116,1748.37934402811,1752.22783963122,1758.96681369664,1815.46271037425,1824.14451148261,1824.14451148261,74.9144018923974,117.6808563907,21.0448116692379,23.397908893648,58.82755742451
2006-05-14,457.001165539135,457.001165539135,457.001165539135,462.89787860446,463.878538302695,471.72017924747,493.11182137318,495.729802027735,498.470562888508,582.383909503547,582.383909503547,607.334928224859,607.334928224859,622.190139006338,622.190139006338,632.453691679011,632.453691679011,632.453691679011,632.896602378071,657.981413946119,657.981413946119,677.344406644428,677.344406644428,678.944775962179,679.601515021111,682.141768593105,682.141768593105,684.40146175731,684.894857618656,694.77584030322,814.798745924895,814.798745924895,816.966067061846,818.763343455517,819.921504806661,820.465201105025,820.465201105025,1330.55793829424,1330.55793829424,1339.81354732086,1341.96592297174,1341.88790448449,1342.80933527689,1360.65319176477,1363.67992239788,1697.63140273087,1730.12088418233,1730.83885852316,1731.12509463705,1731.09749815719,1736.46755939545,1736.13463059889,1736.25767475394,1736.03717886046,1736.03717886046,1737.7268510429,1737.7268510429,1760.23566254515,1760.23566254515,1760.05410242715,1762.07123165936,1768.38488866244,1773.22195717903,1780.86472049664,1839.08048680091,1848.1897759366,1848.1897759366,71.9231522783378,118.528817474908,20.2874746523892,23.0519961962994,59.2785670005907
2006-05-15,441.344740496348,441.344740496348,441.344740496348,446.957713083575,447.883263610441,455.448088594199,476.03398350071,478.568646009289,481.3079469614,561.430642795057,561.430642795057,585.596094369105,585.596094369105,600.124287510871,600.124287510871,611.003804942774,611.003804942774,611.003804942774,611.447728401542,636.113959993713,636.113959993713,657.275977761532,657.275977761532,659.489901060214,660.215062320446,664.109036585739,664.109036585739,667.141650545264,667.740704953603,677.545726375279,798.545482019606,798.545482019606,802.024288069246,804.136068760197,806.897975227554,808.490800302256,808.490800302256,1329.66649610968,1329.66649610968,1339.85350435596,1342.32954618049,1342.48770060121,1343.64896399514,1361.51260267219,1365.28418660006,1692.69318820554,1725.06135421166,1726.42919968648,1727.03524347107,1727.25944471738,1732.46386876844,1732.56297904852,1733.07273477175,1733.22748524362,1733.22748524362,1734.89899328476,1734.89899328476,1757.69813833113,1757.69813833113,1757.7790510994,1760.51041577686,1766.69223370405,1772.23225996789,1780.51803358877,1840.26235772778,1849.66562452931,1849.66562452931,68.6605052214685,117.832118874968,19.5756429304498,22.7200913592405,59.787442721007
2006-05-16,432.901551755798,432.901551755798,432.901551755798,437.82109065259,438.665940500663,444.555652726512,464.200418347373,466.440177663204,468.719701638653,545.439628641718,545.439628641718,567.784968875487,567.784968875487,581.167341925275,581.167341925275,591.400942962921,591.400942962921,591.400942962921,591.813648432598,615.47526051362,615.47526051362,636.266740822201,636.266740822201,638.640421196733,639.384951231055,643.793436114696,643.793436114696,647.075032389008,647.70535455237,657.231781200555,777.489662264772,777.489662264772,781.694726028768,784.064768391229,787.731194894451,789.890603184798,789.890603184798,1319.72543043135,1319.72543043135,1330.42419213711,1333.08045537301,1333.38089508859,1334.68052640241,1352.29900312166,1356.50100432451,1676.53706814855,1708.41355997355,1710.15472126442,1710.94530914194,1711.31731130366,1716.34734649416,1716.70335443848,1717.43954739147,1717.81822664467,1717.81822664467,1719.46990491149,1719.46990491149,1742.32493979163,1742.32493979163,1742.56429035529,1745.70037892997,1751.74797833049,1757.66109808882,1766.26273836411,1827.10677839818,1836.63116831995,1836.63116831995,66.5619780963005,116.259660150595,18.9112789278441,22.4003775347963,60.2366214736196
2006-05-17,426.039836374743,426.039836374743,426.039836374743,430.557676116834,431.33486588936,436.183672973537,454.876500625247,456.851726051059,458.783651559763,532.152068269808,532.152068269808,552.970924931052,552.970924931052,565.234415117638,565.234415117638,574.577447339574,574.577447339574,574.577447339574,574.952472061967,597.471113198187,597.471113198187,616.877345811765,616.877345811765,619.10731501697,619.810517547756,624.082644545258,624.082644545258,627.303507443612,627.917211475287,637.036457914279,754.631974900988,754.631974900988,759.04618214845,761.385924263725,765.367693473797,767.833049760504,767.833049760504,1298.96316325112,1298.96316325112,1310.2191380813,1313.07282658621,1313.53458412891,1314.98776835285,1332.4418627114,1337.09777357243,1651.25277436895,1682.58332193351,1684.61485015106,1685.54756384182,1686.03361384394,1690.89850692541,1691.45318110492,1692.36044312889,1692.90857727096,1692.90857727096,1694.54009493837,1694.54009493837,1717.37210387521,1717.37210387521,1717.73033729946,1721.1502012848,1727.06262907115,1733.2140056784,1741.98510512509,1803.59416382369,1813.15026617124,1813.15026617124,64.309778024706,113.379999409208,18.2819082581299,22.0938053252004,60.5274369269467
2006-05-18,462.495400092082,462.495400092082,462.495400092082,464.548920658135,465.407044025896,461.796669767546,478.996905470431,479.570488987377,478.609833266473,550.314424626969,550.314424626969,565.071897034395,565.071897034395,572.929363115827,572.929363115827,576.947688783138,576.947688783138,576.947688783138,577.226011420042,597.117344292547,597.117344292547,609.929973220314,609.929973220314,611.023469807208,611.759581480484,616.713612382642,616.713612382642,618.885978112925,619.325100381565,627.844308427429,751.245194526595,751.245194526595,755.042973306015,759.245916674542,762.775180646696,764.512778992682,764.512778992682,1331.7414908633,1331.7414908633,1341.58932771213,1343.71496597774,1343.37039249062,1344.0076491828,1358.79470569394,1360.94586582012,1671.92860011296,1699.94517659963,1700.56148080131,1700.85196925963,1700.81395332915,1705.36484773611,1705.10063827684,1705.27188818683,1705.14096732586,1705.14096732586,1706.71952305934,1706.71952305934,1728.20520621198,1728.20520621198,1728.12552941214,1730.21139158963,1735.96380860542,1740.7220007268,1748.14792064777,1808.54545776254,1817.46123201422,1817.46123201422,67.8259146513153,120.958545135245,17.6780875073119,21.7996753155957,60.6133039955905
2006-05-19,496.936556542745,496.936556542745,496.936556542745,498.198727162993,498.961552047916,492.068506648387,507.488803578652,507.206705380874,505.068748185574,575.151582801665,575.151582801665,587.322072783545,587.322072783545,592.404852677565,592.404852677565,592.413971528884,592.413971528884,592.413971528884,592.537917269717,609.627120253148,609.627120253148,615.374330124937,615.374330124937,615.17371784059,615.619521522543,616.387869140335,616.387869140335,617.582755853413,617.884891848998,625.696811710972,752.094821219738,752.094821219738,754.758723769013,756.874404081256,758.456523502563,759.4857936557,759.4857936557,1324.90320670192,1324.90320670192,1335.78419138868,1338.23466477993,1338.44027233097,1339.59916469109,1355.25739855649,1358.73894638663,1677.44737331779,1705.23062479333,1706.17287677119,1706.56779101897,1706.63735558497,1711.06092041187,1710.96066411862,1711.25499756135,1711.23333783321,1711.23333783321,1712.79533184294,1712.79533184294,1734.13667981798,1734.13667981798,1734.11083095266,1736.24909534843,1741.87961722754,1746.57275815229,1753.82151593941,1814.02172591347,1822.76014746129,1822.76014746129,68.570033047047,125.980143319398,17.106154256164,21.5107610980551,60.439715434562
2006-05-20,538.728521479132,538.728521479132,538.728521479132,539.50477070284,540.201485684274,531.122445050366,545.779795842818,545.055187345847,541.986045506072,615.499301573438,615.499301573438,625.619678831946,625.619678831946,628.32565940033,628.32565940033,624.2677273606,624.2677273606,624.2677273606,624.437573395162,640.054543029175,640.054543029175,637.586119375308,637.586119375308,635.687628883952,635.923048356562,633.307642749749,633.307642749749,632.734924881737,632.768580083522,639.623565296866,770.458432712051,770.458432712051,770.934907461475,772.452468675689,771.598075357704,771.159617471457,771.159617471457,1340.8842442663,1340.8842442663,1349.79477010821,1351.54086006077,1351.44148492839,1352.29887589466,1366.63648856104,1369.28195928151,1703.38383837426,1729.27478711395,1729.59724176498,1729.69421652436,1729.53574611211,1733.74828623637,1733.30286847106,1733.28312187881,1732.97563790958,1732.97563790958,1734.50627709364,1734.50627709364,1755.11669881499,1755.11669881499,1754.90712546956,1756.44972129443,1761.95189066081,1765.98137436473,1772.53765103038,1831.78656730762,1840.15687761985,1840.15687761985,74.2238877690286,133.318242010598,16.5672640590908,21.2200924411605,60.0468264788749
2006-05-21,565.905005366554,565.905005366554,565.905005366554,567.602911520259,568.339221986866,561.789858698526,576.425237866664,575.997017483956,573.464596318661,649.887281256757,649.887281256757,660.965305462791,660.965305462791,663.426369965312,663.426369965312,658.534605937979,658.534605937979,658.534605937979,658.587560484989,673.24847775762,673.24847775762,667.446743973186,667.446743973186,664.700248356791,664.811299042223,660.229721614156,660.229721614156,658.469610055015,658.3209763743,664.358284518933,799.732902999534,799.732902999534,798.669426226358,799.784261007493,797.199519585194,795.65199062768,795.65199062768,1369.40755684199,1369.40755684199,1376.73240428386,1377.98326707303,1377.65998753891,1378.28063487715,1391.42238863657,1393.22464446752,1748.3648704446,1772.44845942859,1772.12168583104,1771.89869738017,1771.49152174417,1775.49458532499,1774.65684902009,1774.27309186969,1773.62608550577,1773.62608550577,1775.12340510516,1775.12340510516,1794.89343576139,1794.89343576139,1794.45457445354,1795.25404645876,1800.6328002859,1803.82749590418,1809.51480148681,1867.38677779437,1875.30090997558,1875.30090997558,76.1473779110387,139.652785722608,16.0631850866586,20.9223848144343,59.4719952670972
2006-05-22,596.371030533477,596.371030533477,596.371030533477,598.123932731304,598.874940571652,592.87641987339,607.535551550958,607.177877019288,604.790001876244,684.468795811943,684.468795811943,696.924607148813,696.924607148813,699.963204845192,699.963204845192,694.988138877191,694.988138877191,694.988138877191,695.14000179226,710.313654612523,710.313654612523,702.747934481729,702.747934481729,699.4980600422,699.559035147473,694.052905772813,694.052905772813,691.658533461543,691.400514132467,697.02907160441,837.268215845608,837.268215845608,835.320966377502,836.418110300253,832.997074431313,830.750170169197,830.750170169197,1415.39770509921,1415.39770509921,1421.67279303121,1422.34967620483,1421.73568198078,1422.05374083983,1434.05782101834,1434.82726990782,1812.93529144747,1835.34705560854,1834.42291381069,1833.97483971222,1833.35883046142,1837.22696642982,1835.99351268646,1835.24024058694,1834.26875939884,1834.26875939884,1835.73939647227,1835.73939647227,1854.69231438061,1854.69231438061,1854.01487087885,1854.04397884024,1859.30957687775,1861.63775727068,1866.42205105783,1922.73025675708,1930.1731599632,1930.1731599632,78.8419362109058,145.471637257851,15.6768352267622,20.6689400777932,58.7646748732469
2006-05-23,612.793723957004,612.793723957004,612.793723957004,615.306403018527,616.102038117843,612.880609635618,627.915406307421,628.082302327391,626.652282595828,706.928913244788,706.928913244788,721.735175146306,721.735175146306,726.389490888504,726.389490888504,723.407291997702,723.407291997702,723.407291997702,723.544421897969,739.518515702525,739.518515702525,734.177904283108,734.177904283108,731.270898976601,731.343796783431,726.033613216704,726.033613216704,723.70316015839,723.453569877976,728.878630827002,871.42419254595,871.42419254595,869.610186143261,870.606340291974,866.994372051576,864.714393213343,864.714393213343,1450.83676762851,1450.83676762851,1457.09886245413,1457.99583421164,1457.51654847308,1457.94742491432,1469.90892836757,1470.92178130275,1867.77311938142,1890.05362164485,1889.32630181716,1888.89778944993,1888.33568468207,1892.11654830909,1891.02079936486,1890.37828365678,1889.48930304545,1889.48930304545,1890.94902891691,1890.94902891691,1909.7570086429,1909.7570086429,1909.1406305073,1909.27189620363,1914.45034690974,1916.79245436596,1921.50195812448,1977.07764901925,1984.41075877315,1984.41075877315,77.4721883772166,147.384856538421,15.3254817395931,20.3685850664391,57.9731407395921
2006-05-24,611.860770620836,611.860770620836,611.860770620836,615.546142375956,616.386656450833,617.372836304553,633.123329220672,634.099436293416,634.135593114493,713.161019583861,713.161019583861,730.592417217191,730.592417217191,737.795377131147,737.795377131147,738.313067639085,738.313067639085,738.313067639085,738.510247013712,755.865754355113,755.865754355113,755.492936946955,755.492936946955,753.525788063747,753.690146578027,749.864331004529,749.864331004529,748.318015861909,748.173822244016,753.710321688892,895.941987913748,895.941987913748,895.108792754282,896.315022531444,893.664567576603,891.966504629847,891.966504629847,1475.82552502182,1475.82552502182,1482.57354173704,1483.71412736461,1483.38902692775,1483.96025976574,1496.0392379004,1497.49451526849,1903.5641538978,1926.22274085058,1926.07635054789,1925.92878202242,1925.59148742804,1929.32590330128,1928.59165754192,1928.26628034948,1927.68112392457,1927.68112392457,1929.13706434819,1929.13706434819,1948.13716050773,1948.13716050773,1947.72278895474,1948.39343093194,1953.50041365298,1956.33250664496,1961.44718835575,2016.84785501937,2024.31548331327,2024.31548331327,73.5201640548973,145.552876906099,14.9736328990512,20.0759540482723,57.1359597411265
2006-05-25,595.482989492251,595.482989492251,595.482989492251,600.238708827428,601.110173742076,606.317574288136,622.829212892404,624.655271066418,626.244419608635,703.022837780071,703.022837780071,722.928253427987,722.928253427987,732.796363567292,732.796363567292,737.314301883398,737.314301883398,737.314301883398,737.602443586245,756.565374985085,756.565374985085,762.6836067696,762.6836067696,762.033790993825,762.344857283257,760.839137949252,760.839137949252,760.538058745813,760.573866828211,766.433841567672,905.709187459188,905.709187459188,906.445643135979,908.026925044493,907.078688375759,906.436434326828,906.436434326828,1483.41505279991,1483.41505279991,1491.24414124678,1492.8250388644,1492.75528920434,1493.5659269609,1506.0897664008,1508.31392983575,1912.48294840261,1935.90515590181,1936.5846477064,1936.84112080888,1936.82708931286,1940.54479100292,1940.33092522291,1940.46842132342,1940.32755886697,1940.32755886697,1941.78829496731,1941.78829496731,1961.20820473754,1961.20820473754,1961.09327548441,1962.60125948717,1967.64923769604,1971.29144353506,1977.13160619685,2032.72550314865,2040.48707056592,2040.48707056592,68.5487034727514,140.327351589098,14.6172259012731,19.781336757555,56.2769690229851
2006-05-26,568.673049642673,568.673049642673,568.673049642673,574.153497300141,575.02748824889,583.482965159317,600.523328957948,603.02670223764,605.893183680268,679.797471319761,679.797471319761,701.555477312141,701.555477312141,713.652908621136,713.652908621136,721.789892439202,721.789892439202,721.789892439202,722.16562293967,742.561909234631,742.561909234631,755.157230053183,755.157230053183,755.896652446176,756.360696912349,757.42159938953,757.42159938953,758.523044138089,758.761638212191,765.032450971136,899.090640516997,899.090640516997,901.609720415067,903.622275575187,904.679099876418,905.302846846152,905.302846846152,1470.43205937905,1470.43205937905,1479.63493169979,1481.76332306967,1482.0053719894,1483.11081967974,1496.27923847062,1499.47845181991,1892.12506803645,1916.44269486403,1918.03371949521,1918.7377261304,1919.0822748985,1922.79774664796,1923.16220453785,1923.81702140023,1924.17378304494,1924.17378304494,1925.64027727251,1925.64027727251,1945.56328647563,1945.56328647563,1945.78639974255,1948.25383218604,1953.24922163552,1957.83966632045,1964.54806383819,2020.4984315091,2028.62769633065,2028.62769633065,63.5148518530042,132.6200688726,14.2592895330671,19.4801008801235,55.4070610479162
2006-05-27,537.660105849876,537.660105849876,537.660105849876,543.402592020877,544.244202658413,554.464326376148,571.643358420377,574.53181956743,578.188221741187,648.690465275434,648.690465275434,671.418746587088,671.418746587088,684.938514595117,684.938514595117,695.727940845633,695.727940845633,695.727940845633,696.168612810135,717.527819759972,717.527819759972,735.371003866128,735.371003866128,737.303649576296,737.897554558257,741.24688840293,741.24688840293,743.614782779915,744.037054984641,750.679502458793,877.866536691734,877.866536691734,882.013648633764,884.41569740535,887.369584928182,889.208907884761,889.208907884761,1437.95360246719,1437.95360246719,1448.49634599627,1451.16228709304,1451.71105039256,1453.10645417933,1466.91669937016,1471.09592971631,1846.05285130394,1871.12422572814,1873.53703093887,1874.64587674803,1875.31623650168,1879.02660762141,1879.91820517537,1881.04575497168,1881.85897873301,1881.85897873301,1883.32907825713,1883.32907825713,1903.68587515396,1903.68587515396,1904.22135299081,1907.57867817178,1912.52517774651,1917.9993401521,1925.52312925844,1981.76409934052,1990.24275357792,1990.24275357792,58.8783999563985,123.517328858374,13.9031135537814,19.1721538921371,54.5327770352965
2006-05-28,506.673291713045,506.673291713045,506.673291713045,512.338069783461,513.125405811755,523.863022117702,540.844890316318,543.858145625878,547.843452954867,614.634991793553,614.634991793553,637.438423456278,637.438423456278,651.537133472335,651.537133472335,663.828596732717,663.828596732717,663.828596732717,664.303117530472,686.050135662539,686.050135662539,707.343598459018,707.343598459018,710.124509581727,710.800294792453,715.845696842298,715.845696842298,719.168250152206,719.730998099185,726.616646235182,845.990098889983,845.990098889983,851.37478901128,854.065331759313,858.519900697657,861.337008022928,861.337008022928,1390.17647256105,1390.17647256105,1401.77949099682,1404.88288635399,1405.68550675523,1407.31836856465,1421.62065985251,1426.61925008957,1781.57387146718,1807.08130721312,1810.11051555637,1811.52389289874,1812.44084524862,1816.12932687312,1817.42252975091,1818.91019131231,1820.07345817433,1820.07345817433,1821.54499693649,1821.54499693649,1842.15942438646,1842.15942438646,1842.93635655403,1846.97740768626,1851.87387943266,1858.0210311763,1866.16476216385,1922.44976972947,1931.19016654419,1931.19016654419,54.8011805960468,114.020957518899,13.5578463630841,18.8574297518887,53.6489390357083
2006-05-29,485.165520606648,485.165520606648,485.165520606648,490.215058626816,490.916257249392,500.039256079495,516.422683639689,519.118375369727,522.64331619446,586.646916039232,586.646916039232,608.445714464675,608.445714464675,622.078360346719,622.078360346719,634.117284152206,634.117284152206,634.117284152206,634.647479906704,656.396337285869,656.396337285869,678.236012105695,678.236012105695,681.230606296697,681.952843413659,687.643094532127,687.643094532127,691.364944146098,691.980530669161,698.956148348981,810.550644446762,810.550644446762,816.463173716381,819.308065774604,824.579672499231,827.902918095133,827.902918095133,1338.25912076203,1338.25912076203,1350.28791486756,1353.53782180977,1354.44289217057,1356.16478609748,1370.56785273375,1375.91243096567,1712.07720143837,1737.41554799007,1740.65709300914,1742.17843122959,1743.18682538345,1746.81577204197,1748.26466581125,1749.89139749574,1751.1958203627,1751.1958203627,1752.66008917893,1752.66008917893,1773.19600861244,1773.19600861244,1774.07486243186,1778.39046621709,1783.23040918051,1789.63160782548,1798.00197889978,1853.84038268187,1862.66439661545,1862.66439661545,52.9836025621067,105.544720377228,13.2256600319519,18.5395025806979,52.7506771620201
2006-05-30,468.437218665777,468.437218665777,468.437218665777,472.90995799899,473.550319321184,481.137880663621,496.856769677403,499.222455672678,502.234402952698,562.949996108046,562.949996108046,583.495746443021,583.495746443021,596.013832302864,596.013832302864,607.058036764811,607.058036764811,607.058036764811,607.52382089427,628.473768168116,628.473768168116,649.581455190681,649.581455190681,652.589622851715,653.26528647109,659.063844804687,659.063844804687,662.83429630587,663.457620496921,670.312802990787,775.057115079635,775.057115079635,781.025052392984,783.826889465493,789.243557044021,792.73955542276,792.73955542276,1285.97159657366,1285.97159657366,1297.77647627679,1301.05160513175,1301.97793356169,1303.70861705227,1317.8970950589,1323.29865501093,1643.90690885927,1668.7328950147,1671.9687914007,1673.48930919256,1674.502319945,1678.05114911705,1679.51360499954,1681.14897878072,1682.46878039356,1682.46878039356,1683.92130779228,1683.92130779228,1704.17345408695,1704.17345408695,1705.06640991374,1709.39223838143,1714.17416849395,1720.55094151774,1728.87382009952,1783.9035708925,1792.67923805069,1792.67923805069,50.8121504122438,98.6721176259695,12.9051824542471,18.2232599539293,51.8359696532167
2006-05-31,452.844112168073,452.844112168073,452.844112168073,457.017207155233,457.619028633451,464.395643159702,479.582322279454,481.775126869682,484.503464024824,542.340554254973,542.340554254973,561.790064291072,561.790064291072,573.449585262134,573.449585262134,583.522620906491,583.522620906491,583.522620906491,583.941506034086,603.996073707004,603.996073707004,623.609431537247,623.609431537247,626.418857994722,627.052427637662,632.518112778459,632.518112778459,636.103558931555,636.698457907699,643.318676422787,742.498695242466,742.498695242466,748.143211041456,750.813482960363,755.990017584878,759.374133291034,759.374133291034,1238.96352628999,1238.96352628999,1250.20701989244,1253.32173940237,1254.18138878384,1255.83122639542,1269.54505464567,1274.70413083758,1583.19416759011,1607.20787612313,1610.22680422492,1611.64260211047,1612.57787289362,1616.02636688186,1617.37004050388,1618.8939890665,1620.11454457592,1620.11454457592,1621.5524053266,1621.5524053266,1641.33564806392,1641.33564806392,1642.16439199245,1646.26833926686,1650.98510111589,1657.09571154065,1665.13745017271,1719.05021207347,1727.66787786361,1727.66787786361,48.7699916553554,93.5371625792837,12.5953852959936,17.9075049290607,50.9062171102338
2006-06-01,436.914608418171,436.914608418171,436.914608418171,441.009480936365,441.58602166332,448.200386133317,463.013472033719,465.141197671035,467.77615162993,523.308772687504,523.308772687504,541.918115333129,541.918115333129,552.951597516333,552.951597516333,562.362235285677,562.362235285677,562.362235285677,562.749813970325,582.082089229618,582.082089229618,600.338702155093,600.338702155093,602.892487766375,603.472382946618,608.499103520423,608.499103520423,611.835345699527,612.390124132272,618.74773021894,713.79957615937,713.79957615937,718.975555037003,721.48210111869,726.232467481517,729.361660864894,729.361660864894,1199.82641674574,1199.82641674574,1210.27550621022,1213.1364554066,1213.87873918143,1215.39671065771,1228.45775846546,1233.19200598525,1531.68444048923,1554.78710785107,1557.50858940333,1558.77891892378,1559.60360550623,1562.94731053978,1564.1172941652,1565.47887130364,1566.55037274288,1566.55037274288,1567.97030889186,1567.97030889186,1587.2030663849,1587.2030663849,1587.93196961229,1591.70530181468,1596.35748696064,1602.08464911559,1609.7308114913,1662.36272497274,1670.76325410026,1670.76325410026,46.9331412007066,89.9842044791661,12.2958669852877,17.5935252062094,49.9660623408441
2006-06-02,419.462403802237,419.462403802237,419.462403802237,423.601699224468,424.161152678891,431.072569217002,445.661990189892,447.821392645758,450.534685847363,504.233589123068,504.233589123068,522.324328490813,522.324328490813,533.04786103623,533.04786103623,542.182842521047,542.182842521047,542.182842521047,542.552000615642,561.348591724883,561.348591724883,578.78770058615,578.78770058615,581.176685206751,581.717805132231,586.4058103153,586.4058103153,589.540673568562,590.06199004897,596.181125377286,688.228626449604,688.228626449604,692.986521524528,695.342414941527,699.669328074874,702.546049589148,702.546049589148,1168.13781088255,1168.13781088255,1177.77882701636,1180.37480593399,1180.99657892348,1182.37919449987,1194.78525074083,1199.06673931291,1488.0442485951,1510.30273076648,1512.75362132643,1513.89066291792,1514.61386501809,1517.85832886614,1518.86734701336,1520.07702936631,1521.00822282317,1521.00822282317,1522.41125541525,1522.41125541525,1541.10786085206,1541.10786085206,1541.74114738556,1545.19429248316,1549.78331628515,1555.13560664781,1562.3902153032,1613.72950449843,1621.9096262393,1621.9096262393,45.2156127977466,87.4737284635998,12.0063720998478,17.2827214233916,49.0222956860567
2006-06-03,400.489869272025,400.489869272025,400.489869272025,404.68712761836,405.228857632917,412.586011476823,427.010890698096,429.242061033459,432.115988903633,484.235900814031,484.235900814031,502.029285688689,502.029285688689,512.663389948637,512.663389948637,521.874371978916,521.874371978916,521.874371978916,522.234420448747,540.684492542423,540.684492542423,557.860108987805,557.860108987805,560.193757122307,560.714819385755,565.243476872294,565.243476872294,568.276740034332,568.779376930454,574.710383969825,664.397960154316,664.397960154316,668.886256710563,671.11660099125,675.176102416236,677.885013719455,677.885013719455,1141.66229705761,1141.66229705761,1150.68817886037,1153.09482193072,1153.62148874276,1154.8939795113,1166.7377127873,1170.65350391237,1449.33512213574,1470.91382700634,1473.18456146433,1474.23216003787,1474.88820213954,1478.04599521226,1478.94792685062,1480.05396714612,1480.8899613305,1480.8899613305,1482.27833820265,1482.27833820265,1500.51367766532,1500.51367766532,1501.08094181362,1504.3015999626,1508.83049862984,1513.89610859887,1520.84363359646,1570.98560971188,1578.98198266596,1578.98198266596,43.557360105066,85.3781858177285,11.7266094592498,16.9758628730082,48.0817092699161
2006-06-04,380.786085911978,380.786085911978,380.786085911978,384.983031907259,385.502615179806,393.192790858957,407.435279595657,409.723766333494,412.741473745389,463.363482206436,463.363482206436,480.921354640787,480.921354640787,491.532463476493,491.532463476493,500.918748515845,500.918748515845,500.918748515845,501.276348304015,519.477278466118,519.477278466118,536.784008190945,536.784008190945,539.149729238029,539.66276337832,544.219399317444,544.219399317444,547.240032379517,547.737430384172,553.530292011858,640.977507661994,640.977507661994,645.365106386595,647.523163240049,651.49287273087,654.142096541341,654.142096541341,1117.21089152943,1117.21089152943,1125.88508864485,1128.19508971222,1128.68653067018,1129.90835479506,1141.38560205614,1145.10359027579,1412.23098463164,1433.32231321978,1435.52573411803,1436.53916365572,1437.17158458903,1440.25733995265,1441.12153528977,1442.1867273047,1442.98689469594,1442.98689469594,1444.36332336762,1444.36332336762,1462.23681525909,1462.23681525909,1462.77800570204,1465.88578752415,1470.35853048989,1475.26206231298,1482.02281708598,1531.11759910651,1538.98503185995,1538.98503185995,41.9751091635861,83.1703588191707,11.456188733391,16.6733636519396,47.1526063985798
2006-06-05,361.33569763337,361.33569763337,361.33569763337,365.452084789846,365.943104590262,373.719678402518,387.725572496157,390.0277494798,393.11358893462,442.228986462196,442.228986462196,459.484535434678,459.484535434678,470.012589768455,470.012589768455,479.548225148438,479.548225148438,479.548225148438,479.904348075712,497.84790353353,497.84790353353,515.385686755655,515.385686755655,517.813216270484,518.322796133955,522.948287286629,522.948287286629,526.007392721902,526.507342815042,532.190774000223,617.115426866252,617.115426866252,621.525154388025,623.646118844711,627.666545016706,630.345667569148,630.345667569148,1091.67337560652,1091.67337560652,1100.31266223621,1102.62873470036,1103.13409801656,1104.35478426001,1115.63907702067,1119.34064742469,1373.85202149798,1394.63574630076,1396.87588894954,1397.90640207763,1398.55569153609,1401.58329782683,1402.47477841066,1403.55834257476,1404.3789911008,1404.3789911008,1405.74599859,1405.74599859,1423.35320752905,1423.35320752905,1423.90671020107,1427.01787094039,1431.43872198493,1436.30076896706,1443.00492743857,1491.21111803231,1499.00491355391,1499.00491355391,40.4939140428142,80.524192142029,11.1976260155071,16.3754388034668,46.2421977913944
2006-06-06,342.904169811548,342.904169811548,342.904169811548,346.869489927334,347.327848442719,354.935260522176,368.640849222697,370.908878881516,373.975001415642,421.534091219743,421.534091219743,438.371359280423,438.371359280423,448.699110342217,448.699110342217,458.246449754692,458.246449754692,458.246449754692,458.598466021948,476.227148474554,476.227148474554,493.83407598216,493.83407598216,496.312942516008,496.818468169918,501.525542936599,501.525542936599,504.621890260681,505.124899534237,510.706433346492,592.623301677474,592.623301677474,597.113926079246,599.211101739826,603.340879238899,606.090720714166,606.090720714166,1062.97239656883,1062.97239656883,1071.77122874952,1074.17137731311,1074.73121083366,1075.9917198424,1087.22373522184,1091.04086075029,1332.44056331661,1353.03738394506,1355.38421045552,1356.46655070455,1357.1602412347,1360.13994754149,1361.10341860641,1362.24642238998,1363.12685099487,1363.12685099487,1364.48509450465,1364.48509450465,1381.89429065601,1381.89429065601,1382.48736242659,1385.68453038328,1390.05780928835,1394.96913041229,1401.68502334443,1449.14460491405,1456.90742150125,1456.90742150125,39.1148772298284,77.3318287055123,10.9461702514744,16.0814875944975,45.3673379798844
2006-06-07,326.047231294559,326.047231294559,326.047231294559,329.803943387412,330.22619102199,337.446115934867,350.799513606468,352.978827022467,355.945484064519,401.914287347834,401.914287347834,418.2120071389,418.2120071389,428.212748220687,428.212748220687,437.595386496335,437.595386496335,437.595386496335,437.939267595616,455.17433458966,455.17433458966,472.611458628667,472.611458628667,475.09475894633,475.590919907069,480.311500375405,480.311500375405,483.409802503677,483.910584688701,489.384205732564,567.741137707432,567.741137707432,572.26891833683,574.342371616012,578.596411621394,581.417257004212,581.417257004212,1030.29792374823,1030.29792374823,1039.35461846678,1041.87554305418,1042.50925605061,1043.82974767223,1055.08411415379,1059.11621021227,1287.54008838871,1308.00106848422,1310.48044371109,1311.62778709877,1312.37638976264,1315.31284015911,1316.3659217805,1317.58497374436,1318.54132203742,1318.54132203742,1319.8936454619,1319.8936454619,1337.13581232351,1337.13581232351,1337.78008236087,1341.100356957,1345.42716623133,1350.42986048992,1357.21196252302,1403.98689453005,1411.74074117436,1411.74074117436,37.8416284327649,73.6626645295858,10.7052997451986,15.7914372229585,44.5029099335106
2006-06-08,311.108550052504,311.108550052504,311.108550052504,314.617783905803,315.002182260991,321.669938191858,334.632933875119,336.692263179814,339.493817281506,383.85576465906,383.85576465906,399.512535521657,399.512535521657,409.073883963412,409.073883963412,418.122168109814,418.122168109814,418.122168109814,418.453849358362,435.216558605968,435.216558605968,452.210134229407,452.210134229407,454.642511363419,455.122880876927,459.761522327934,459.761522327934,462.810488302261,463.301669337993,468.65194113624,543.050170288868,543.050170288868,547.561579288793,549.594412499674,553.874298317256,556.730504719424,556.730504719424,993.992302899738,993.992302899738,1003.30260612371,1005.9442613005,1006.65132397352,1008.03210396368,1019.32331243088,1023.56616527632,1239.6707966133,1259.987996323,1262.58938335337,1263.79728924423,1264.59734583559,1267.49302058957,1268.63073940071,1269.92186457818,1270.95061960539,1270.95061960539,1272.29647954026,1272.29647954026,1289.37085917893,1289.37085917893,1290.06456157093,1293.50501424118,1297.78646459102,1302.88001016244,1309.73065389818,1355.85596594432,1363.60455641044,1363.60455641044,36.6684188997583,69.6739707762762,10.4688150695553,15.5052591873188,43.6724557842082
2006-06-09,298.279189681087,298.279189681087,298.279189681087,301.513756837344,301.859832380911,307.859226164058,320.406091099273,322.320838437641,324.910569892733,367.673214662307,367.673214662307,382.614640255063,382.614640255063,391.650626726358,391.650626726358,400.223804107095,400.223804107095,400.223804107095,400.539551362499,416.763479801826,416.763479801826,433.061948853913,433.061948853913,435.389799135308,435.848095290902,440.306518636745,440.306518636745,443.25252938274,443.726356428459,448.935632769867,519.123487385907,519.123487385907,523.544644066692,525.519215863882,529.755624020034,532.593259695826,532.593259695826,955.102373299919,955.102373299919,964.594941006351,967.330984937826,968.097106174591,969.524648588223,980.81673264342,985.229573769794,1190.05249871293,1210.17792172789,1212.8642691493,1214.11446535635,1214.95154485602,1217.8042740043,1219.00400837067,1220.34712948661,1221.42938145989,1221.42938145989,1222.76795429069,1222.76795429069,1239.64572957969,1239.64572957969,1240.37651338373,1243.9018685872,1248.13850613278,1253.28862469518,1260.17890730099,1305.64814737199,1313.37975102092,1313.37975102092,35.5867351316011,65.5396694249593,10.2434098273543,15.2199288516999,42.874154205747
2006-06-10,287.80491847893,287.80491847893,287.80491847893,290.73382280262,291.040683686984,296.253376617709,308.353237890594,310.100050715648,312.435762390596,353.616332589384,353.616332589384,367.77852082206,367.77852082206,376.218517987672,376.218517987672,384.200199524225,384.200199524225,384.200199524225,384.497356733156,400.129689964262,400.129689964262,415.516872771916,415.516872771916,417.6929325865,418.123650434423,422.312348680781,422.312348680781,425.106090246985,425.555347196472,430.606851650439,496.488983976764,496.488983976764,500.74446096157,502.642771746371,506.752609199066,509.51891250555,509.51891250555,914.930146272187,914.930146272187,924.498763587325,927.290767872856,928.095159410468,929.54937512189,940.785861137768,945.303490453962,1140.10574977668,1159.95900971285,1162.68084112898,1163.94509324648,1164.79747189862,1167.60331252883,1168.83529913695,1170.20366707097,1171.31399310768,1171.31399310768,1172.64413971811,1172.64413971811,1189.2929131097,1189.2929131097,1190.04360219076,1193.6039588302,1197.79572149238,1202.95100583121,1209.8291006606,1254.61525961163,1262.30993109733,1262.30993109733,34.5913307993268,61.4140567205705,10.0251955747105,14.9431402082885,42.1080006191483
2006-06-11,279.910225230357,279.910225230357,279.910225230357,282.504744417436,282.771539848699,287.080303019763,298.716544341369,300.271198310622,302.308594518601,341.91225374986,341.91225374986,355.233338712947,355.233338712947,363.014757696544,363.014757696544,370.298926697981,370.298926697981,370.298926697981,370.575171596152,385.5705739627,385.5705739627,399.855496332765,399.855496332765,401.837958732614,402.236311607949,406.075734652506,406.075734652506,408.672360882331,409.090639712893,413.968492753422,475.57737581122,475.57737581122,479.598738937139,481.403728034985,485.308586096976,487.953964220639,487.953964220639,874.756284922848,874.756284922848,884.29187947854,887.09824460874,887.91840719957,889.377411339511,900.493537609137,905.042835469599,1091.36438171505,1110.89322728352,1113.58582298318,1114.84463705582,1115.69547815752,1118.45025183095,1119.67217163495,1121.02775111625,1122.13008448,1122.13008448,1123.45111936155,1123.45111936155,1139.82292276829,1139.82292276829,1140.56926730412,1144.09400329498,1148.24124056023,1153.33120563242,1160.13616398797,1204.19698438234,1211.82932083202,1211.82932083202,33.6744177429648,57.4128821126478,9.81365087164252,14.6680608316843,41.3723381317178
2006-06-12,274.459433463041,274.459433463041,274.459433463041,276.727400444774,276.956173443148,280.335611237495,291.499830215364,292.855682002072,294.576615749593,332.644766578239,332.644766578239,345.090929256948,345.090929256948,352.172309160702,352.172309160702,358.67990765573,358.67990765573,358.67990765573,358.933434632989,373.256512220626,373.256512220626,386.284893048515,386.284893048515,388.038754580233,388.400840790355,391.822978903051,391.822978903051,394.184761035006,394.566583979681,399.26109230639,456.719322218242,456.719322218242,460.449649451317,462.148379665282,465.780581452774,468.260978037153,468.260978037153,835.676004237598,835.676004237598,845.075582916671,847.857630851067,848.672805889877,850.116369663932,861.053154630661,865.56482104019,1045.16786062133,1064.28368104789,1066.90878996156,1068.1312662781,1068.95676317764,1071.65533391423,1072.84520248113,1074.16777749653,1075.24246457774,1075.24246457774,1076.55314442136,1076.55314442136,1092.59505551259,1092.59505551259,1093.32375486324,1096.77327633308,1100.87553248283,1105.85910890121,1112.53185763487,1155.81886690388,1163.35787397446,1163.35787397446,32.8301189462844,53.6126225305663,9.60892347216537,14.3957544261284,40.6649346993604
2006-06-13,271.664861975559,271.664861975559,271.664861975559,273.581715972971,273.772609475107,276.149098428941,286.827753918774,287.970040323027,289.349584723582,325.912147597486,325.912147597486,337.450710537893,337.450710537893,343.797290271094,343.797290271094,349.4625462242,349.4625462242,349.4625462242,349.691704971447,363.315453692632,363.315453692632,374.958825309927,374.958825309927,376.455234312368,376.777861598731,379.727345705945,379.727345705945,381.822234061831,382.16295945148,386.663438661615,440.152105098637,440.152105098637,443.5444117173,445.126368750936,448.42983145693,450.721403599273,450.721403599273,798.613227236226,798.613227236226,807.78368195165,810.506893932807,811.298139564021,812.707823945389,823.413266001229,827.822593954603,1002.82889969626,1021.45134795972,1023.94472779957,1025.10330542675,1025.88154225703,1028.51926979675,1029.63649557257,1030.88971270324,1031.90239471687,1031.90239471687,1033.20170360993,1033.20170360993,1048.88480869818,1048.88480869818,1049.57228466148,1052.87829216059,1056.93534670563,1061.74069098964,1068.23413083834,1110.70248777811,1118.13263073539,1118.13263073539,32.0537161563933,50.0570709997664,9.4093698220657,14.1263612195316,39.9832063348025
2006-06-14,271.564434629985,271.564434629985,271.564434629985,273.124590999372,273.277856922146,274.603761777257,284.788265365973,285.70583556843,286.723396077893,321.808591977522,321.808591977522,332.409767506096,332.409767506096,337.990623156956,337.990623156956,342.754135477371,342.754135477371,342.754135477371,342.957246236196,355.859782560208,355.859782560208,366.004575760463,366.004575760463,367.217707198798,367.498088506689,369.925692913404,369.925692913404,371.726139577096,372.021784047075,376.319363735047,426.063805461784,426.063805461784,429.077927066713,430.533998660341,433.460166704695,435.50684762392,435.50684762392,764.167793259382,764.167793259382,773.043121654843,775.681545762487,776.434656613372,777.796660002851,788.230269183317,792.490808746485,965.191384340446,983.26234564946,985.581527221649,986.655191042574,987.36939553791,989.943047582715,990.960345926149,992.119301068966,993.045984054285,993.045984054285,994.333109003763,994.333109003763,1009.61386187138,1009.61386187138,1010.24395532132,1013.35822726393,1017.36781909043,1021.94451168538,1028.20516081281,1069.80325517724,1077.09981656829,1077.09981656829,31.3396779446937,46.7824668670151,9.21261405092135,13.8597421864314,39.3223151126496
2006-06-15,274.94755224706,274.94755224706,274.94755224706,276.071395942076,276.182008858592,276.239306396504,285.877832177975,286.530407160474,287.122891912022,320.685136314922,320.685136314922,330.26606849178,330.26606849178,335.008912795008,335.008912795008,338.774320998427,338.774320998427,338.774320998427,338.948609404418,351.092035961942,351.092035961942,359.592086223284,359.592086223284,360.492264558236,360.727063159846,362.57828827529,362.57828827529,364.054733146954,364.301040850455,368.386109367296,414.608173416963,414.608173416963,417.208323618039,418.530094292334,421.0362324726,422.820891286563,422.820891286563,732.892656390314,732.892656390314,741.40682299974,743.935679631722,744.63725948256,745.938639567296,756.064982202306,760.132165366874,932.907127870222,950.383077545759,952.492499179411,953.46370988649,954.099886430318,956.606819744887,957.501595902254,958.545786695153,959.366791324306,959.366791324306,960.641064628149,960.641064628149,975.489892693059,975.489892693059,976.049016663306,978.93133826779,982.89647608928,987.203009458577,993.189207406207,1033.90936348074,1041.05390809776,1041.05390809776,30.6835100263929,43.7789364742269,9.02329553764683,13.5957362399405,38.6819866187884
2006-06-16,282.2915697314,282.2915697314,282.2915697314,282.931288950704,282.996388280023,281.589064616849,290.629655230706,290.975341564413,291.070950211399,323.034787719635,323.034787719635,331.47415940159,331.47415940159,335.271411393421,335.271411393421,337.895080686926,337.895080686926,337.895080686926,338.036360119574,349.357528569975,349.357528569975,355.99999211777,355.99999211777,356.545882832218,356.730218409259,357.931740671225,357.931740671225,359.044922107287,359.236234176314,363.09480710886,405.997149869135,405.997149869135,408.140471172462,409.317554906727,411.358660450811,412.854338991726,412.854338991726,705.233589771915,705.233589771915,713.356019332065,715.752946280431,716.390303645464,717.617858280055,727.402602714736,731.234525214016,906.532229653466,923.364975611045,925.23305004966,926.086248336116,926.631980836098,929.070176719393,929.822414424375,930.733711770938,931.431656223433,931.431656223433,932.692492907918,932.692492907918,947.084724257324,947.084724257324,947.560988619088,950.175963184057,954.097013884689,958.09765661753,963.774425986153,1003.57939854507,1010.55781368586,1010.55781368586,30.0867716294854,41.0391882220285,8.83675931574657,13.3352391283464,38.0595524426914
2006-06-17,294.47834435173,294.47834435173,294.47834435173,294.602388377104,294.61802986855,291.517046741967,299.881074984186,299.859676125703,299.357907476379,329.611342787402,329.611342787402,336.735295166901,336.735295166901,339.42750135143,339.42750135143,340.701169505431,340.701169505431,340.701169505431,340.803355261708,351.204264310659,351.204264310659,355.677863897103,355.677863897103,355.80916558662,355.938681153671,356.449654527068,356.449654527068,357.143281004912,357.270047279059,360.882861429315,400.897835104151,400.897835104151,402.561193280227,403.668218432762,405.226473595192,406.336805690309,406.336805690309,682.533541981546,682.533541981546,690.079199410556,692.289696743554,692.835536523812,693.963811524382,703.330999488589,706.843105758404,888.137570439017,904.242711375249,905.82538890057,906.621582523053,907.083446281781,909.492521071043,910.045297198359,910.76821862396,911.290997407362,911.290997407362,912.540507483473,912.540507483473,926.395800450278,926.395800450278,926.754970186983,929.003498313062,932.878657555448,936.488179728264,942.13154062762,981.392742832718,988.151748976192,988.151748976192,29.5677992483244,38.7834790150452,8.7376145919039,13.0764772839263,37.9688855763438
2006-06-18,313.127406032294,313.127406032294,313.127406032294,312.652367522315,312.610358837513,307.424651315951,315.001992752281,314.526479251453,313.279025110217,342.363759951436,342.363759951436,347.753289776845,347.753289776845,348.978158161935,348.978158161935,348.465909615652,348.465909615652,348.465909615652,348.516455512496,357.789849994246,357.789849994246,359.501034606097,359.501034606097,359.110003107374,359.165284759574,358.681797156668,358.681797156668,358.865771946911,358.917458656303,362.247087844626,399.201948565652,399.201948565652,400.24512295341,401.102260522661,401.999570270728,402.775915270343,402.775915270343,662.988061016161,662.988061016161,670.1155152569,672.190996923057,672.66984410283,673.72252952075,682.746369252651,686.002994066835,876.928424930576,892.36551238362,893.58234995208,894.119132729958,894.420805076969,896.761811501391,897.127562182012,897.681241057031,898.045399422865,898.045399422865,899.280897704308,899.280897704308,912.626262812208,912.626262812208,912.877276008195,914.782666103895,918.612797194705,921.852638506546,927.03159302227,965.329129428507,971.9074255476,971.9074255476,29.8650430445174,36.5524598726196,8.64325087969545,12.8219140808459,37.3523066608832
2006-06-19,336.002810185652,336.002810185652,336.002810185652,334.938194259671,334.855227909834,327.908148187063,334.838849998125,333.999666838625,332.124436228073,359.671699691765,359.671699691765,363.674854408363,363.674854408363,363.583256037566,363.583256037566,361.311089723748,361.311089723748,361.311089723748,361.309942131852,369.428640446155,369.428640446155,368.094769062346,368.094769062346,367.103330256458,367.077436129664,365.481240761978,365.481240761978,365.053814497782,365.014351885274,368.01621175337,401.992315506033,401.992315506033,402.30562766369,402.945512484049,403.174925963186,403.563423631322,403.563423631322,650.449777873545,650.449777873545,657.020100735652,658.821221066795,659.159525916307,660.065763189544,668.535048057342,671.329008067174,875.375986035977,889.972538754485,890.771504894053,891.102018709504,891.243094839053,893.505365476219,893.617080670954,893.937941587536,894.084586386777,894.084586386777,895.303189516385,895.303189516385,908.051084088217,908.051084088217,908.156370809058,909.612351325179,913.395573618594,916.159785968942,920.832249936395,957.9893754152,964.329237296739,964.329237296739,29.537465215019,34.5273501909533,8.52534470823295,12.5706662343084,36.7184879288427
2006-06-20,363.631776917371,363.631776917371,363.631776917371,362.087695852648,361.963017694857,353.407078846277,359.695110610218,358.502558885608,356.029339358695,381.916283531908,381.916283531908,384.561197392147,384.561197392147,383.218479012191,383.218479012191,379.257424130814,379.257424130814,379.257424130814,379.206422552116,386.194967908006,386.194967908006,381.771466559223,381.771466559223,380.149466468158,380.038692490846,377.256057197121,377.256057197121,376.170132800175,376.032125202849,378.681346975335,409.747210115194,409.747210115194,409.25551127478,409.662110338192,408.950172237614,408.739275500132,408.739275500132,640.750810577607,640.750810577607,646.727395952782,648.397577515647,648.67150917515,649.504276096447,657.638571852891,660.158513106957,879.655611402645,893.638728842918,894.159316852777,894.351450123433,894.384776537004,896.579851513697,896.517530519521,896.674976584344,896.667250640174,896.667250640174,897.871372084995,897.871372084995,910.123843104872,910.123843104872,910.121950891661,911.235942137236,914.975231312783,917.363590444714,921.632198002216,957.75399518394,963.888431153916,963.888431153916,29.0904641923724,32.6707704638498,8.38412983148199,12.3271208213854,36.0993578659559
2006-06-21,394.653668361048,394.653668361048,394.653668361048,392.79987929851,392.647173276203,382.95088918868,388.727832347541,387.261388237409,384.319128058329,408.67652786082,408.67652786082,410.184935037443,410.184935037443,407.844044262359,407.844044262359,402.457831226401,402.457831226401,402.457831226401,402.358139949757,408.295341820974,408.295341820974,400.963431636301,400.963431636301,398.68245496573,398.483316450922,394.452236724054,394.452236724054,392.671630525377,392.429607455718,394.711837588172,422.959221481411,422.959221481411,421.600228857402,421.758195057313,420.111659273871,419.300406264165,419.300406264165,638.625264183542,638.625264183542,643.68638411728,645.051048854343,645.180116374681,645.862671626077,653.411702897776,655.455082465604,890.185615833096,903.533917608892,903.775677199,903.830883351104,903.758184962852,905.885015041283,905.654046021461,905.654560744108,905.499856747023,905.499856747023,906.689821782089,906.689821782089,918.469959977419,918.469959977419,918.36763465177,919.164494091787,922.860479105109,924.899153933111,928.801171248401,963.965687310891,969.90978814487,969.90978814487,28.5816183028246,30.9722423037971,8.22608404835981,12.0918496639473,35.5199331336494
2006-06-22,426.296935396276,426.296935396276,426.296935396276,424.41153548161,424.253462995513,414.271802854192,419.777327955595,418.212507332265,415.070703884261,438.333635841323,438.333635841323,438.993436514335,438.993436514335,435.796833543823,435.796833543823,429.233085684654,429.233085684654,429.233085684654,429.103386095287,434.199538787687,434.199538787687,424.451878770387,424.451878770387,421.672263198226,421.40487946595,416.353795968829,416.353795968829,413.988354967017,413.657702252304,415.617808252681,441.282318257322,441.282318257322,439.120981906658,439.046914501204,436.503720320594,435.123439566782,435.123439566782,642.681728711458,642.681728711458,646.959982900717,648.05134025333,648.032605130505,648.562130087513,655.554626028821,657.088838760133,904.899487002087,917.721072932021,917.767376757574,917.725683156063,917.57821433381,919.64652607937,919.295372415788,919.182126096476,918.920728661998,918.920728661998,920.098270747806,920.098270747806,931.47722493539,931.47722493539,931.300732616747,931.857645193448,935.513991104682,937.279891797051,940.890584616034,975.222420743906,981.008839776953,981.008839776953,28.0311207562556,29.4079214709652,8.06027358533274,11.8646867944615,34.9805733406638
2006-06-23,455.391637534248,455.391637534248,455.391637534248,453.767382506008,453.627756982224,444.355467551944,449.877433513404,448.417174048243,445.425193947201,468.240569466688,468.240569466688,468.73489991599,468.73489991599,465.296918740869,465.296918740869,458.232542270226,458.232542270226,458.232542270226,458.087213187771,462.664817617443,462.664817617443,451.368415776248,451.368415776248,448.226520945804,447.909036134845,442.094807226604,442.094807226604,439.283681254402,438.8849212395,440.587188373143,464.009746921979,464.009746921979,461.17978857671,460.909430952264,457.605067666907,455.731162563898,455.731162563898,652.66726272075,652.66726272075,656.206813802873,657.041180178621,656.890888446188,657.28195915404,663.74755396219,664.806324762889,922.692684930798,935.072336830662,934.975908171214,934.863618809773,934.662282331377,936.677868152222,936.240667301617,936.044990791968,935.706935093292,935.706935093292,936.87340175889,936.87340175889,947.907783873659,947.907783873659,947.677877382269,948.057705742323,951.675913365405,953.231780021938,956.616559628484,990.231418025794,995.890901980092,995.890901980092,27.4608940265029,27.9846171838413,7.88821156197249,11.6451369517967,34.4780737441209
2006-06-24,480.724356285836,480.724356285836,480.724356285836,479.481671576308,479.375640601627,471.35275103412,477.186277980463,476.008898092369,473.435644413831,496.335633022838,496.335633022838,497.163094723659,497.163094723659,494.004862595584,494.004862595584,487.170438691611,487.170438691611,487.170438691611,487.030772244325,491.489752001479,491.489752001479,479.854570223531,479.854570223531,476.578074401189,476.240658607711,470.067303506786,470.067303506786,467.026736973579,466.591633246656,468.134494723874,489.807946142026,489.807946142026,486.531427183092,486.12369390283,482.284916369601,480.042074396396,480.042074396396,667.481794017393,667.481794017393,670.413652509017,671.036098795478,670.777486198018,671.053268677858,677.067347635849,677.725208771846,942.518679449672,954.52834298034,954.337157150087,954.177960369189,953.941486975914,955.909859794546,955.416823845926,955.166310154105,954.777926569009,954.777926569009,955.934162747518,955.934162747518,966.673640277564,966.673640277564,966.408410217743,966.665618446808,970.247630728656,971.649770271422,974.862551225853,1007.86143576745,1013.42089259174,1013.42089259174,26.8998554791243,26.7443795626451,7.71317630466152,11.4324708610014,34.0077097993336
2006-06-25,518.371568773197,518.371568773197,518.371568773197,516.841428176607,516.674374813952,507.030032104357,512.52999967424,510.990875669283,507.847099085089,531.888805876789,531.888805876789,531.910663299678,531.910663299678,528.389924677033,528.389924677033,520.78643760913,520.78643760913,520.78643760913,520.737639607368,525.648406207407,525.648406207407,512.992486632442,512.992486632442,509.341354045442,509.088032566993,502.630651387398,502.630651387398,499.651911860642,499.191866304898,501.199834008724,522.522088274863,522.522088274863,518.792879262634,518.58742981291,514.566931298294,511.897461751032,511.897461751032,697.572756805928,697.572756805928,700.947951986029,701.581501481748,701.341552654107,701.499245461084,710.213433056926,710.573229273965,985.741586773095,998.874457486752,997.92219355295,997.433031188433,996.874777743783,998.776717309885,997.69770283575,996.910822750776,996.02391916043,996.02391916043,997.152451863032,997.152451863032,1006.90620482825,1006.90620482825,1006.31643333059,1005.61797206929,1009.14601027452,1009.56494170062,1011.8413719699,1043.38250673498,1048.52206278244,1048.52206278244,28.756690539189,27.0206683191182,8.30593923730341,11.2260430983285,33.5611648256847
2006-06-26,557.902706607376,557.902706607376,557.902706607376,555.69550532807,555.509079630903,544.671219651995,549.665726092018,547.910931994663,544.488294162152,567.888790407876,567.888790407876,567.729236400017,567.729236400017,563.68458525442,563.68458525442,555.552227804901,555.552227804901,555.552227804901,555.414412327238,559.763678425537,559.763678425537,546.637971171589,546.637971171589,542.941960901144,542.550504319268,535.622351168291,535.622351168291,532.209325117094,531.72904532853,533.637554106137,554.072577863868,554.072577863868,550.171215244793,549.627640947198,545.118409311921,542.416367569237,542.416367569237,719.518975028456,719.518975028456,722.302076412333,722.923115402856,722.528249353811,722.690985541641,729.664083006003,730.149299761925,1007.72601039179,1020.30249876418,1020.00749316032,1019.78855953548,1019.50586302968,1021.45991286855,1020.87611801621,1020.52487881408,1020.03534231618,1020.03534231618,1021.17274818119,1021.17274818119,1031.31705383634,1031.31705383634,1030.96781857538,1030.91739307587,1034.42685605966,1035.42277013276,1038.16944359457,1069.81927275404,1075.10943623115,1075.10943623115,28.4691869652944,26.3275218992289,8.01166285427376,11.0247728395833,33.1334279621349
2006-06-27,604.154634378375,604.154634378375,604.154634378375,601.605242553773,601.392923823408,589.113294081462,593.933553568689,591.996214808334,588.127928987806,611.538863356928,611.538863356928,610.939150837602,610.939150837602,606.645718408409,606.645718408409,597.464205200311,597.464205200311,597.464205200311,597.472865091207,602.399452195521,602.399452195521,587.033328286407,587.033328286407,582.78286755732,582.376480564511,574.645785583372,574.645785583372,570.942893228676,570.403057459379,572.460208781667,591.990995596412,591.990995596412,587.574217627203,587.036924563986,582.361304146293,579.488674512186,579.488674512186,756.771522770468,756.771522770468,759.943833801573,760.712605701135,759.992124350531,759.835342591716,766.227230648257,765.650477629897,1047.72992077522,1058.81469849178,1057.87140550703,1057.34810983481,1056.83274536289,1058.68880792619,1057.76135773415,1057.11195016069,1056.35542623241,1056.35542623241,1057.47494396305,1057.47494396305,1067.02777394135,1067.02777394135,1066.51791709839,1066.0116207031,1069.47982733505,1070.02720489651,1072.36061858121,1103.23695524263,1108.35033848591,1108.35033848591,29.2563757938104,26.1564859954303,7.64599481312788,10.8278457647721,32.7204416337217
2006-06-28,647.44920278941,647.44920278941,647.44920278941,645.013658739423,644.805740506685,632.876329640391,637.283786526204,635.263410205543,631.37207732717,654.051842232644,654.051842232644,653.66558079571,653.66558079571,648.882781403287,648.882781403287,639.37498500897,639.37498500897,639.37498500897,639.224870754619,643.537726459688,643.537726459688,628.006892017545,628.006892017545,623.73163761886,623.260649873095,615.180625804602,615.180625804602,611.122741363856,610.552031435614,612.454005530448,630.874766003516,630.874766003516,626.18412589368,625.414896966761,619.987674427569,616.768035586304,616.768035586304,786.514339597044,786.514339597044,788.992703588144,789.515892807919,789.016048561477,789.068390270095,795.452325387643,795.361671812221,1084.93716483738,1096.01647174252,1095.1213961656,1094.61091658023,1094.10450633822,1095.92337225355,1094.99992340926,1094.34557211225,1093.60086872829,1093.60086872829,1094.71300728185,1094.71300728185,1104.11986769661,1104.11986769661,1103.5941077884,1103.01251685113,1106.46254581783,1106.88756226333,1109.07266276599,1139.40690398286,1144.42950432644,1144.42950432644,28.4794933050658,25.3728058438002,7.38808587104173,10.7135595401792,32.3194640181554
2006-06-29,682.70741817676,682.70741817676,682.70741817676,680.883833993274,680.726530745446,670.747859777944,675.413956378071,673.719551723155,670.352740540918,692.925927141145,692.925927141145,693.283419548124,693.283419548124,688.979500127486,688.979500127486,680.066129869741,680.066129869741,680.066129869741,679.887596823252,683.91276340451,683.91276340451,668.883323165197,668.883323165197,664.700843192208,664.239915220714,656.260425339168,656.260425339168,652.214242884556,651.642303392658,653.455442263506,671.031986221312,671.031986221312,666.262867050673,665.441212470369,659.836528129686,656.472375718679,656.472375718679,821.728018505422,821.728018505422,823.502275354568,823.769070015014,823.137155992947,823.071463378992,829.017856180979,828.608080558695,1124.85128101316,1135.36004616591,1134.38893936237,1133.8461979724,1133.31657406499,1135.08929687843,1134.13154576535,1133.44249688914,1132.6476508619,1132.6476508619,1133.75173294138,1133.75173294138,1142.91409595187,1142.91409595187,1142.37045974461,1141.72096752855,1145.14762059957,1145.47602075489,1147.54579732865,1177.41751169525,1182.3751832612,1182.3751832612,27.5011927244919,24.5597314155298,7.14124890475325,10.5025135010931,31.9316132435347
2006-06-30,704.641970213876,704.641970213876,704.641970213876,703.842210747591,703.766121082832,697.12113939898,702.511485229612,701.464730137221,699.188312068147,722.670794224487,722.670794224487,724.6050349612,724.6050349612,721.734723744467,721.734723744467,714.651296866262,714.651296866262,714.651296866262,714.511130023109,718.953421496815,718.953421496815,706.216274786316,706.216274786316,702.464369767901,702.054216531122,694.755995096995,694.755995096995,691.039524344748,690.515019380004,692.364722397034,709.58258826415,709.58258826415,705.07544208081,704.303850500712,698.937589331587,695.700419458197,695.700419458197,858.208184454271,858.208184454271,859.740805704864,859.894059144077,859.232841082967,859.135672342572,864.809069233711,864.238218170232,1166.42932736459,1176.57107191287,1175.5477326016,1174.97995582811,1174.42870686285,1176.15390557889,1175.16876480434,1174.45167315718,1173.63174371965,1173.63174371965,1174.72773168435,1174.72773168435,1183.67668971074,1183.67668971074,1183.11547523237,1182.39954122332,1185.79955385826,1186.03396515435,1187.99114976998,1217.41719992965,1222.30576424732,1222.30576424732,26.5385430434342,23.7596510890881,6.92777368863641,10.3463368022111,31.5658796482233
2006-07-01,711.191847325547,711.191847325547,711.191847325547,711.555689315326,711.572530533259,708.931805578394,715.28714388314,715.054051581614,714.163252717885,739.319599927267,739.319599927267,743.473818025956,743.473818025956,742.786528801194,742.786528801194,738.597733432814,738.597733432814,738.597733432814,738.537206598444,744.086013124381,744.086013124381,735.568662247541,735.568662247541,732.633942670146,732.326261098749,726.445695286492,726.445695286492,723.475683941402,723.057791668846,725.110705778596,742.62396408303,742.62396408303,738.839157838955,738.2361293284,733.606144667807,730.809421652537,730.809421652537,891.704600087592,891.704600087592,893.434636446968,893.637290523082,893.030642791614,892.984828104925,898.657651997768,898.198128807141,1203.072266834,1213.26072630425,1212.40970379346,1211.92377722958,1211.44485031105,1213.15056006914,1212.26802912956,1211.63869430104,1210.90228582317,1210.90228582317,1211.9952335803,1211.9952335803,1220.95490891158,1220.95490891158,1220.44643737592,1219.86786408034,1223.24543199412,1223.58995271946,1225.62637185877,1254.89029484422,1259.80231840585,1259.80231840585,25.6546719126651,22.9936174877498,6.74343267582588,10.2207081421183,31.2429172511766
2006-07-02,703.978015489717,703.978015489717,703.978015489717,705.38999084276,705.490413586389,706.644140879126,713.942344226782,714.502737677368,714.991046734839,741.985577179655,741.985577179655,748.511993309862,748.511993309862,750.277205621794,750.277205621794,749.472892841452,749.472892841452,749.472892841452,749.509615925257,756.568987171618,756.568987171618,753.542877457273,753.542877457273,751.721893523303,751.553411237186,747.68509407671,747.68509407671,745.795859273394,745.532770871386,747.962923877643,766.381514124751,766.381514124751,763.754307666163,763.44673447972,760.036190306915,757.987219268445,757.987219268445,918.085809215583,918.085809215583,920.410060994355,920.81456200152,920.339938058041,920.421965100113,926.345091926111,926.263609821897,1228.91906856668,1239.49582547905,1239.04249133082,1238.75071388963,1238.42342583927,1240.13313333706,1239.49634193344,1239.0846112691,1238.55517160151,1238.55517160151,1239.64949450937,1239.64949450937,1248.84204356559,1248.84204356559,1248.4706364201,1248.28039895963,1251.63904633337,1252.35476839105,1254.72363039694,1284.19269499961,1289.24132037474,1289.24132037474,24.860634338408,22.2669098718794,6.57424087669834,10.1250620444283,30.9985174101665
2006-07-03,689.208448247861,689.208448247861,689.208448247861,691.222617913721,691.372315786087,695.035061098023,702.967616619644,704.089829621418,705.586213162085,733.866164153717,733.866164153717,742.232134702641,742.232134702641,746.063112574643,746.063112574643,748.300253369054,748.300253369054,748.300253369054,748.428506760836,756.939749457165,756.939749457165,759.406381382589,759.406381382589,758.75906002659,758.741719703867,757.073782681555,757.073782681555,756.381805987206,756.297092843629,759.170592512225,778.799900617205,778.799900617205,777.566093705202,777.614826219283,775.767082431781,774.689850564739,774.689850564739,934.951835349859,934.951835349859,938.215611788401,938.913905243602,938.614871854811,938.868005902533,945.191086368413,945.651573083778,1241.17460417751,1252.32104091226,1252.37221919626,1252.32800047671,1252.19800676353,1253.92564056728,1253.60522714638,1253.47672449671,1253.21798592854,1253.21798592854,1254.3165024947,1254.3165024947,1263.87059497425,1263.87059497425,1263.68173366811,1264.01935202862,1267.36180751735,1268.60006076086,1271.45130395843,1301.44907381727,1306.70920960224,1306.70920960224,24.1515316846612,21.5771628994651,6.41653386595149,10.0515718448616,30.8887015897604
2006-07-04,673.414499823803,673.414499823803,673.414499823803,675.531638346237,675.687577104251,680.220853694022,688.283735952515,689.614893867066,691.552552757997,720.1603447622,720.1603447622,729.44683359295,729.44683359295,734.529499313046,734.529499313046,738.827104536992,738.827104536992,738.827104536992,739.019184137062,748.542519230183,748.542519230183,755.293822321582,755.293822321582,755.62608865654,755.733531918734,755.983072415242,755.983072415242,756.351634388496,756.424147512736,759.699889187593,780.438050142714,780.438050142714,780.537159629173,780.929119817018,780.531713957827,780.379189899429,780.379189899429,939.705568740601,939.705568740601,943.936900493778,945.025869920569,944.95320529199,945.427168477056,952.316996398245,953.491757120857,1238.54654747764,1250.34529893079,1250.94945263429,1251.1772213764,1251.26408394225,1253.0177350392,1253.0462153854,1253.2312270509,1253.27265330148,1253.27265330148,1254.37658684322,1254.37658684322,1264.35852170337,1264.35852170337,1264.37351062759,1265.30503601567,1268.63483089614,1270.46982558451,1273.88004124093,1304.71126082664,1310.22041735439,1310.22041735439,23.5216596847815,20.9195480564617,6.27164666969807,9.99462149891321,30.992629998168
2006-07-05,682.602419723324,682.602419723324,682.602419723324,683.983083741044,684.059151518254,684.730895556459,693.636503979803,694.705644808992,695.602565667073,723.617903868534,723.617903868534,733.791409668504,733.791409668504,740.91630834854,740.91630834854,746.210825115533,746.210825115533,746.210825115533,746.419807158614,756.429577976424,756.429577976424,767.686486092533,767.686486092533,766.766888752264,767.372000557258,766.641800531734,766.641800531734,766.942544252061,766.956002509955,771.250919368194,792.614708812178,792.614708812178,792.318851602468,793.119044025856,794.948898448652,796.639374169791,796.639374169791,978.190077269213,978.190077269213,988.169426442406,991.616809186295,990.846668940298,990.613343978316,998.552547438591,997.633455040544,1270.79525012337,1281.01156108685,1280.49044556638,1280.22397409922,1279.88770181762,1281.50913305629,1280.86797885176,1280.4601712448,1279.97017622458,1279.97017622458,1281.04532568626,1281.04532568626,1290.34093043146,1290.34093043146,1290.01657547432,1289.95658327195,1293.29911355615,1294.13228375303,1296.99296617672,1328.38583795632,1334.44723702048,1334.44723702048,24.5330297934108,22.3574864113518,6.36093605340597,10.1526826499758,31.6049669543196
2006-07-06,716.973669896039,716.973669896039,716.973669896039,716.424255964815,716.340567405236,710.753626381284,718.068385273687,717.886285025545,716.855171141858,744.17381188821,744.17381188821,748.755599018885,748.755599018885,751.885284722509,751.885284722509,753.501026731185,753.501026731185,753.501026731185,753.818268734578,763.67551538076,763.67551538076,770.864373955023,770.864373955023,770.569547277065,770.706196569034,770.348907104897,770.348907104897,770.856361211585,770.95247010252,776.062131859674,798.414698703824,798.414698703824,798.403380396024,798.9387923387,799.084274799443,799.455522682871,799.455522682871,971.626926172811,971.626926172811,982.801929622767,985.918490204865,986.366665908885,987.219563628616,998.669012844874,1001.10046357813,1273.73741446882,1287.90443987604,1288.52946914465,1288.9071131616,1289.01119230733,1290.8607283979,1290.67197016005,1290.63594692537,1290.51713765215,1290.51713765215,1291.59872555676,1291.59872555676,1301.45332424831,1301.45332424831,1301.32087076989,1301.79265273319,1305.14824727085,1306.46433601089,1309.66882311481,1341.39893722918,1346.90776535043,1346.90776535043,27.0293797527721,22.9218488833328,7.15033270132422,10.2170807863982,32.357368233143
2006-07-07,764.172242454323,764.172242454323,764.172242454323,762.053979370674,761.853515840425,751.602493334608,756.626553035041,755.130795895969,752.309414414031,776.125017059614,776.125017059614,778.021908462383,778.021908462383,777.614596086081,777.614596086081,774.862878305823,774.862878305823,774.862878305823,774.897593699129,782.053246344655,782.053246344655,782.681903325123,782.681903325123,781.655221085055,781.603317306112,779.947866075717,779.947866075717,779.490590898767,779.484536486759,784.235559794366,806.140394966078,806.140394966078,805.852791172576,806.230678218666,805.711866485154,805.650342603334,805.650342603334,972.566566872995,972.566566872995,980.91914321137,983.259302797919,983.395381683012,984.11095401361,994.16154727533,996.477018267667,1262.23990138252,1275.8241426959,1276.79719562236,1277.21157101602,1277.45160210512,1279.36819940509,1279.64246616287,1280.04073493255,1280.2893541213,1280.2893541213,1281.38256562195,1281.38256562195,1291.90987608146,1291.90987608146,1292.06264343134,1293.36259813938,1296.72270910255,1298.87806580695,1302.78901008237,1336.66900914287,1342.41184073414,1342.41184073414,26.5948402985939,23.0496001912568,7.11530650702907,10.2096166124499,33.6291161724922
2006-07-08,809.451131876402,809.451131876402,809.451131876402,807.263171436008,807.063800999648,796.077529014409,800.158320428373,798.275143817399,794.800576498693,815.908904990426,815.908904990426,816.083224532093,816.083224532093,813.627562034518,813.627562034518,807.89818987383,807.89818987383,807.89818987383,807.799179087045,812.669060419914,812.669060419914,807.095740859294,807.095740859294,804.925724648841,804.722771140523,800.992159930481,800.992159930481,799.406883512393,799.231863384978,803.318591246482,823.376573161922,823.376573161922,821.965648737611,822.007669429092,820.369578785649,819.63956478978,819.63956478978,982.533699383839,982.533699383839,989.228344871072,991.005031048183,990.9403075318,991.469103469886,1000.60929940025,1002.25799528526,1265.15513985849,1277.76600264104,1278.23380610159,1278.40662664355,1278.46090944465,1280.317161652,1280.31620320159,1280.47625434582,1280.51165308706,1280.51165308706,1281.59061372967,1281.59061372967,1291.78712571179,1291.78712571179,1291.8144743833,1292.76366965732,1296.09379452855,1297.92108835976,1301.50281337843,1336.99202059175,1342.58053882129,1342.58053882129,25.544121485604,22.777604559968,6.93673376017448,10.1890218632356,35.4979821937514
2006-07-09,835.946809707377,835.946809707377,835.946809707377,834.988937627478,834.893187526802,827.461948346928,832.058790003004,830.773454116896,828.209576834139,849.45209746466,849.45209746466,850.315309768693,850.315309768693,848.049755059489,848.049755059489,842.124803164281,842.124803164281,842.124803164281,842.003714856929,846.051051774674,846.051051774674,837.913108831314,837.913108831314,835.124261977827,834.837801479348,829.776800040361,829.776800040361,827.418242849735,827.123541668191,830.616337921281,848.866136898459,848.866136898459,846.438183133688,846.191536421577,843.447601766575,842.013188186032,842.013188186032,1000.54236067886,1000.54236067886,1005.90496183005,1007.21622274651,1006.99013215781,1007.36698831562,1015.72755363526,1016.796684431,1277.82944066135,1289.63859015901,1289.72246685651,1289.70545322306,1289.61047236768,1291.40173007963,1291.16164603484,1291.10154471449,1290.92895472007,1290.92895472007,1291.99378488754,1291.99378488754,1301.80777746088,1301.80777746088,1301.69418437359,1302.21230241389,1305.50386414487,1306.87395001162,1309.96554031134,1347.43949714523,1352.78330461762,1352.78330461762,24.4428267671558,22.2542157767606,6.75190725776875,10.1405020758351,38.0024242189947
2006-07-10,836.658485912445,836.658485912445,836.658485912445,837.480285907945,837.529912417876,835.953693824254,841.892442530921,841.762560429043,841.107797217531,864.69116232051,864.69116232051,868.396983042789,868.396983042789,868.4813394939,868.4813394939,865.322145579602,865.322145579602,865.322145579602,865.276762328849,870.229911253543,870.229911253543,864.519163292906,864.519163292906,862.067151104239,861.820128626097,857.083243418659,857.083243418659,854.824509402114,854.537584802984,857.801114234587,875.307156042125,875.307156042125,872.678470569117,872.358351877729,869.283760009046,867.595829617096,867.595829617096,1022.00272608028,1022.00272608028,1026.58772115397,1027.61537190733,1027.30888360293,1027.61069797381,1035.43720954374,1036.17050055994,1294.12168183446,1305.46177522313,1305.38528933048,1305.28752479697,1305.12882584478,1306.87248230838,1306.5275155707,1306.36705626519,1306.09838741696,1306.09838741696,1307.15346426389,1307.15346426389,1316.74169846031,1316.74169846031,1316.5593435875,1316.85373581347,1320.11070620756,1321.22546457371,1324.01849037882,1364.32479669008,1369.50113894487,1369.50113894487,23.4309184619469,21.5937836560372,6.57090904223141,10.0746805404426,41.1617998985595
2006-07-11,814.218781444843,814.218781444843,814.218781444843,816.69266827319,816.876103655193,821.170702233626,828.580973484314,829.672092748682,831.110755073407,857.748593923058,857.748593923058,865.102877048569,865.102877048569,868.576608640592,868.576608640592,869.896300700633,869.896300700633,869.896300700633,869.982095069198,876.986570673117,876.986570673117,877.549223329586,877.549223329586,876.281526010909,876.183734032407,873.398341020635,873.398341020635,872.137956727126,871.992501781041,875.457129651643,893.585362518764,893.585362518764,891.806203388972,891.691950594122,889.396885460149,888.140611490834,888.140611490834,1039.35604110692,1039.35604110692,1043.94789821286,1044.96875073732,1044.71438777823,1045.06947599892,1052.77358994091,1053.59181422011,1305.94381777274,1317.27222366961,1317.33093987972,1317.29680975976,1317.18864177855,1318.91342551166,1318.64559014155,1318.54923623816,1318.34028863401,1318.34028863401,1319.3918590638,1319.3918590638,1328.99264907198,1328.99264907198,1328.84633703036,1329.22758355021,1332.45472729493,1333.63499776543,1336.44010324616,1380.57775545088,1385.72647695929,1385.72647695929,22.5406137475822,20.8815706138658,6.39056257810126,9.99762115927558,44.956881089752
2006-07-12,777.019649487108,777.019649487108,777.019649487108,780.659773198502,780.94152603256,789.582289634762,798.502006033164,800.593256804228,803.727865046435,832.9884929292,832.9884929292,843.541597823179,843.541597823179,850.254883668713,850.254883668713,855.984863937498,855.984863937498,855.984863937498,856.22155319785,865.577520791989,865.577520791989,873.682496778362,873.682496778362,873.941286754965,874.116718801419,874.047521972325,874.047521972325,874.241297359091,874.307329395985,878.223494264381,897.862258912504,897.862258912504,897.636493455195,897.919138521752,897.241006904357,896.951715752354,896.951715752354,1045.93991024274,1045.93991024274,1051.21671162884,1052.63584478503,1052.55549192967,1053.08106441339,1061.33702275641,1062.66718488452,1307.77730950066,1319.485836194,1319.88852622013,1320.0216908101,1320.04645057675,1321.77793176186,1321.72099537963,1321.8112127971,1321.77942734029,1321.77942734029,1322.83221499365,1322.83221499365,1332.75460802052,1332.75460802052,1332.72396709268,1333.49125666917,1336.69926725504,1338.81263410631,1341.95330060432,1391.12029558279,1396.34112836635,1396.34112836635,21.7866309634249,20.1955519647027,6.30089304230022,9.91653667271921,49.6936701590663
2006-07-13,740.46317737368,740.46317737368,740.46317737368,744.212038484284,744.491396690138,754.25897839085,763.278033726172,765.617551338717,769.354861767831,800.15463565381,800.15463565381,812.458162417524,812.458162417524,821.287920720057,821.287920720057,829.961492677873,829.961492677873,829.961492677873,830.398838549308,842.021558418765,842.021558418765,855.606565977983,855.606565977983,857.168737720448,857.435373930791,859.924625867243,859.924625867243,861.522888291449,861.795508810993,866.181093380698,887.445453040636,887.445453040636,888.911497711188,889.632741732344,890.792406098109,891.653609871729,891.653609871729,1038.79611272439,1038.79611272439,1045.13248145113,1046.88751257757,1047.06417203086,1047.84188002654,1056.56549200234,1058.70971378924,1295.3926349323,1307.92526659771,1309.05548614088,1309.82151564472,1310.23708387613,1312.22783607687,1312.64421322443,1313.17615448798,1313.3970265842,1313.3970265842,1314.60056012445,1314.60056012445,1325.32218014281,1325.32218014281,1325.45970729238,1326.7547215981,1330.03803363242,1332.68722727457,1336.53275084558,1391.5544254809,1396.95046331428,1396.95046331428,21.9331970381093,19.5419079620192,6.39074816779211,10.295986505804,55.0188957259208
2006-07-14,711.020229897371,711.020229897371,711.020229897371,714.210689870825,714.450805220403,723.147695604791,731.721133531947,733.892051231448,737.443531259418,767.483976576621,767.483976576621,779.875581430079,779.875581430079,788.952075710358,788.952075710358,798.761542988359,798.761542988359,798.761542988359,799.149111528667,811.363558790811,811.363558790811,828.503372259347,828.503372259347,830.952029566765,831.330698506314,835.620202731198,835.620202731198,838.23048337824,838.653121211738,843.36431519276,865.759991359767,865.759991359767,868.587738419129,869.663991071314,872.38353802112,874.238785962712,874.238785962712,1019.26563738676,1019.26563738676,1026.59067232962,1028.61519975703,1029.10516857376,1030.16679109171,1039.35487308267,1042.44372267957,1270.42303548616,1284.53218107919,1286.0325305222,1286.78722974246,1287.24974426471,1289.35639468252,1289.94484627803,1290.62910953632,1291.25191509628,1291.25191509628,1292.47203178806,1292.47203178806,1304.08757467197,1304.08757467197,1304.41898306781,1306.55033915038,1309.9124234829,1314.81356231575,1319.44130399372,1380.67586107333,1386.28923318989,1386.28923318989,21.3298137314097,18.9111945673063,6.7350629011795,10.5424096501073,60.6570346961399
2006-07-15,689.251554227702,689.251554227702,689.251554227702,691.841326813947,692.033974103938,698.968003406293,706.870715329568,708.688983624607,711.685568212705,740.006284206206,740.006284206206,751.412771823846,751.412771823846,759.773168795679,759.773168795679,769.164181326438,769.164181326438,769.164181326438,769.516150140306,781.385848819664,781.385848819664,799.071849240572,799.071849240572,801.823945844433,802.240663147454,807.293516586259,807.293516586259,810.358197885496,810.849003994053,815.653141665899,838.360545602333,838.360545602333,841.952886154567,843.228110411762,846.898452653018,849.380519626911,849.380519626911,991.706590698571,991.706590698571,999.829390868938,1002.12732320202,1003.01061740009,1004.39959455437,1014.34569993359,1018.4450559006,1236.99804329319,1252.24297331321,1254.13399169405,1255.18762390794,1255.86514118863,1258.19588396638,1259.04042322152,1259.95101660765,1260.63310099102,1260.63310099102,1261.91667513369,1261.91667513369,1273.7836747645,1273.7836747645,1274.22870097393,1276.7720008543,1280.11506643636,1283.99208919027,1289.41624905141,1357.28125019264,1363.13424853912,1363.13424853912,20.6660252926388,18.2988188080999,7.0749565643716,10.824764278905,66.6659779668118
2006-07-16,672.090643123929,672.090643123929,672.090643123929,674.287221746156,674.448670183449,680.024794831958,687.370794505915,688.885412687654,691.373952057565,717.976991340795,717.976991340795,728.178863854233,728.178863854233,735.516513634752,735.516513634752,743.824894417787,743.824894417787,743.824894417787,744.139286826815,755.240220417506,755.240220417506,771.694490236666,771.694490236666,774.329041137297,774.729397225878,779.715187480953,779.715187480953,782.770950181182,783.260951207397,787.957538642169,810.228270442097,810.228270442097,814.005937053229,815.326655355599,819.313122923627,822.02485436337,822.02485436337,960.854657856028,960.854657856028,969.187003000219,971.551142292223,972.178139688847,973.453692116431,983.154184203205,987.067372930858,1193.98427032902,1209.29591389962,1211.40513019985,1212.38424637659,1213.08544279067,1215.46787189547,1216.49725498421,1217.56871573432,1218.47379606555,1218.47379606555,1219.74334190728,1219.74334190728,1232.24400497986,1232.24400497986,1232.850714266,1235.89112687494,1239.21552039364,1243.3783097102,1249.40714002262,1323.83336715019,1329.89602139447,1329.89602139447,20.0450781744636,17.70461201518,7.17364404069067,11.1110069114361,72.701034473844
2006-07-17,656.662939248992,656.662939248992,656.662939248992,658.698082276029,658.845916345654,663.736873226836,670.731178485601,672.077201962345,674.264081362435,699.565029424891,699.565029424891,708.824775855255,708.824775855255,715.305905362451,715.305905362451,722.565829870057,722.565829870057,722.565829870057,722.846469041474,733.156769313498,733.156769313498,747.8693260197,747.8693260197,750.213032977697,750.574417726481,755.087991240254,755.087991240254,757.895868148336,758.348599005536,762.834196125792,784.232842993785,784.232842993785,787.825619616884,789.092127501534,792.955059590691,795.610686367451,795.610686367451,930.470612388737,930.470612388737,938.677639666463,941.005218061026,941.631745304949,942.894341742814,952.352813546462,956.183785996636,1153.57865086178,1168.68625328147,1170.73048494322,1171.677887131,1172.35297890199,1174.72405612486,1175.72436876946,1176.77105708993,1177.6592200804,1177.6592200804,1178.90266367282,1178.90266367282,1191.57061477961,1191.57061477961,1192.17458647448,1195.2124398976,1198.50249498697,1202.59866306109,1208.7906240031,1289.35171736981,1295.46853660594,1295.46853660594,19.4831193265485,17.1308820360333,7.12576872855437,11.2892149427132,78.7647932126845
2006-07-18,640.516833677568,640.516833677568,640.516833677568,642.569589006691,642.719887348957,647.604789632401,654.454574437308,655.774015652101,657.897609234826,682.428141211669,682.428141211669,691.177483513157,691.177483513157,697.176895190393,697.176895190393,703.796541675984,703.796541675984,703.796541675984,704.057996351914,713.781821369057,713.781821369057,727.095613808455,727.095613808455,729.167896654041,729.494471831561,733.501694718641,733.501694718641,736.027107777707,736.436538196541,740.696668181334,761.118093435573,761.118093435573,764.396987469263,765.573473859731,769.129041791949,771.599812236339,771.599812236339,902.332748235978,902.332748235978,910.222046434953,912.450875915067,913.045251022659,914.265362192352,923.407774816721,927.074608574241,1116.16774757693,1130.95341684133,1132.89407942847,1133.79016584464,1134.43250166988,1136.7676195646,1137.70764407377,1138.69797736011,1139.53491584783,1139.53491584783,1140.75146888062,1140.75146888062,1153.39154978176,1153.39154978176,1153.96365887331,1156.89275595594,1160.1488207485,1164.09981153339,1170.26339616546,1256.80452360967,1262.92305656569,1262.92305656569,18.9774187744641,16.5794985503827,6.99308078732738,11.3287305861104,84.8277867297182
2006-07-19,622.538758826973,622.538758826973,622.538758826973,624.720020477834,624.880849847076,630.17013861649,637.008289675631,638.394026336946,640.633035712592,664.778576886459,664.778576886459,673.410303726794,673.410303726794,679.292519869337,679.292519869337,685.726058032391,685.726058032391,685.726058032391,685.982593067564,695.39148641242,695.39148641242,707.995762842729,707.995762842729,709.913928671404,710.217072068789,713.898504014383,713.898504014383,716.234704315885,716.615709693235,720.695117699953,740.25703243393,740.25703243393,743.269109804707,744.366824399116,747.632431978818,749.918465585213,749.918465585213,876.642985820852,876.642985820852,884.176786207447,886.29526849491,886.848307382655,888.0161706842,896.825632745289,900.302199599655,1081.94755396904,1096.32351477404,1098.16250467433,1099.00918624416,1099.60989780922,1101.89330451104,1102.77450753503,1103.70916308949,1104.49477669635,1104.49477669635,1105.68445227879,1105.68445227879,1118.14951773143,1118.14951773143,1118.68877919899,1121.4794507951,1124.70104126301,1128.49654008628,1134.54292756313,1226.96898503097,1233.06959970604,1233.06959970604,18.5184785292268,16.0513870101669,6.80674821439156,11.2471766802577,90.8394703464814
2006-07-20,602.65791372408,602.65791372408,602.65791372408,604.987531060802,605.160547021723,610.992483757746,617.873403585489,619.361798361446,621.764915494231,645.756933927752,645.756933927752,654.473397166554,654.473397166554,660.476756457657,660.476756457657,667.07139229144,667.07139229144,667.07139229144,667.333353823666,676.644055652194,676.644055652194,689.193064920483,689.193064920483,691.088261748706,691.386776432046,694.977787016337,694.977787016337,697.243650820668,697.610654984405,701.572989970606,720.490840413161,720.490840413161,723.365315950668,724.418164580966,727.517542677894,729.69072774351,729.69072774351,852.688016251834,852.688016251834,859.927560957591,861.959962955872,862.48145091302,863.605350192812,872.126236609694,875.445734986583,1050.23556396844,1064.17923144573,1065.9288729214,1066.73169262636,1067.29861540996,1069.52638463777,1070.35488628268,1071.23935670455,1071.9787237129,1071.9787237129,1073.1437855457,1073.1437855457,1085.37634927615,1085.37634927615,1085.88486563877,1088.55913517468,1091.74997322638,1095.41703391009,1101.32616076869,1199.52913651781,1205.60667501159,1205.60667501159,18.0981512823183,15.5485555342095,6.58237324612695,11.0783593842046,96.7297696760045
2006-07-21,581.447616140209,581.447616140209,581.447616140209,583.88966460239,584.072059462005,590.378031439099,597.290051573488,598.87281849053,601.444684983306,625.333305952286,625.333305952286,634.21235988333,634.21235988333,640.413665806893,640.413665806893,647.31389526736,647.31389526736,647.31389526736,647.585787454281,656.912458412835,656.912458412835,669.803511484295,669.803511484295,671.768179763331,672.074152115554,675.75926810423,675.75926810423,678.061856078595,678.432384047968,682.340968714846,700.802057231284,700.802057231284,703.667409994931,704.714369510971,707.784438578554,709.930059617031,709.930059617031,829.528856041979,829.528856041979,836.57095097077,838.552764723886,839.059406569845,840.156822701157,848.456854422503,851.675207680935,1019.9790396926,1033.5227553789,1035.22009117907,1035.99699412332,1036.5442336092,1038.71549314004,1039.51337389829,1040.36741890846,1041.07902245668,1041.07902245668,1042.22223108611,1042.22223108611,1054.19061677952,1054.19061677952,1054.68047475194,1057.26731290715,1060.42744455214,1063.99958637924,1069.77244582389,1173.55000773668,1179.60218966756,1179.60218966756,17.7099070609489,15.0708123190594,6.33266690352245,10.8571175769206,102.370152104115
2006-07-22,559.931640999888,559.931640999888,559.931640999888,562.409162275535,562.594817662143,569.152323484354,576.039764247605,577.674670035287,580.350761308716,604.074819172973,604.074819172973,613.026595379653,613.026595379653,619.385241992998,619.385241992998,626.569986640881,626.569986640881,626.569986640881,626.851324560236,636.212056201094,636.212056201094,649.560275597692,649.560275597692,651.629947889138,651.948125439395,655.813726034988,655.813726034988,658.214663406141,658.596679759981,662.469412261085,680.600814903858,680.600814903858,683.540628408361,684.595028813118,687.735380578902,689.918186059585,689.918186059585,806.439413319806,806.439413319806,813.404364432642,815.373730167258,815.879314596103,816.964059794532,825.100423794046,828.268960578208,990.280117924915,1003.46211123098,1005.14261980131,1005.91107510162,1006.45243776858,1008.56833695098,1009.35765515053,1010.20132628238,1010.90421045831,1010.90421045831,1012.0282421915,1012.0282421915,1023.73829982679,1023.73829982679,1024.22191181586,1026.75924414283,1029.89050679841,1033.40500668881,1039.06078390408,1148.03943763628,1154.07843997391,1154.07843997391,17.3481625851576,14.6151901907477,6.0729771570163,10.6122806576366,107.584548038411
2006-07-23,539.074778823917,539.074778823917,539.074778823917,541.508180263744,541.690742011369,548.237373329361,555.029818580333,556.663475287683,559.35528066388,582.747220170391,582.747220170391,591.648511404834,591.648511404834,598.046679363187,598.046679363187,605.37849678078,605.37849678078,605.37849678078,605.665292337238,615.006240479598,615.006240479598,628.670695387814,628.670695387814,630.845257832564,631.174014610165,635.212901147394,635.212901147394,637.694178543775,638.088308383113,641.940620290322,659.788967156324,659.788967156324,662.827933122156,663.901497539642,667.147349413957,669.393145951874,669.393145951874,783.020014006402,783.020014006402,789.911349109816,791.875104251211,792.390931314231,793.474388886512,801.495409817579,804.65899105284,960.497564683921,973.356381357929,975.04706159082,975.820416764297,976.36648287853,978.429420811859,979.227222737284,980.076130674685,980.785212696997,980.785212696997,981.89152061831,981.89152061831,993.366087109838,993.366087109838,993.853403645659,996.372014527992,999.47599363977,1002.96053661442,1008.52017583302,1122.1227035025,1128.14626597772,1128.14626597772,17.0078331164189,14.1859096506653,5.81452332250681,10.366773734614,112.173830501442
2006-07-24,519.601570321453,519.601570321453,519.601570321453,521.92596922677,522.100249067666,528.4041832527,535.03621781311,536.619712812766,539.243128629362,562.171249199319,562.171249199319,570.867180211455,570.867180211455,577.177780546968,577.177780546968,584.462012015995,584.462012015995,584.462012015995,584.748524174456,593.993955425815,593.993955425815,607.707933051935,607.707933051935,609.911561527927,610.24478220215,614.380102295074,614.380102295074,616.911274999193,617.311881635311,621.128490101477,638.668094442313,638.668094442313,641.776936523034,642.862974658547,646.193216069492,648.492000491875,648.492000491875,759.35205451117,759.35205451117,766.185344586059,768.149365040391,768.674336965532,769.755805756602,777.671518457647,780.835803018987,930.600974022406,943.145176694548,944.850202620249,945.630792889687,946.183493250902,948.193473375414,949.003284273686,949.86094904233,950.579795729467,950.579795729467,951.671663659056,951.671663659056,962.92168736661,962.92168736661,963.415393958161,965.924690686892,969.000629159326,972.461427561856,977.932194040455,1095.39642478931,1101.40140919746,1101.40140919746,16.6855960149199,13.7798384533436,5.56149360841437,10.1261206113256,115.990196542404
2006-07-25,504.549744073147,504.549744073147,504.549744073147,506.50902337999,506.654632509913,511.987049490416,518.265573942351,519.659814405446,521.994261066793,544.141026028448,544.141026028448,552.278572214328,552.278572214328,558.166068170395,558.166068170395,565.048350644595,565.048350644595,565.048350644595,565.32428457802,574.268338137914,574.268338137914,587.555663250462,587.555663250462,589.710572352602,590.036577166233,594.112530430864,594.112530430864,596.6125244984,597.007927681946,600.756631303992,617.893959449675,617.893959449675,620.995044606547,622.073431792761,625.411566762752,627.718334911132,627.718334911132,735.860538069204,735.860538069204,742.604971129666,744.557553544259,745.084804595919,746.157769462276,753.955559880846,757.101908713486,900.935461209971,913.157083414485,914.863918296652,915.645798702849,916.200487318526,918.155851177049,918.970554036527,919.830787117464,920.553961230641,920.553961230641,921.632534472358,921.632534472358,932.670735611832,932.670735611832,933.167036038479,935.658719570466,938.707942642791,942.134602739169,947.504792329122,1067.94426289058,1073.92158198509,1073.92158198509,16.4475789013925,13.394840543878,5.32260476309309,9.90745091356606,118.897410733781
2006-07-26,495.358851029574,495.358851029574,495.358851029574,496.80310854073,496.907995200967,500.703659566696,506.466801355182,507.55062935086,509.387487767668,530.369525052642,530.369525052642,537.564617936482,537.564617936482,542.68796168549,542.68796168549,548.70013087089,548.70013087089,548.70013087089,548.951789219617,557.367778590431,557.367778590431,569.510843129614,569.510843129614,571.482086807634,571.783870886572,575.563876193659,575.563876193659,577.907132524042,578.279019444841,581.911063805212,598.480496187204,598.480496187204,601.457781912521,602.493976838767,605.704710720104,607.937534394352,607.937534394352,713.334132366865,713.334132366865,719.916272642677,721.830620833882,722.345208331175,723.395201113326,731.038531806927,734.121176200629,872.207725783547,884.079939987226,885.759752004129,886.528968515271,887.074659298916,888.973149204067,889.775430655181,890.622785869195,891.335859917207,891.335859917207,892.401778651561,892.401778651561,903.222398675369,903.222398675369,903.711790376272,906.159062776189,909.177942316047,912.538631678613,917.784305862245,1040.27211860518,1046.20744147202,1046.20744147202,16.2229423025362,13.029907251844,5.10033932658234,9.70580559642772,120.917589153177
2006-07-27,492.839151197741,492.839151197741,492.839151197741,493.71955575338,493.790596843181,495.729173651483,501.237721732912,502.057352816394,503.329264372731,523.073815323983,523.073815323983,528.860918705871,528.860918705871,532.785621192816,532.785621192816,537.336243488787,537.336243488787,537.336243488787,537.54632692993,545.134074488373,545.134074488373,555.213725222677,555.213725222677,556.821419507266,557.075405665487,560.243298407,560.243298407,562.271361205145,562.59564047975,566.050294239748,581.831015429843,581.831015429843,584.464367228584,585.410151470323,588.33119814052,590.380481583516,590.380481583516,694.713347143587,694.713347143587,701.027815050725,702.902386307505,703.364376708761,704.353186043909,712.963435237423,715.878638788965,848.725112875759,860.174033803875,861.653623971787,862.346291735595,862.813765010655,864.650019441328,865.331767145532,866.07720083296,866.748320295288,866.748320295288,867.798947128417,867.798947128417,878.625839785114,878.625839785114,879.043389037111,881.258952617747,884.293965428547,887.399244475106,892.344394775419,1015.86560733486,1021.69033892246,1021.69033892246,16.1854842653537,12.68554111341,4.93042829726806,9.88421852805044,122.12176900167
2006-07-28,501.531051467416,501.531051467416,501.531051467416,501.796032968245,501.784455765912,501.003139943963,505.412769095204,505.549308462552,505.767289839827,523.678743823071,523.678743823071,527.748693092691,527.748693092691,530.195966933596,530.195966933596,532.756756521547,532.756756521547,532.756756521547,532.949174513913,539.609370469977,539.609370469977,546.550754844935,546.550754844935,547.581305420038,547.764561334618,550.105217783259,550.105217783259,551.576152902776,551.817727527955,554.979571026559,570.07861723363,570.07861723363,572.281069609936,573.277943216953,575.950272386323,577.697966072746,577.697966072746,682.085958554419,682.085958554419,688.381508881786,690.111475167227,690.556675555623,691.48533557672,699.41765390735,702.267668209428,832.296744478935,843.999508280967,845.202964494053,845.74147811384,846.082253226871,847.841465264443,848.397543567862,849.045390241829,849.50413712727,849.50413712727,850.605568661852,850.605568661852,861.026447900802,861.026447900802,861.334323550721,863.254385213053,866.295372508541,869.503716472449,874.129510409284,998.238574647705,1003.88537165143,1003.88537165143,16.2823182968066,12.7181196576303,5.05964550589794,9.61170809108597,123.088171879562
2006-07-29,513.869446153223,513.869446153223,513.869446153223,513.445811863536,513.402274505372,510.727705940197,514.472859742309,514.2068703367,513.746953110968,530.249835397531,530.249835397531,532.910421879987,532.910421879987,533.901197808555,533.901197808555,534.539235919728,534.539235919728,534.539235919728,534.650094830574,540.195254505577,540.195254505577,543.909618530749,543.909618530749,544.293453679769,544.388373439502,545.39485984678,545.39485984678,546.245575280229,546.39594844626,549.236833371282,562.948748049937,562.948748049937,564.374178357103,565.020444905994,566.692929062827,567.990044506267,567.990044506267,668.078373431211,668.078373431211,674.005916970302,675.638753272652,675.989667457419,676.868028514398,684.455693188017,687.207855969656,812.531680095372,823.707837913314,825.016438820705,825.60251501693,826.003753575583,827.737337073335,828.309860679304,828.944086101327,829.456826757988,829.456826757988,830.545160915535,830.545160915535,840.755152648754,840.755152648754,841.106542841881,843.131399873853,846.169954660604,849.119110157068,853.80342402665,978.257702973994,983.930517552077,983.930517552077,16.2704728362112,12.3723016145615,4.94721281533449,9.41836119021682,123.289414323743
2006-07-30,528.50749554693,528.50749554693,528.50749554693,527.816801985549,527.75355555716,524.018590179275,527.320343474721,526.793830337043,525.877680821631,541.233326782932,541.233326782932,542.834229367898,542.834229367898,542.701767846219,542.701767846219,541.741809840936,541.741809840936,541.741809840936,541.796798810429,546.333095592097,546.333095592097,547.018190120379,547.018190120379,546.771154910102,546.783777099321,546.569357369959,546.569357369959,546.748584317724,546.798843900585,549.295014203564,561.583379956793,561.583379956793,562.197035288378,562.614349860627,563.367977869708,564.093595251867,564.093595251867,660.721067636054,660.721067636054,665.843975859665,667.199823147613,667.422362725159,668.163907835094,675.148860138885,677.516595104666,798.904121841675,809.474347219768,810.52797708463,810.993432090442,811.302015284981,812.97171727638,813.403393964448,813.910757988207,814.308443273894,814.308443273894,815.378055247313,815.378055247313,825.249449841423,825.249449841423,825.526461597143,827.333058163664,830.349854979087,833.018424165225,837.436981531525,961.481839556397,967.073302559156,967.073302559156,16.1069846259417,12.0172636219818,4.78662514404399,9.26009384043819,123.058504763438
2006-07-31,541.094209789062,541.094209789062,541.094209789062,540.576330677619,540.524898839963,536.9956259945,540.203432309874,539.660431330301,538.678158122119,553.794515150845,553.794515150845,554.929609067894,554.929609067894,554.208353942371,554.208353942371,552.287711938089,552.287711938089,552.287711938089,552.310637088433,556.198114903714,556.198114903714,554.679920703345,554.679920703345,553.926479947072,553.872372930786,552.667892745327,552.667892745327,552.365783301202,552.337046074082,554.657401440929,565.64434428274,565.64434428274,565.481456399413,565.684497347717,565.578594318936,565.753523086007,565.753523086007,659.586015595213,659.586015595213,664.268512237596,665.374351671675,665.514864369308,666.141367416131,673.726030948313,675.729549003651,793.879133995066,803.916698809859,804.845666238966,805.50264773386,805.849661157192,807.615501334379,807.827679347085,808.120109115151,808.428598930492,808.428598930492,809.47603414361,809.47603414361,818.949348191706,818.949348191706,819.075626852845,820.427661879621,823.410632460567,825.578325487303,829.505081532777,952.596632766132,958.005869243564,958.005869243564,16.1045296197751,11.6866213033562,4.68171877606311,9.22191983337507,122.563174701304
2006-08-01,546.869519601056,546.869519601056,546.869519601056,546.851188042179,546.843867372664,544.824012833997,548.377745861289,548.116064505291,547.563768537622,563.100296700647,563.100296700647,564.760754195009,564.760754195009,564.33704914154,564.33704914154,562.53708012571,562.53708012571,562.53708012571,562.561183233952,566.276185167722,566.276185167722,564.103795937798,564.103795937798,563.129662484034,563.046148982153,561.276642315586,561.276642315586,560.583983804018,560.503626996287,562.622207681974,572.725085397566,572.725085397566,572.089710696045,572.157955746841,571.477501320107,571.269626651891,571.269626651891,662.863366876267,662.863366876267,666.755448857609,667.672344321636,667.661693799947,668.158566145735,674.691024655696,676.413912842294,790.804078136138,800.329494023457,800.904325577935,801.142947569464,801.273588430664,802.988804615435,803.134580962808,803.378982370216,803.528377558097,803.528377558097,804.562225445333,804.562225445333,813.80998989401,813.80998989401,813.914763456781,815.172665284466,818.127643829185,820.148078653494,823.893475565043,946.21654742883,951.556901347549,951.556901347549,15.7662259267717,11.3840169690412,4.5331668559838,9.04160906181965,121.940574527241
2006-08-02,549.673186137988,549.673186137988,549.673186137988,550.488836888487,550.535512888926,550.088054702099,554.77402854377,555.003861912975,554.961839859694,572.748917889024,572.748917889024,575.086208587885,575.086208587885,575.676990320309,575.676990320309,574.404727811419,574.404727811419,574.404727811419,574.592417092168,579.201085266276,579.201085266276,576.828586607518,576.828586607518,575.541166364906,575.537762203166,573.600977678942,573.600977678942,572.695056837818,572.566874015199,574.694978617456,585.13385978375,585.13385978375,584.290738275955,584.709963691707,584.257027004103,583.820086864745,583.820086864745,685.943259112373,685.943259112373,689.615617249029,690.342064153161,689.902667878697,689.967526755896,695.014746054472,695.394612270865,805.748905544921,813.825749600771,813.641190775196,813.506138351715,813.343314132056,814.949182736159,814.637318267835,814.473446321888,814.240963972112,814.240963972112,815.247330483357,815.247330483357,823.767618589061,823.767618589061,823.624338703529,824.148033989205,827.059554190383,828.319779639148,831.333381385269,952.266998073174,957.318656226078,957.318656226078,17.0022410345062,12.1384159542076,4.38367873062137,8.910768660249,121.283074846323
2006-08-03,546.545853527067,546.545853527067,546.545853527067,548.156667972222,548.258375582862,549.651021170538,555.63682259428,556.344187467734,556.948337542133,579.124800648398,579.124800648398,582.775098480426,582.775098480426,584.462472765943,584.462472765943,584.088623257267,584.088623257267,584.088623257267,584.320058575551,590.142246111291,590.142246111291,589.406070574469,589.406070574469,588.149997251987,588.261659300785,586.437730514215,586.437730514215,585.85030082737,585.747062210322,588.528910671617,600.017342816814,600.017342816814,599.046646764714,599.623393009267,598.914129065444,598.222673127159,598.222673127159,705.248909931845,705.248909931845,710.279104683294,710.904453970077,710.525145837969,710.620638226489,716.402456192305,716.684365675368,825.344805226368,833.010926400631,832.561723656164,832.285257714855,832.008794835997,833.540068243142,833.03711919103,832.691948028619,832.283213966837,832.283213966837,833.271130839932,833.271130839932,841.380600965377,841.380600965377,841.109425620414,841.220429021025,844.092157626174,844.88100539737,847.400387865544,967.170211936371,972.001713188675,972.001713188675,19.4844234144573,13.4044425777488,4.29711778074763,8.79779552138367,120.636787586775
2006-08-04,540.805952964694,540.805952964694,540.805952964694,542.94847508418,543.091308918267,545.696559398775,552.807582450879,553.921182178722,555.064214367575,580.766853502859,580.766853502859,586.122863941002,586.122863941002,589.342983304191,589.342983304191,590.153676983066,590.153676983066,590.153676983066,590.474732416504,599.299958999527,599.299958999527,599.780797570046,599.780797570046,598.721459900931,598.765638553817,596.765501036808,596.765501036808,596.076746294673,595.996852087031,598.97258577861,610.894663533767,610.894663533767,609.902400188501,609.982378156366,608.737188257537,608.14283800388,608.14283800388,712.938523914566,712.938523914566,717.791872417172,718.883863394391,718.748842796772,719.102420621431,725.37552833229,726.429672999707,835.365447265173,843.376699023793,843.285786830128,843.182690423586,843.041051630889,844.562260079923,844.262576327216,844.091258241594,843.841610602992,843.841610602992,844.825409619614,844.825409619614,853.064452526484,853.064452526484,852.88875066495,853.242267868827,856.091694520514,857.077987746936,859.733778557887,979.060504941109,983.924189593881,983.924189593881,21.2927800563336,13.7889471715762,4.18872146819782,8.69155139317486,120.013267304177
2006-08-05,526.877812010252,526.877812010252,526.877812010252,529.058569716476,529.216999825595,533.321142938517,539.890833144719,541.034737893457,542.753164047202,569.564844155645,569.564844155645,577.297244793177,577.297244793177,582.133343309175,582.133343309175,585.144011742702,585.144011742702,585.144011742702,585.376789199833,597.581394676861,597.581394676861,601.37337654853,601.37337654853,601.140466537652,601.163143055864,600.459577046468,600.459577046468,600.295458897192,600.303408751916,603.529613597318,616.777552134986,616.777552134986,616.348825829189,616.550605943014,615.780602094514,615.440102754263,615.440102754263,720.428596344535,720.428596344535,724.761461473089,725.895777194921,725.785463476683,726.168769592817,732.46572853522,733.659909622788,843.911705092983,851.862714327369,851.863333209761,851.808812489945,851.707635491812,853.191553893354,852.963205978008,852.857698407079,852.674507319249,852.674507319249,853.651135246761,853.651135246761,861.899362249237,861.899362249237,861.77168141648,862.255033872742,865.079898175274,866.18675225519,868.935619621613,987.839172755525,992.737085649369,992.737085649369,20.8590986399576,14.2165152941207,4.08551654965466,8.58808721772564,119.406567381237
2006-08-06,510.347814289167,510.347814289167,510.347814289167,512.623596241434,512.797712694433,517.855203752039,524.202038378223,525.467913816391,527.513640232056,554.013548398115,554.013548398115,562.871046640314,562.871046640314,568.822375730266,568.822375730266,573.61337621296,573.61337621296,573.61337621296,573.8462891372,588.142309440765,588.142309440765,595.524307422746,595.524307422746,596.079826978834,596.202225808039,596.933786289517,596.933786289517,597.535611142213,597.654945564016,601.163489559586,615.943718797247,615.943718797247,616.372786455178,616.769054861545,616.858531361391,617.052543612741,617.052543612741,723.736037454355,723.736037454355,728.163983294308,729.369593140945,729.33192470198,729.786408154388,736.207630853881,737.59560668244,849.867842295429,857.817652403398,857.926097557807,857.924760281047,857.866403872971,859.31612735158,859.157739055465,859.114171563652,858.991602016548,858.991602016548,859.961459057633,859.961459057633,868.206478793112,868.206478793112,868.12033795459,868.71113471593,871.511741279219,872.712896011623,875.53205213769,993.990492614594,998.902303776141,998.902303776141,19.9118903833129,14.5538945812239,3.98727957366564,8.48600503459572,118.807875128163
2006-08-07,490.99295013735,490.99295013735,490.99295013735,493.436126289576,493.628646638307,499.589929273709,505.844127361871,507.269890973326,509.623526093744,535.483854825696,535.483854825696,544.924433778988,544.924433778988,551.556632712035,551.556632712035,557.591152449476,557.591152449476,557.591152449476,557.844198983834,572.611583841708,572.611583841708,583.123647566952,583.123647566952,584.385402800893,584.595523587918,586.682495427169,586.682495427169,588.025810364453,588.253912888529,591.99934980222,608.263598550859,608.263598550859,609.611308839979,610.234489176678,611.314143116113,612.125576762766,612.125576762766,721.362795437609,721.362795437609,726.162407955637,727.517750556252,727.590010963601,728.152151926144,734.807985996075,736.510759765606,850.612740732789,858.743943820567,859.065678083457,859.168248642631,859.192386875389,860.620716846389,860.593724786047,860.666463863919,860.654923999998,860.654923999998,861.620938514269,861.620938514269,869.942108331259,869.942108331259,869.929734915053,870.720416286807,873.495734607966,874.882352262901,877.853335207857,995.9603946332,1000.91581379757,1000.91581379757,18.8451605695277,14.8073744469904,3.89342325164241,8.38535745379917,118.214293699342
2006-08-08,469.342924188174,469.342924188174,469.342924188174,471.954964606468,472.163784665889,478.96488005424,485.201467685677,486.783484819407,489.420171634166,514.591845642866,514.591845642866,524.380417315447,524.380417315447,531.473103555029,531.473103555029,538.413092410202,538.413092410202,538.413092410202,538.687550876824,553.006989509147,553.006989509147,565.818823009223,565.818823009223,567.633672065591,567.913984281581,571.100005945686,571.100005945686,573.052829456506,573.370750410893,577.280279641897,594.812497561398,594.812497561398,596.938552772458,597.765323224944,599.77044350071,601.157569963266,601.157569963266,713.200123352696,713.200123352696,718.443393541423,719.964782783132,720.15583782224,720.834245544061,727.750168968282,729.808097984389,844.745356531403,853.158846325418,853.760557422308,854.00007108622,854.133203248324,855.550765749932,855.698327436789,855.926957131696,856.064399791915,856.064399791915,857.028427754148,857.028427754148,865.48939118272,865.48939118272,865.577036830281,866.646906053302,869.398234721284,871.053881301629,874.260717104949,992.14557115348,997.177634855567,997.177634855567,17.811895775652,15.005787773553,3.79985484257803,8.28631550425852,117.65772185444
2006-08-09,446.340819319819,446.340819319819,446.340819319819,449.071605600474,449.291343055922,456.684666742679,462.920290629417,464.629793672576,467.495888332252,491.988344366158,491.988344366158,501.964059979302,501.964059979302,509.372725911091,509.372725911091,517.016922825258,517.016922825258,517.016922825258,517.309914909912,530.849353682102,530.849353682102,545.223629067405,545.223629067405,547.434990847004,547.765404128617,551.780947450784,551.780947450784,554.183896141572,554.568200207648,558.568184799383,577.04696301124,577.04696301124,579.791027706713,580.776606365012,583.495033020392,585.353741989647,585.353741989647,700.034807325705,700.034807325705,705.681821052978,707.351763125846,707.649994249513,708.432740519613,715.56927656373,717.953300353681,832.458903823472,841.151692949626,842.034228536818,842.412156286616,842.655547362356,844.063283716286,844.388886835582,844.777461796224,845.068475722354,845.068475722354,846.031058128756,846.031058128756,854.641057022594,854.641057022594,854.833080197597,856.197779549792,858.93121636938,860.876473854895,864.336371348233,982.096554097706,987.215851901282,987.215851901282,16.8789073954103,15.1650800177194,3.70332953405889,8.18699809565005,117.17104069773
2006-08-10,422.977314554698,422.977314554698,422.977314554698,425.75714223567,425.981426508601,433.722201053869,439.918006854044,441.703299389515,444.711425797543,468.500711259585,468.500711259585,478.50081613655,478.50081613655,486.078303924379,486.078303924379,494.172667487234,494.172667487234,494.172667487234,494.480027071238,507.207253321134,507.207253321134,522.613175604505,522.613175604505,525.093721307387,525.4578321479,530.016138325627,530.016138325627,532.73623978596,533.166936008152,537.205726742809,556.372722695047,556.372722695047,559.562274506694,560.661741161435,563.915548649723,566.122916811928,566.122916811928,682.977067053742,682.977067053742,688.940706309761,690.727134745111,691.112631310413,691.97933587613,699.270614668188,701.92259095619,814.907971487326,823.810019081401,824.931251821971,825.427415423626,825.765285248845,827.162586801019,827.641759017399,828.168700428056,828.593255323285,828.593255323285,829.55393045256,829.55393045256,838.283235942962,838.283235942962,838.566873931375,840.190148459557,842.901150392984,845.101079162309,848.782519421464,966.460300047093,971.655379561079,971.655379561079,16.0641648008828,15.276948035212,3.6062958894967,8.08886454112155,116.760027806757
2006-08-11,403.221602952878,403.221602952878,403.221602952878,406.054089820162,406.269299524408,413.672405863749,419.999652323058,421.751480947534,424.616761598165,448.521967169815,448.521967169815,458.092752115446,458.092752115446,465.683350033669,465.683350033669,473.705900396079,473.705900396079,473.705900396079,474.063180777279,486.323800547606,486.323800547606,501.828081262479,501.828081262479,504.216808200255,504.686980480128,509.419315308144,509.419315308144,512.345244476305,512.788911057087,517.072429163524,537.107011150725,537.107011150725,540.472373844021,541.840512892454,545.669718895541,548.060230331018,548.060230331018,671.729976132271,671.729976132271,678.537276624138,680.233859991931,680.494536835826,681.240314434001,688.221138773203,690.509877931403,801.199113964158,809.721339855793,810.714201988582,811.156954472732,811.450640071416,812.800241529655,813.217616382868,813.691722159736,814.071514487913,814.071514487913,815.023375573059,815.023375573059,823.596572775344,823.596572775344,823.856175475362,825.404333167151,828.090991434072,830.212311497035,833.810915704997,951.120735278623,956.267428870639,956.267428870639,16.4283837499173,16.0056292426204,3.51584378001508,7.99371167973379,116.403697032723
2006-08-12,386.078114875834,386.078114875834,386.078114875834,388.934443393755,389.150703811015,396.059349886427,402.851952425333,404.625223591891,407.344581143457,433.309365775995,433.309365775995,442.206629310265,442.206629310265,449.410601634771,449.410601634771,456.636338679417,456.636338679417,456.636338679417,457.05355515416,468.907419247094,468.907419247094,483.561543414768,483.561543414768,485.725850554532,486.219463378035,490.573811496597,490.573811496597,493.301773477332,493.727524149251,498.08603531057,518.761857295062,518.761857295062,522.056298937812,523.395422722271,526.982765660061,529.256655581548,529.256655581548,655.509145119657,655.509145119657,662.587862170971,664.566100172034,664.944082346475,665.794299507901,673.174188126337,675.697597725266,784.360414465158,792.926912547809,794.031684873426,794.52223419045,794.857616315975,796.18464679961,796.66524742112,797.192524348121,797.621893688526,797.621893688526,798.56905809577,798.56905809577,807.133882328519,807.133882328519,807.423795507697,809.041811844328,811.706915276734,813.877422913852,817.49203221808,934.554576738674,939.686125867093,939.686125867093,18.4919256683791,16.8495516873821,3.42066181049807,7.91073739634631,116.078032972659
2006-08-13,371.475582540007,371.475582540007,371.475582540007,374.18706848379,374.395464862618,380.584901812746,387.694348747212,389.440182477068,392.007566948843,419.233631719762,419.233631719762,427.960307644558,427.960307644558,435.046811917533,435.046811917533,441.475009685465,441.475009685465,441.475009685465,441.836164569085,452.923056259839,452.923056259839,466.381696702878,466.381696702878,468.407327054968,468.765857790778,472.731385728626,472.731385728626,475.18800594869,475.588627366458,479.813904863881,501.047588451295,501.047588451295,504.130471389611,505.296647815908,508.572958827571,510.784654281859,510.784654281859,638.480597701046,638.480597701046,644.988004565642,646.957997322337,647.373358901163,648.270502078872,655.712839657534,658.388471387961,765.061142180316,773.659071718552,774.879241876957,775.42668286753,775.807678331924,777.116123206871,777.670544366766,778.263016552574,778.755329753859,778.755329753859,779.698607645838,779.698607645838,788.266454144583,788.266454144583,788.598773326554,790.32728637048,792.97212721994,795.239173425389,798.924575526418,915.806643533578,920.947438308013,920.947438308013,19.673922162555,17.7081569200559,3.32666638395275,7.81210978137243,115.760445868463
2006-08-14,356.718644067221,356.718644067221,356.718644067221,359.13419215452,359.321303604598,365.078984711809,371.620784080643,373.129269017774,375.55982696568,402.76756587984,402.76756587984,411.889135344235,411.889135344235,419.261541693993,419.261541693993,425.682394612879,425.682394612879,425.682394612879,425.97458807556,436.365761421498,436.365761421498,449.402635274985,449.402635274985,451.409914583777,451.71971574123,455.544820765928,455.544820765928,457.90959825266,458.296264766555,462.401769651808,485.0322567255,485.0322567255,487.842916228446,488.881419618809,491.844764263571,493.91314060998,493.91314060998,623.454382675359,623.454382675359,629.511963804703,631.360676508301,631.736769670805,632.5955262707,639.840731011343,642.3972192113,746.972995606074,755.356088509672,756.542326921652,757.075364623757,757.446310116152,758.722155990106,759.264738924245,759.846940855317,760.332358601712,760.332358601712,761.269150236065,761.269150236065,769.736527001971,769.736527001971,770.066627562597,771.779198796422,774.399809722839,776.641047406047,780.284499268839,896.863068058067,901.972307005427,901.972307005427,19.6168355053611,19.4510189909288,3.23654262094574,7.71813878422324,115.436108324067
2006-08-15,350.268947397498,350.268947397498,350.268947397498,352.711186301148,352.877776221002,357.357955410396,364.396690975074,365.739485204074,367.565440570057,401.990749221034,401.990749221034,409.84796977447,409.84796977447,416.823435106331,416.823435106331,420.685444385458,420.685444385458,420.685444385458,421.476285603069,431.990297147075,431.990297147075,441.18088176507,441.18088176507,442.325725417629,442.649344455629,445.196208566272,445.196208566272,447.29935765365,447.62031571961,452.039424191262,477.66040300885,477.66040300885,479.382874235601,480.156964621121,482.153183887731,483.598627940724,483.598627940724,616.191213111865,616.191213111865,622.912124503649,624.831408805148,625.222266736549,626.023047498688,635.001212293548,637.414779729665,745.183486913094,754.960953512131,756.149091321141,757.177149651886,757.693156684834,759.279530505625,759.705208479637,760.194049424469,760.567886689644,760.567886689644,761.732074449975,761.732074449975,771.263939991067,771.263939991067,771.44190356842,772.58640258159,775.741745419327,778.621157119919,783.15291799598,900.480514149415,905.57920280508,905.57920280508,25.7966592568783,23.9018055881871,3.90844932945935,9.09536028531007,117.102620288798
2006-08-16,340.127057277764,340.127057277764,340.127057277764,342.350766587015,342.51856539263,346.745039497615,353.847471165026,355.07469933528,356.884155465984,392.097312621,392.097312621,401.531103836614,401.531103836614,409.496359171633,409.496359171633,413.401326512912,413.401326512912,413.401326512912,413.745834868902,423.660983764504,423.660983764504,432.762306748936,432.762306748936,433.815452367071,434.086223006148,436.478850442242,436.478850442242,438.098210687677,438.374991953738,442.755955190215,479.203047361108,479.203047361108,479.896521467183,480.665038792435,481.683969437464,482.280842010291,482.280842010291,626.17773024258,626.17773024258,630.563677491791,631.824300480609,632.117969087591,632.782670413804,642.813911945564,644.914989664711,753.505017684904,764.084232841908,771.623998383788,781.254727821578,787.730215238443,797.186385592606,797.810330309561,797.72168686873,802.187983894853,802.187983894853,803.575193826997,803.575193826997,837.19866013157,837.19866013157,837.016611560797,834.984890984678,855.582326367216,853.780322225997,853.652517616392,966.265184885198,970.064934751188,970.064934751188,25.5022373982038,36.325013686552,4.48351805234381,34.9206046762486,116.506395130901
2006-08-17,335.192288869922,335.192288869922,335.192288869922,337.270344705161,337.41192473221,340.589636218919,348.587941767437,349.60004210556,350.962458560971,386.081841000725,386.081841000725,395.790225717758,395.790225717758,405.025777940524,405.025777940524,408.797077259003,408.797077259003,408.797077259003,409.125337047288,419.11174943275,419.11174943275,427.546860875884,427.546860875884,428.273309263537,428.567031420484,430.44126130309,430.44126130309,431.853683582746,432.094692170493,436.652434942756,495.433890556681,495.433890556681,494.167856112763,494.519522581251,494.103496495421,493.953337772584,493.953337772584,656.61876266871,656.61876266871,660.731502974821,662.443502400496,662.962583282799,663.231454646952,674.245479606571,675.956004651926,787.461858703525,799.264808136229,800.123541592382,801.101026491192,804.098955867466,814.118597377587,814.715235350526,815.002107241442,815.060999303596,815.060999303596,816.860669953677,816.860669953677,836.469039350054,836.469039350054,837.253874450112,838.543658258322,869.43075205537,871.713011026545,874.64668666772,989.772593211003,994.848755189386,994.848755189386,25.8206244921178,61.4785171486911,5.70153622721882,19.1594740198634,116.443006815215
2006-08-18,328.827234546495,328.827234546495,328.827234546495,330.673085787768,330.805893252513,333.733019722585,341.671155092152,342.529306110019,343.804160738823,376.953843527835,376.953843527835,386.988696018271,386.988696018271,396.62764355469,396.62764355469,400.898077659778,400.898077659778,400.898077659778,401.14040851913,410.993133624108,410.993133624108,419.955885309151,419.955885309151,420.873196464747,421.057257564805,422.845573772766,422.845573772766,424.121497052199,424.366299700165,428.80996391885,517.578751371695,517.578751371695,515.014860309608,514.74866460702,512.109460474911,510.732292696004,510.732292696004,683.497455694274,683.497455694274,685.909867342916,686.533402478752,686.098699911662,686.262146497352,694.505043950253,695.441833344329,803.27689533426,814.069954066286,814.11240114061,814.053528793534,814.177988853479,823.369508308003,823.421619024562,823.430612254327,823.266784941259,823.266784941259,825.01659870095,825.01659870095,838.90877694008,838.90877694008,839.483209906103,840.844925733975,872.341642021945,874.299941961283,877.845357511585,994.012246597745,999.964264637442,999.964264637442,24.2821103125821,92.9943558644387,5.55567763558645,13.9851253773202,116.40601604452
2006-08-19,326.021759951117,326.021759951117,326.021759951117,327.456147014824,327.5601524749,329.565738373717,337.071294163678,337.726394417999,338.727612454797,369.856667158809,369.856667158809,379.393548204928,379.393548204928,388.568285213844,388.568285213844,392.843027410487,392.843027410487,392.843027410487,393.092285920228,403.019772018785,403.019772018785,411.969137830327,411.969137830327,412.957896989078,413.166256367302,415.134982995846,415.134982995846,416.464670550049,416.711829809723,421.087980207151,537.907889279876,537.907889279876,535.556205591241,535.432129269423,532.651546700318,530.966610233419,530.966610233419,730.46372146222,730.46372146222,730.748690011678,730.512491131748,729.650266157762,729.394002776635,735.699018078546,735.208122067922,842.542285267074,851.494951425746,850.535009299656,849.974270978222,849.577651020886,857.521796734764,856.771467794363,856.164754991799,855.436501702768,855.436501702768,857.107223885088,857.107223885088,868.155033644124,868.155033644124,868.190038959097,868.364326273271,896.961683899668,897.728283617219,900.286748925859,1015.96256652347,1022.06676302985,1022.06676302985,23.2872960859391,120.444168559108,5.20756733040706,12.1817318899587,116.933242381045
2006-08-20,325.979369277716,325.979369277716,325.979369277716,326.990004177924,327.068624709208,328.036512002543,334.945371771289,335.395589696623,336.074810608893,364.654174275233,364.654174275233,373.372997573533,373.372997573533,381.534796121909,381.534796121909,385.482943992601,385.482943992601,385.482943992601,385.68773640723,395.3222669007,395.3222669007,404.02922045038,404.02922045038,405.026589744243,405.22186846828,407.131170399603,407.131170399603,408.447613431481,408.694806376225,412.903249250772,546.733022969326,546.733022969326,545.751034145467,545.872390731702,544.31031443352,543.406054098209,543.406054098209,777.317610622852,777.317610622852,777.162408303718,776.774084186227,775.874857078851,775.571699403743,781.19566272957,780.334395547841,889.115005077849,897.160352748673,895.835804310882,895.089373742223,894.493676016846,901.321715636184,900.240104691771,899.3850525794,898.409755292071,898.409755292071,900.016894028159,900.016894028159,909.902482426249,909.902482426249,909.657567726818,909.246327594776,934.202692277078,934.260343545351,936.160790685811,1051.97098057136,1058.30729672329,1058.30729672329,21.9273978925024,135.353687334506,4.90415581238221,11.479354047259,117.853730447758
2006-08-21,327.407546214648,327.407546214648,327.407546214648,328.175430396615,328.23781258056,328.471270860713,334.802919305647,335.087337342677,335.488359850795,361.582355078095,361.582355078095,369.29948500978,369.29948500978,376.320351632043,376.320351632043,379.680502236097,379.680502236097,379.680502236097,379.856791602337,388.979516946847,388.979516946847,396.926910372501,396.926910372501,397.840135964803,398.02545203154,399.788528382486,399.788528382486,401.026621073387,401.260338696246,405.255961677453,544.529481085222,544.529481085222,545.07511228892,545.577435146654,545.643778845688,545.749478885403,545.749478885403,820.352947171047,820.352947171047,820.447913953949,820.119217967499,819.29486672636,819.060404984952,824.470442548889,823.722410205164,934.770196747908,942.484016742292,941.188409707964,940.452890644299,939.837512830613,945.77158073234,944.657393008254,943.791848842618,942.798060347616,942.798060347616,944.348343854643,944.348343854643,953.879740506888,953.879740506888,953.544037031131,953.0407362942,974.532598277739,974.395000952112,976.10661726126,1092.72469862569,1099.42415597244,1099.42415597244,20.6236154309227,138.728217865297,4.66755102013397,11.1793592617946,118.898523228777
2006-08-22,328.520037101593,328.520037101593,328.520037101593,329.244834794185,329.305703968652,329.357676809108,335.275686557121,335.497144924819,335.775712261485,359.794428568807,359.794428568807,366.651991936081,366.651991936081,372.668254587105,372.668254587105,375.44277002675,375.44277002675,375.44277002675,375.598028589754,384.117508699959,384.117508699959,391.089047382122,391.089047382122,391.858838416837,392.026554170382,393.539117369982,393.539117369982,394.641417389035,394.853085182084,398.615358973484,534.920028530763,534.920028530763,536.56353258367,537.344735383098,538.70937795751,539.653863539196,539.653863539196,854.153517797656,854.153517797656,855.061044274965,855.000448101508,854.355313842013,854.292468602916,859.87111989455,859.600120801644,972.981668491317,980.808721867101,979.821344035815,979.235656533337,978.72373563337,983.973258788131,983.013497751281,982.305759026235,981.45928947937,981.45928947937,982.966427532194,982.966427532194,992.559277300765,992.559277300765,992.264973397779,992.0082746165,1010.50357730629,1010.54792945605,1012.42691459405,1130.23450772053,1137.33423761574,1137.33423761574,19.4218485965452,134.381015862271,4.47368835371623,11.0172472328364,119.863418780521
2006-08-23,328.778418640685,328.778418640685,328.778418640685,329.539474712494,329.604309534701,329.801259065242,335.43965963222,335.671762760039,335.956662912573,358.33829153079,358.33829153079,364.590755438104,364.590755438104,369.867125813449,369.867125813449,372.240215498755,372.240215498755,372.240215498755,372.382342954352,380.339101119414,380.339101119414,386.441954094631,386.441954094631,387.067423045004,387.217027697076,388.457300737335,388.457300737335,389.407193194222,389.594296545585,393.12612628471,521.721930747487,521.721930747487,523.946151625698,524.872061008918,526.997848132063,528.455341504473,528.455341504473,875.466695205437,875.466695205437,877.504200832252,877.837039228904,877.432893954626,877.602816952611,883.595333238667,884.03146259855,999.164243704906,1007.40925970118,1006.91357288658,1006.56920535796,1006.24198059642,1010.97018677727,1010.29940179767,1009.86091036741,1009.27042197257,1009.27042197257,1010.74056948236,1010.74056948236,1020.60405449641,1020.60405449641,1020.43869719307,1020.65055881395,1036.64627700747,1037.13050472999,1039.42384476111,1158.54816983948,1166.018218379,1166.018218379,18.3301705887942,125.994864858059,4.30263069346292,10.8818498962029,120.666252284492
2006-08-24,328.817902225464,328.817902225464,328.817902225464,329.569975824173,329.634625893083,329.932609955509,335.336313967165,335.582297294003,335.893065621898,356.974008785875,356.974008785875,362.769666386071,362.769666386071,367.493359807564,367.493359807564,369.620925222812,369.620925222812,369.620925222812,369.755680132643,377.232330525743,377.232330525743,382.687823705576,382.687823705576,383.20021048721,383.335576405522,384.347291699058,384.347291699058,385.164588045353,385.329955568579,388.653595587658,507.578547639374,507.578547639374,509.996983823955,510.967316125994,513.407418605526,515.09106401566,515.09106401566,883.538822912489,883.538822912489,886.777940326377,887.539017421326,887.390512269194,887.807598956549,894.30513278451,895.524350466129,1011.40436914596,1020.1964566277,1020.26621284959,1020.20075019549,1020.0928408518,1024.42323006551,1024.1001871648,1023.98003810939,1023.693541369,1023.693541369,1025.13339850823,1025.13339850823,1035.33256603515,1035.33256603515,1035.33941349942,1036.12171945468,1050.07395483508,1051.12575523917,1053.95161120893,1174.39941445071,1182.16659059903,1182.16659059903,17.4241586647178,116.131212209336,4.140996657363,10.7283860684754,121.301888056665
2006-08-25,328.07070454118,328.07070454118,328.07070454118,328.867133703165,328.935606916957,329.44747744782,334.677478280042,334.959913701491,335.330648046547,355.382600759655,355.382600759655,360.857986304444,360.857986304444,365.19085732489,365.19085732489,367.203411064928,367.203411064928,367.203411064928,367.335188979138,374.435692706417,374.435692706417,379.471262757841,379.471262757841,379.912638625982,380.039118968719,380.895392071547,380.895392071547,381.618050369669,381.767310084623,384.918606146035,493.912461996789,493.912461996789,496.299020464972,497.253583190415,499.726734770218,501.448926200555,501.448926200555,879.602412415086,879.602412415086,883.932451108304,885.087680271646,885.173298037651,885.815868646674,892.789006432941,894.73682219109,1010.23699930957,1019.55439354757,1020.16834356814,1020.37240593497,1020.47854688635,1024.49137161855,1024.51039158936,1024.7024513886,1024.71511225893,1024.71511225893,1026.12723675479,1026.12723675479,1036.63061868467,1036.63061868467,1036.81482161849,1038.16150245143,1050.45374171576,1052.08247159562,1055.44834344903,1177.07672562251,1185.05059836305,1185.05059836305,16.6438201372299,106.27334944915,3.98467892411418,10.5476629082688,121.767246162536
2006-08-26,328.5337373809,328.5337373809,328.5337373809,329.398191915351,329.462561776159,329.890024417788,335.143979715048,335.392730364976,335.683857447821,355.211309720187,355.211309720187,360.270953575082,360.270953575082,364.236598306059,364.236598306059,365.878378415356,365.878378415356,365.878378415356,366.030633952566,372.871577767747,372.871577767747,377.373112040217,377.373112040217,377.695433621915,377.87936943589,378.557345396228,378.557345396228,379.145573984002,379.272035078963,382.25890667744,482.644013122275,482.644013122275,484.803336813566,485.77857163286,488.086610386655,489.62985865734,489.62985865734,868.490966749166,868.490966749166,873.497037489046,874.892796559392,875.128749051529,875.913868091489,883.132897109493,885.558004965744,999.596113900381,1009.21733997641,1010.22607286958,1010.62759469713,1010.89144448752,1014.63875364926,1014.91285863372,1015.33909460409,1015.57803607952,1015.57803607952,1016.96570012762,1016.96570012762,1027.63982957223,1027.63982957223,1027.9579197639,1029.72881350304,1040.67835271082,1042.75210198655,1046.53012456287,1168.99406580711,1177.04418708923,1177.04418708923,16.4161153259771,98.0307531940821,3.83737769806829,10.3476869461535,122.020446466978
2006-08-27,326.74414435429,326.74414435429,326.74414435429,327.659395233978,327.7368468411,328.556453784891,333.768620094534,334.103097635516,334.54051049313,353.783158751736,353.783158751736,358.859968392276,358.859968392276,362.706497128919,362.706497128919,364.358950389144,364.358950389144,364.358950389144,364.492587173009,371.102286887936,371.102286887936,375.350504892211,375.350504892211,375.642529553401,375.772180194516,376.336984918354,376.336984918354,376.883379406534,377.00275168338,379.870269028128,472.570316636336,472.570316636336,474.478945399297,475.315357894628,477.338623575053,478.786999977181,478.786999977181,850.006851183457,850.006851183457,855.649165776495,857.284959644431,857.66550817301,858.585435832955,866.043014672234,868.897666903574,980.870268545083,990.717905533554,992.059202905441,992.626560127826,993.022970608402,996.543602235584,997.031616247134,997.654431106054,998.081569336399,998.081569336399,999.444925942882,999.444925942882,1010.2150969847,1010.2150969847,1010.64360723437,1012.75501447438,1022.608738118,1025.04173106112,1029.14389718833,1152.05965743432,1160.11449720394,1160.11449720394,16.1456284133976,90.6496397509063,3.69134081154883,10.1365735129991,121.989180151389
2006-08-28,330.646299519822,330.646299519822,330.646299519822,331.443763496653,331.504300523532,331.344314697138,337.066122681008,337.39967042817,337.593622421709,358.494522338985,358.494522338985,362.869349002287,362.869349002287,366.370148823098,366.370148823098,367.093058541158,367.093058541158,367.093058541158,367.305294490518,374.132629644994,374.132629644994,377.120722995134,377.120722995134,377.019181908643,377.231394569694,377.432110305572,377.432110305572,377.921663215545,378.010181111142,381.080543597327,469.143689968804,469.143689968804,470.460689926949,471.433595632728,473.194404326989,474.287572757888,474.287572757888,841.77425376851,841.77425376851,848.274225627575,849.896466760124,850.09752049807,850.825721855015,857.784922366363,860.06073330567,969.55464853286,978.675333158441,979.767577620624,980.218909386751,980.527700688273,983.800325791256,984.159611634016,984.674637397755,985.004346716511,985.004346716511,986.333364485299,986.333364485299,996.756995928535,996.756995928535,997.112499218189,999.024232384472,1007.96934340126,1010.22189842301,1014.13865560474,1136.59702529652,1144.42350099388,1144.42350099388,18.1690245417337,86.8933674446065,3.5538249661653,9.93078567495645,121.607153133719
2006-08-29,338.226840096575,338.226840096575,338.226840096575,338.722785896331,338.748697475249,337.351797539151,342.855494886838,342.90423636582,342.69327721346,365.244329422975,365.244329422975,369.736247890941,369.736247890941,373.122143685725,373.122143685725,372.775177144767,372.775177144767,372.775177144767,372.985844358455,380.136858367121,380.136858367121,381.486740002144,381.486740002144,381.085273406284,381.213757875368,380.756711059137,380.756711059137,380.89664209106,380.948228695784,384.1150059774,470.001442368337,470.001442368337,470.611228628297,471.370655035542,472.492057194939,473.332011828401,473.332011828401,833.931821656591,833.931821656591,841.140905192962,843.210126019075,843.406756511141,844.117111024278,851.583029053637,853.725158885429,962.719746115972,971.421174629987,972.379841474715,972.851828315417,973.134849947085,976.257905630947,976.503372679454,976.909807631985,977.140116405092,977.140116405092,978.450910622672,978.450910622672,988.504715225765,988.504715225765,988.767010874829,990.398380707741,998.594562008242,1000.5600848305,1004.1713382263,1125.62634676326,1133.15107204796,1133.15107204796,20.172044565116,85.703383503449,3.49721594792115,9.74383798038508,120.846647715238
2006-08-30,345.979798439508,345.979798439508,345.979798439508,346.199086656747,346.210536780898,344.16054227797,349.200077658905,349.024007130839,348.555363322118,371.356588600769,371.356588600769,376.198969264652,376.198969264652,379.553715329244,379.553715329244,378.819891166154,378.819891166154,378.819891166154,378.925500900383,386.088842079444,386.088842079444,386.581837404079,386.581837404079,386.044340743492,386.097448687305,385.125444284369,385.125444284369,384.86558495107,384.878100271889,387.870192136723,473.866386735744,473.866386735744,473.816316767213,474.255033568833,474.235890097106,474.451529882247,474.451529882247,819.896203917873,819.896203917873,826.24913608931,828.075698934258,828.414666162243,829.276139748121,836.722506988743,839.300677569594,949.429065822789,958.233896472586,959.343821010877,959.803871007027,960.121885266391,963.105476823486,963.470569185249,963.982679593373,964.308846033896,964.308846033896,965.598959016068,965.598959016068,975.631924309617,975.631924309617,975.951895532848,977.732479065178,985.309888654652,987.409939796245,991.100551082431,1111.61208526411,1118.98911389568,1118.98911389568,20.7002460876006,86.6840837816723,3.42432513463234,9.55746093102534,119.732649324493
2006-08-31,352.817553351858,352.817553351858,352.817553351858,353.041830576408,353.057685502339,351.007403478571,355.820075084136,355.592959234439,355.041976007238,377.479979170243,377.479979170243,382.412508922762,382.412508922762,385.784802621917,385.784802621917,385.018589394411,385.018589394411,385.018589394411,385.091329711178,392.301713616154,392.301713616154,392.369042300091,392.369042300091,391.737775468786,391.789083000374,390.561933460182,390.561933460182,390.131831046158,390.116174651259,392.95506861045,481.421408908539,481.421408908539,480.790406725655,481.042934228034,480.303798645717,480.044079882662,480.044079882662,815.064994712218,815.064994712218,820.213419139817,821.646275440983,821.817690470284,822.514295230861,829.326987088809,831.413570573817,943.715962591245,951.856295991225,952.687702406014,953.015562001726,953.231885552176,956.042515276599,956.25490137168,956.632446603296,956.837209297025,956.837209297025,958.099063773985,958.099063773985,967.786540586873,967.786540586873,968.020826451827,969.549325746087,976.600597456361,978.455848707051,981.890896097661,1100.83103594676,1107.94193131501,1107.94193131501,20.5496065068832,89.8863769099036,3.34165004021237,9.39556796079623,118.337023807453
